  0.00000026144597812  0.00000026545145591  0.00000026809492435  0.00000027104340176
  0.00000027408477621  0.00000027713535589  0.00000028012145670  0.00000028313522327
  0.00000028602601525  0.00000028914950673  0.00000029169727352  0.00000029494796891
  0.00000029890049861  0.00000030260348731  0.00000030648290480  0.00000031045968781
  0.00000031467343326  0.00000031941297903  0.00000032459907932  0.00000032935319092
  0.00000033387121311  0.00000033833971417  0.00000034294030596  0.00000034793348605
  0.00000035324749229  0.00000035877395824  0.00000036516591439  0.00000037138194993
  0.00000037758037199  0.00000038411436784  0.00000039098561291  0.00000039796204769
  0.00000040485468137  0.00000041125006943  0.00000041621684830  0.00000042058477448
  0.00000042507772912  0.00000042997409132  0.00000043583165932  0.00000044314813233
  0.00000045167775248  0.00000046041197477  0.00000046824805966  0.00000047640111609
  0.00000048417185043  0.00000049105235970  0.00000049945040733  0.00000050767102172
  0.00000051641434764  0.00000052599372716  0.00000053637749064  0.00000054724803131
  0.00000055888042897  0.00000057148300428  0.00000058472036283  0.00000059950245393
  0.00000061492907539  0.00000063136339517  0.00000064793690135  0.00000066404984882
  0.00000067971045549  0.00000069547730312  0.00000071162431396  0.00000072799505674
  0.00000074620308830  0.00000076706042038  0.00000079078735333  0.00000081709278517
  0.00000084351548927  0.00000086879881585  0.00000089481486004  0.00000092340442561
  0.00000095802443569  0.00000099903998950  0.00000104219127560  0.00000108613882503
  0.00000113293121366  0.00000118494275327  0.00000124018764298  0.00000129953755357
  0.00000136584764084  0.00000144140833134  0.00000152230776155  0.00000160601958291
  0.00000169676595405  0.00000180512338966  0.00000192904149160  0.00000207248970914
  0.00000228369454389  0.00000260746582895  0.00000308341649678  0.00000365162012960
  0.00000459819941498  0.00000768250333409  0.00012838011687140  1.00000000000000000
  0.00000288309361755  0.00000290977853045  0.00000292787870266  0.00000294583383216
  0.00000296444242452  0.00000298170081345  0.00000299489526840  0.00000300797943460
  0.00000302689473914  0.00000304359285140  0.00000306237754683  0.00000309209416282
  0.00000313470072493  0.00000317587122429  0.00000321593118860  0.00000325591641232
  0.00000329612826539  0.00000333544067111  0.00000337762709925  0.00000341835680480
  0.00000345771309874  0.00000349720738776  0.00000353956003189  0.00000358564267784
  0.00000363254390405  0.00000367994897955  0.00000373101252428  0.00000378593403041
  0.00000383473011542  0.00000387873820881  0.00000392311785357  0.00000396654757975
  0.00000402034819713  0.00000408024490268  0.00000414255839021  0.00000420527458154
  0.00000426745823595  0.00000433065312063  0.00000439588215270  0.00000445993492702
  0.00000452771633878  0.00000460038907030  0.00000467825841881  0.00000476450161298
  0.00000485583086722  0.00000494589489759  0.00000503276360837  0.00000511949269590
  0.00000520746597718  0.00000529686334636  0.00000538444813887  0.00000547034352826
  0.00000556021998669  0.00000565888662343  0.00000576744263567  0.00000588955144154
  0.00000602950536425  0.00000617721367807  0.00000632083630801  0.00000645610893734
  0.00000659713134006  0.00000676370692772  0.00000698270517580  0.00000721130011645
  0.00000743359457110  0.00000764806010946  0.00000786785287288  0.00000812067136428
  0.00000840747212920  0.00000872859706717  0.00000907522562916  0.00000943585967376
  0.00000982230489197  0.00001027059824906  0.00001074156909670  0.00001123665335395
  0.00001178420646475  0.00001251188614055  0.00001332824100451  0.00001409140302638
  0.00001476727516488  0.00001538612269621  0.00001594334757736  0.00001645620768815
  0.00001710430285921  0.00001771165066922  0.00001831608309395  0.00001902139238741
  0.00001982512667821  0.00002074989093466  0.00002207200593535  0.00002425630967822
  0.00002760828711916  0.00003883368745963  0.00013767503216800  1.00000000000000000
  0.00000015853352367  0.00000020365748768  0.00000022072884058  0.00000023405465770
  0.00000024792085642  0.00000026385516190  0.00000028647372198  0.00000031504145385
  0.00000034319941498  0.00000036983271621  0.00000039734795093  0.00000042787935973
  0.00000045810226309  0.00000048950783034  0.00000052365640129  0.00000055898566821
  0.00000059241820839  0.00000062424138731  0.00000065815590390  0.00000069408028020
  0.00000073141957844  0.00000077758047654  0.00000084066917413  0.00000092004443446
  0.00000098351690402  0.00000104604521103  0.00000110387479917  0.00000116875973109
  0.00000123426797130  0.00000130286302304  0.00000136669969900  0.00000142610695021
  0.00000148463776654  0.00000154524453128  0.00000160500682387  0.00000166480434796
  0.00000173057950676  0.00000180476112892  0.00000188224818683  0.00000196134999947
  0.00000204430207994  0.00000212705457957  0.00000220876731398  0.00000228980027877
  0.00000236706775126  0.00000246643382857  0.00000258526472916  0.00000271153742673
  0.00000283983797141  0.00000297095616075  0.00000310161180588  0.00000322409046716
  0.00000335283824343  0.00000348074826964  0.00000360086359852  0.00000373275344012
  0.00000387080160612  0.00000401998849244  0.00000417829650359  0.00000433859532295
  0.00000449539795102  0.00000465596945981  0.00000482417708664  0.00000500895815748
  0.00000521161070984  0.00000542492754845  0.00000564770322612  0.00000588310082132
  0.00000612588301595  0.00000639466361593  0.00000672548240754  0.00000711792926256
  0.00000749909860511  0.00000785595330248  0.00000817648411788  0.00000850247824452
  0.00000885672110482  0.00000922014353549  0.00000964569393268  0.00001013676543362
  0.00001067509037833  0.00001113386394434  0.00001154429384740  0.00001200341175737
  0.00001254069888782  0.00001307183836855  0.00001351100709147  0.00001370776801404
  0.00001460288700680  0.00001622392726552  0.00001808574419828  0.00002016761403020
  0.00002262743192667  0.00002511807467179  0.00002686877237556  1.00000000000000000
  0.00198337195354333  0.02844720175858071  0.03921915159718932  0.05023488892536156
  0.06146344411243196  0.07067239187515841  0.07921738710779910  0.08868592492872916
  0.10525615668932681  0.12609081352719859  0.14628345485476640  0.16901550164445775
  0.19293132136110613  0.21526392927862806  0.23265440660531045  0.25087598660091609
  0.27231354531795526  0.29172236567502624  0.30469715454934937  0.31315277954185605
  0.31874277245356653  0.32429150670772083  0.33191703518647464  0.34174342962288706
  0.35135256647697438  0.36127527486790012  0.37143461203862421  0.38120406385200201
  0.39112927263438352  0.39964243302583069  0.40833052937802972  0.41698169716844963
  0.42477912002474283  0.43260167689274553  0.44080865424066423  0.44932898970706314
  0.45758213695567185  0.46544878422824065  0.47244944506753167  0.47949223861002538
  0.48754719066853108  0.49609583788769601  0.50477936025196135  0.51348097779357904
  0.52202031723083375  0.53070820562698462  0.53922764461728767  0.54680779812150171
  0.55345684058649669  0.55986124656493730  0.56652141725256355  0.57371165092568022
  0.58144379028925663  0.59014911023630290  0.59957941340022536  0.60986187454053531
  0.62098905167920437  0.63257232611854486  0.64400314609390463  0.65312391856299334
  0.66214947102481714  0.67200705252526438  0.68157068804913956  0.69096001363318404
  0.70050246787682979  0.71038928351616737  0.71975682942625252  0.72855725145233974
  0.73743788765943241  0.74711309054952724  0.75828359669056333  0.77046787434102504
  0.78420534591638091  0.80261231166525915  0.82877111433772854  0.83720770402661093
  0.84399012302684973  0.85126844311265593  0.85978046551762066  0.86784821533004275
  0.87533071718412991  0.88308888389427465  0.89170000438818553  0.90202227154116399
  0.91335415955642651  0.92486137061938334  0.93694516159094865  0.94836126680018040
  0.95710547038454130  0.96349610409886166  0.96968945220313663  0.97562817156284964
  0.98143615566881137  0.98732084905619899  0.99360440778274117  1.00000000000000000
 -0.00173018274448023  0.00717607644823743  0.01622558613226791  0.02456428261251980
  0.03332409611942191  0.04248597129729731  0.05169962609331811  0.06173118407072752
  0.07312523269365519  0.08538771709537699  0.10101652615779194  0.11818234744206696
  0.13343262279163964  0.15043494453783887  0.16590258844208733  0.17731258941209352
  0.18906223642064859  0.20054543836446281  0.21090216216257715  0.22158817955622720
  0.23111530102605785  0.23952159181802576  0.24793883243730686  0.25615306159282203
  0.26389836401417321  0.27149989543710484  0.27922413502655408  0.28724260574024912
  0.29614044874202333  0.30579613033324626  0.31638681286631537  0.32887743418226972
  0.34193409437400507  0.35539250431373975  0.36895567698542875  0.38221869816731247
  0.39494857989189053  0.40744560667510377  0.41993241537025705  0.43154161785816658
  0.44016778464969536  0.44631760978327983  0.45237545210626501  0.45891913509024357
  0.46576188878959557  0.47250134652544429  0.47983498814075559  0.48736454807392199
  0.49456135434920923  0.50213372536883993  0.51369900403184132  0.52741613709242030
  0.54126575738785931  0.55497115417507470  0.56833886700151515  0.58060808025495414
  0.59343619380295842  0.60629202708175922  0.61933557927653093  0.63439060694396932
  0.64315639869050401  0.65093578408084718  0.65927685901598421  0.66801571602107912
  0.67636146364840322  0.68447684924635632  0.69240121031125457  0.69981952439974626
  0.70871136190243733  0.71849293795646507  0.72751759244141045  0.73641796833856754
  0.74539737806954842  0.75468833590445228  0.76344879538029797  0.77202678982927053
  0.78052955984460159  0.78921221781954087  0.79982898171340455  0.81256043564239433
  0.82581454364347096  0.83952498665932418  0.85322742590478584  0.86602339542611873
  0.87859162366894383  0.89060429589165391  0.90252031814834632  0.91444084434978234
  0.92651291774816702  0.93673293599634788  0.94604712281397441  0.95548743156694238
  0.96414690954366278  0.97494075917398548  0.98740397520763612  1.00000000000000000
 -0.00870615571034297  0.00759721593873217  0.05668494343324857  0.09942654506633884
  0.11508501457228321  0.13918726833713838  0.16180604906735765  0.18817151950982061
  0.22005742458506250  0.24900586493459517  0.27501312017120266  0.29781388089531002
  0.31813156616176902  0.33629712016501889  0.35315393302365100  0.36922243674147925
  0.38435586778380121  0.40055034435730053  0.41575198035426825  0.42852563329969795
  0.44002063945710851  0.45024128948632314  0.45941284565126672  0.46837043721736904
  0.47729482401230500  0.48800021106509639  0.49478870256895074  0.50228864334130030
  0.51070808916516308  0.51781089930920365  0.52562208311353298  0.53363328656774234
  0.54202181380812309  0.55032765467596101  0.55815010977022994  0.56540741510882497
  0.57263361552238878  0.57931457773399564  0.58658235293115157  0.59447088977178408
  0.60301778333918077  0.61188119883962655  0.62058297629064130  0.62863001354673220
  0.63613550008158293  0.64373311757618001  0.65157389350261719  0.65883318911784539
  0.66576844342494967  0.67236402395161798  0.67885120577191604  0.68525060788233072
  0.69141903517566439  0.69746393346386271  0.70345778607986953  0.70938963201189664
  0.71554086218762414  0.72106877935270119  0.72615522946459921  0.73143166111803826
  0.73769834765373576  0.74428907219517004  0.75111813073954581  0.75795591848274702
  0.76473466685443425  0.77134703521987658  0.77979104233176033  0.78910630531621628
  0.79823144515585487  0.80808433437698768  0.81931980820906836  0.83144785919610764
  0.84285124865861538  0.85468980312406440  0.86507422720146798  0.87179808737571907
  0.87728607340726350  0.88196758513013385  0.88696466467122514  0.89253932434232985
  0.89765457890607825  0.90311796411807144  0.90899335904231238  0.91478125161194679
  0.92062449275862757  0.92622172095434063  0.93124037877400168  0.93597778014273414
  0.94225358577840390  0.95046238402733962  0.95978502265570897  0.96806640019787771
  0.97622014232121990  0.98431599027775785  0.99224265036363479  1.00000000000000000
 -0.00105365376704819  0.00221265006846479  0.00547895390397777  0.00874525773949076
  0.01157391048110756  0.01435181369880562  0.01916282096562812  0.02922212230025324
  0.04111372310656965  0.05162589849124803  0.06345009032876599  0.08244365972526768
  0.10059940816871282  0.11476599715327349  0.12760457197756997  0.13977838718326660
  0.15133918910729835  0.16292611231103021  0.17462714334096763  0.18612894993827450
  0.19690540504655998  0.21124406496972337  0.22527300212602977  0.23599827362479109
  0.24472912977856745  0.25363169659132001  0.26277217107099454  0.27215731602257753
  0.28108514968814347  0.28986053752868701  0.30303905441522661  0.31645815639256342
  0.32884131235630448  0.34166382159654429  0.35505858931412648  0.36811750502926399
  0.38147236763158826  0.39583129811808687  0.41012402676543636  0.42522203986682905
  0.44095478616795608  0.45733886391041184  0.47352303846206911  0.48564719297257575
  0.49450733473560671  0.50366570967382240  0.51208745752531526  0.52051093547099592
  0.52888960974358468  0.53691813374435260  0.54476401569987676  0.55232874353471517
  0.55918771835517012  0.57053329187961643  0.58314139259395892  0.59439210678826215
  0.60552514904343469  0.61570783444942756  0.62506738049914035  0.63416296992347709
  0.64272429568385836  0.65167820815434074  0.66258306541220557  0.67617960230346608
  0.69307502412135713  0.70631070294322829  0.71546705430031121  0.72480586124402380
  0.73312132514137585  0.73936099858123094  0.74487839271173251  0.75048669004303781
  0.75684996204617816  0.76457350037920624  0.77234453306052231  0.78097893068099911
  0.79018892762630355  0.79934773502377343  0.80892017075819345  0.82259954240997335
  0.84175865594474375  0.85741687407507572  0.87162080635929395  0.88551693171984225
  0.89745035675371632  0.90861724062930760  0.92027401744254345  0.93165089298714021
  0.94172792563426422  0.95315792652312836  0.96180537901870222  0.96932895557354137
  0.97783750136624770  0.98516744010513979  0.99233642749972339  1.00000000000000000
 -0.00034804015291550  0.00216100911522455  0.00497424517169982  0.00779583922710855
  0.01060704522140135  0.01306177866562586  0.01532354218007811  0.01754230568859874
  0.02200819368330790  0.03242587583464327  0.04263506615300880  0.05074784693222144
  0.05903998815291769  0.06816542986876585  0.07832521509544027  0.08893323063409157
  0.09856555235955430  0.10783903490128444  0.11575481128984995  0.12374621946638624
  0.13142990573026356  0.13945195618045458  0.14777346575803965  0.15539686878964212
  0.16221732753569454  0.17009050795662597  0.18026984865799187  0.19117040656962095
  0.20264820011497570  0.21334387456951837  0.22199557409748399  0.23095745945304508
  0.24142484835005609  0.25378536987698036  0.26827503909989925  0.28201349457432112
  0.29438181251296980  0.30506830317569383  0.31403720904594634  0.32171727072441475
  0.33016716196385776  0.33915189574361776  0.34780940524245879  0.35663529318411846
  0.36520970163638394  0.37516106011793238  0.38894438905438455  0.40573212687368709
  0.42213548958104602  0.43424331967618235  0.44364901382694816  0.45209532915063916
  0.46133166274422044  0.47053338169238224  0.47888628232092217  0.48774432644234084
  0.49667252228128050  0.50890144481510136  0.52394547206772790  0.53940182012318083
  0.55481549385203544  0.57099205228696337  0.58863040613093742  0.60785967073748259
  0.62602991889807369  0.64324856811939457  0.65912593822225207  0.67448120643466170
  0.68855530618144734  0.70130855560667704  0.71382749584393623  0.72531741323190735
  0.73532141088507530  0.74521880213252978  0.75620389150155043  0.76671117427411406
  0.77630929501848156  0.78501820320838467  0.79447662927222851  0.80552626653752846
  0.81704252850105397  0.82678596759314438  0.83688307238911452  0.84742849410075127
  0.85907876560113816  0.86994570270276239  0.88070424597520336  0.89261650184743735
  0.90724852807187484  0.92496011968666247  0.94402284131913805  0.95975756305477355
  0.97115844060651113  0.98123257118020035  0.99045647783669943  1.00000000000000000
  0.71410392920985322  0.72140688064192882  0.72777661429249119  0.73456501465421309
  0.74157170685207474  0.74761720929826614  0.75345092386048584  0.75998318693647871
  0.76588475556898983  0.77201528697748412  0.77957244624353472  0.78713058258458657
  0.79401162720193919  0.80072151746930642  0.80706680689111088  0.81301046140057565
  0.81816916233837489  0.82275342209540814  0.82691143357342589  0.83090177491716266
  0.83464527737980998  0.83806915302940632  0.84134458257459788  0.84459339089194352
  0.84786282107225408  0.85107103946351548  0.85402366162689924  0.85677506934155667
  0.85968797664575258  0.86273582852115915  0.86559187552908501  0.86830522360285534
  0.87044493271751233  0.87250863361012732  0.87451385375194490  0.87664868097306936
  0.87899873934690165  0.88140315998082075  0.88371662110156968  0.88589139208396139
  0.88791470498235892  0.88969950157447752  0.89144837257017207  0.89315346215701452
  0.89512484762184608  0.89731323700366106  0.89956407675969730  0.90174296276431720
  0.90365951061364735  0.90557535027169589  0.90748273239359611  0.90938411203975422
  0.91132428069106763  0.91318187607248757  0.91511569033826168  0.91693778642905421
  0.91859891104992775  0.92014013104706782  0.92151975517495766  0.92289213498878753
  0.92420870309235648  0.92564073834497640  0.92720360338791463  0.92874190357625963
  0.93036143163881202  0.93213001704450382  0.93380253383889000  0.93536875532363872
  0.93690820607728398  0.93847931681773455  0.94004638599490997  0.94170341702928451
  0.94352731610051577  0.94558028636742852  0.94754977637177651  0.94951625954215846
  0.95125571332828418  0.95293473698769238  0.95465807445693063  0.95640578825229405
  0.95820618157270765  0.95990708477253972  0.96154532797436754  0.96309571407772465
  0.96457450717109150  0.96604869480584354  0.96759163764967260  0.96935849471180657
  0.97130821539345291  0.97283547774483004  0.97489962692009713  0.97834253734421672
  0.98244202888961984  0.98777782323028807  0.99311361757095640  1.00000000000000000
  0.27853165712810263  0.27887109141227084  0.27921052569643900  0.27954995998060717
  0.27988939426477538  0.28019927892956425  0.28050102020530854  0.28080276148105282
  0.28166288333263112  0.28329783424051674  0.28498061895904170  0.28667511440260912
  0.28876610363631372  0.29100164785279548  0.29323069967563298  0.29652524485227061
  0.30126056624961722  0.30638090331335271  0.31202522418015038  0.31843449516510924
  0.32399198020967285  0.32954869488752048  0.33539443809850916  0.34153412271500344
  0.34762570044235647  0.35352437734492476  0.35910215870331935  0.36426062867235759
  0.36907334294286365  0.37395441020139053  0.37929125679475495  0.38494608796970836
  0.39020768888342050  0.39512063584548929  0.39999287566776243  0.40503738798008837
  0.41004586190885867  0.41493894722526042  0.42030676854499271  0.42582233350913457
  0.43081055221852488  0.43554150988717277  0.44022165744838793  0.44514816654170669
  0.45053813107874086  0.45600264006140556  0.46099107479029294  0.46562373527328788
  0.47005249391766352  0.47459211475741037  0.47934571324518782  0.48446538004799544
  0.49015702216761570  0.49591697751229485  0.50132976840609811  0.50668590776051847
  0.51223319952606827  0.51786860614408992  0.52291589769831959  0.52747067158321881
  0.53231182458441262  0.53692108138070982  0.54146965081079323  0.54577950507656847
  0.55032411680636839  0.55506615828030248  0.55944149316321679  0.56368126956218589
  0.56771547531044420  0.57132738869900401  0.57484444513662447  0.57874523151454627
  0.58270457325583014  0.58742000483588575  0.59238833502133992  0.59708194416721927
  0.60182805672753659  0.60699885987301128  0.61254326153259109  0.61796581940773399
  0.62301672682684706  0.62843189685394529  0.63420814076837284  0.64018385689297796
  0.64709425301400236  0.65615397904461836  0.66813297506775382  0.67267917854062664
  0.67917148426019380  0.68649023584566948  0.69446974603382261  0.70164623594816833
  0.70761423987216843  0.71563062367988284  0.73292458163995022  1.00000000000000000
   1.5019486777363461E-011  -1.0000000000000000     
  <DiscreteSampler_grid>
  Helicity
  1 # 1 for a reference and 2 for a running grid.
  20 # Attribute 'min_bin_probing_points' of the grid.
  1 # Attribute 'grid_mode' of the grid. 1=='default',2=='initialization'
  0.0000000000000000 # Attribute 'small_contrib_threshold' of the grid.
  0.5000000000000000 # Attribute 'damping_power' of the grid.
 # binID   n_entries weight   weight_sqr   abs_weight
    1   12   8.796872793011179E-012   2.902057352184671E-022   8.796872793011179E-012
    3   263   2.108205403471131E-010   1.595766085009963E-018   2.108205403471131E-010
    5   39   2.749945602224910E-011   5.683392433155798E-021   2.749945602224910E-011
    7   556   4.908643143435869E-010   3.185948967606698E-017   4.908643143435869E-010
    8   36   3.838217556779246E-011   4.909336887313505E-021   3.838217556779246E-011
    9   37   4.072351175541789E-011   6.319229393945365E-021   4.072351175541789E-011
    10   834   7.066481350500846E-010   3.579377592565386E-017   7.066481350500846E-010
    11   158   1.479271010421843E-010   3.631277087898276E-019   1.479271010421843E-010
    12   336   2.673760939759513E-010   3.031947367092732E-018   2.673760939759513E-010
    14   8   5.939812847269030E-012   6.249748176713970E-023   5.939812847269030E-012
    15   1032   8.622960388017003E-010   3.723898462054426E-017   8.622960388017003E-010
    16   161   1.367164125440357E-010   4.865503792457061E-019   1.367164125440357E-010
    18   1   2.084204724436172E-015   4.343909333362062E-030   2.084204724436172E-015
    19   2143   1.868829296320338E-009   1.721441019979554E-016   1.868829296320338E-009
    20   203   1.967616239481584E-010   2.032897376977170E-018   1.967616239481584E-010
    21   3377   2.969105866350723E-009   1.269085560765606E-015   2.969105866350723E-009
    22   1508   1.316236636689710E-009   2.012638417364677E-016   1.316236636689710E-009
    23   1169   1.012862479390888E-009   1.688464242568851E-016   1.012862479390888E-009
    24   478   3.467781612039523E-010   7.361495822979589E-018   3.467781612039523E-010
    25   401   2.900194303234045E-010   2.147370493608615E-018   2.900194303234045E-010
    26   312   2.593423711277633E-010   1.347406514806825E-018   2.593423711277633E-010
    27   2   8.129048333653653E-013   1.175615509850428E-024   8.129048333653653E-013
    29   829   6.941221584303647E-010   3.598850021037381E-017   6.941221584303647E-010
    30   94   8.437699178291516E-011   8.797153051677779E-020   8.437699178291516E-011
    34   204   1.776769379164697E-010   6.341330235868135E-019   1.776769379164697E-010
    35   2488   2.147124322350102E-009   2.351532950044282E-016   2.147124322350102E-009
    36   169   1.214482437098021E-010   9.992624323795150E-020   1.214482437098021E-010
    37   170   1.501303920811700E-010   2.096531008250077E-019   1.501303920811700E-010
    38   602   5.803434771722449E-010   9.579420557252502E-018   5.803434771722449E-010
    39   405   3.319779846164781E-010   5.759018252342187E-018   3.319779846164781E-010
    41   72   6.297422729391712E-011   3.622514348824254E-020   6.297422729391712E-011
    42   215   1.922289531753943E-010   4.565362635018790E-019   1.922289531753943E-010
    43   96   7.663768170983021E-011   1.083250173382107E-019   7.663768170983021E-011
    44   7   1.536980041558750E-012   6.668317922935009E-024   1.536980041558750E-012
    45   1   8.473628757634410E-013   7.180238432220888E-025   8.473628757634410E-013
    46   1867   1.706330664994434E-009   5.576176410050126E-016   1.706330664994434E-009
    48   21   1.800096747028650E-011   1.927859931770938E-021   1.800096747028650E-011
    49   250   1.926726713356095E-010   1.004330566339510E-018   1.926726713356095E-010
    50   113   8.064099509469723E-011   6.405177547077515E-020   8.064099509469723E-011
    51   3088   2.761198674728125E-009   6.612760350788687E-016   2.761198674728125E-009
    52   56   4.035461985622651E-011   1.894243918131456E-020   4.035461985622651E-011
    55   686   5.813181811749764E-010   1.385993313763380E-017   5.813181811749764E-010
    56   789   6.025863199000676E-010   3.904723811889077E-018   6.025863199000676E-010
    57   2464   2.062958556209372E-009   6.872722344612085E-016   2.062958556209372E-009
    58   1   1.525371427143240E-017   2.326757990745004E-034   1.525371427143240E-017
    61   1692   1.433127338599131E-009   1.355255509950569E-016   1.433127338599131E-009
    62   203   1.848926569288048E-010   7.383757917096466E-019   1.848926569288048E-010
    63   783   6.404744330539075E-010   3.358368103312908E-017   6.404744330539075E-010
    64   143   1.059031227054723E-010   6.741769314713434E-020   1.059031227054723E-010
  </DiscreteSampler_grid>
  <DiscreteSampler_grid>
  grouped_processes
  1 # 1 for a reference and 2 for a running grid.
  10 # Attribute 'min_bin_probing_points' of the grid.
  1 # Attribute 'grid_mode' of the grid. 1=='default',2=='initialization'
  0.0000000000000000 # Attribute 'small_contrib_threshold' of the grid.
  0.5000000000000000 # Attribute 'damping_power' of the grid.
 # binID   n_entries weight   weight_sqr   abs_weight
    10   10   1.382637127894870E-004   8.971085778409525E-008   1.382637127894870E-004
    16   10   1.382637127894870E-004   8.971085778409522E-008   1.382637127894870E-004
    22   10   1.382637127894870E-004   8.971085778409528E-008   1.382637127894870E-004
    28   10   1.382637127894870E-004   8.971085778409528E-008   1.382637127894870E-004
  </DiscreteSampler_grid>
