  0.00000071975874515  0.00000073023794894  0.00000074111854189  0.00000074877119349
  0.00000075808516321  0.00000076940535805  0.00000078039242796  0.00000079148329625
  0.00000080322190019  0.00000081541118376  0.00000082775191433  0.00000083991720013
  0.00000085275061805  0.00000086623946297  0.00000088050002923  0.00000089444277055
  0.00000090867486311  0.00000092280767971  0.00000093686413422  0.00000095146447521
  0.00000096637290825  0.00000098127255604  0.00000099629853055  0.00000101159433989
  0.00000102725716789  0.00000104294271152  0.00000105873538172  0.00000107457160035
  0.00000109111685239  0.00000110772074088  0.00000112418790783  0.00000114067103246
  0.00000115698792011  0.00000117370384674  0.00000119140511704  0.00000121042193306
  0.00000122981683239  0.00000124918446613  0.00000126809356510  0.00000128661764662
  0.00000130524097801  0.00000132443864713  0.00000134454609579  0.00000136460660220
  0.00000138452965217  0.00000140510908970  0.00000142649069995  0.00000144796298379
  0.00000146982843343  0.00000149167786028  0.00000151425091904  0.00000153703763277
  0.00000156018578397  0.00000158403563825  0.00000160697867793  0.00000162964364141
  0.00000165251088877  0.00000167781646839  0.00000170309434340  0.00000172881001103
  0.00000175493974128  0.00000178149117144  0.00000180785583710  0.00000183420714421
  0.00000186067054217  0.00000188764703570  0.00000191514366121  0.00000194263655816
  0.00000196989506403  0.00000199704733986  0.00000202446231098  0.00000205238795883
  0.00000208101016629  0.00000210973712345  0.00000213770810357  0.00000216568750526
  0.00000219378964333  0.00000222262971925  0.00000225197133556  0.00000228078879985
  0.00000231066299497  0.00000234141854745  0.00000237250810540  0.00000240429548479
  0.00000243575834039  0.00000246734150839  0.00000249901669046  0.00000253153465000
  0.00000256401138142  0.00000259694144144  0.00000262994685976  0.00000266368238767
  0.00000269734268902  0.00000271884344573  0.00000272241346443  1.00000000000000000
  0.00000022275545769  0.00000023593028335  0.00000024748785850  0.00000026405073424
  0.00000028438093168  0.00000030353335864  0.00000032242695166  0.00000034117978273
  0.00000036012647609  0.00000037964888694  0.00000039952423894  0.00000041983566659
  0.00000044071527118  0.00000046191774147  0.00000048326119561  0.00000050460708770
  0.00000052663261616  0.00000055001673414  0.00000057406870406  0.00000059825625590
  0.00000062308144328  0.00000064872094518  0.00000067489073455  0.00000070143534716
  0.00000072826665360  0.00000075515914424  0.00000078300535734  0.00000081213682699
  0.00000084143062712  0.00000087155444432  0.00000090212668223  0.00000093407833135
  0.00000096977828535  0.00000100662411397  0.00000104384079960  0.00000108147799974
  0.00000112052743065  0.00000116503426760  0.00000121120732035  0.00000125827555426
  0.00000130570371547  0.00000135659454990  0.00000141223552134  0.00000147141944576
  0.00000153019624137  0.00000158977980950  0.00000165117079406  0.00000171816423447
  0.00000178630147927  0.00000185576431732  0.00000192550394823  0.00000200200477222
  0.00000208734894995  0.00000217688116873  0.00000226737948033  0.00000236042841633
  0.00000246359979690  0.00000257866818720  0.00000270177853688  0.00000282963157997
  0.00000297008673780  0.00000313407322792  0.00000330315015382  0.00000346980434242
  0.00000367441920577  0.00000388782683768  0.00000410595299351  0.00000434717274336
  0.00000461120394269  0.00000488505265659  0.00000520075944974  0.00000557524665282
  0.00000598115114342  0.00000641239734568  0.00000687101440270  0.00000735049617677
  0.00000788911358687  0.00000848745027878  0.00000912665373266  0.00000981026724646
  0.00001053999534542  0.00001146540866093  0.00001263427219877  0.00001395623422813
  0.00001545042745578  0.00001828962525324  0.00002368460607889  0.00002611754916567
  0.00002828026048971  0.00003049955316628  0.00003377069990625  0.00003808380948746
  0.00011937849860246  0.00020599534367299  0.00041088165845502  1.00000000000000000
  0.00000023119442768  0.00000025897994418  0.00000027648760916  0.00000029394236196
  0.00000031272193753  0.00000033173656531  0.00000035059409281  0.00000036776289071
  0.00000038402556451  0.00000040043078348  0.00000041705542833  0.00000043426960536
  0.00000045308712216  0.00000047248339600  0.00000049189644571  0.00000051132109487
  0.00000053123762800  0.00000055207497805  0.00000057276996219  0.00000059398547249
  0.00000061525694235  0.00000063586125159  0.00000066416619972  0.00000069148723246
  0.00000071874951782  0.00000074569173265  0.00000077350754303  0.00000080361664876
  0.00000083500823941  0.00000086717372933  0.00000089933436805  0.00000093317710806
  0.00000096940818570  0.00000100691181742  0.00000104479040730  0.00000108255696460
  0.00000112054961696  0.00000116012801053  0.00000120180329036  0.00000124515286522
  0.00000128930743668  0.00000133278243250  0.00000137861716859  0.00000143068221440
  0.00000148262081206  0.00000153494167333  0.00000158804357649  0.00000164349281241
  0.00000170503692729  0.00000177097651005  0.00000183761081477  0.00000190735026279
  0.00000198013161806  0.00000206777221875  0.00000216573896466  0.00000226432481657
  0.00000236296681814  0.00000247178939780  0.00000258977967921  0.00000271202230099
  0.00000283766164813  0.00000297269983738  0.00000312197738259  0.00000328088776992
  0.00000344850625135  0.00000362565378466  0.00000381289847642  0.00000400741101430
  0.00000421362460521  0.00000445149698557  0.00000471440086776  0.00000498557905181
  0.00000527410263298  0.00000557914875725  0.00000589306261681  0.00000624055714668
  0.00000666114275099  0.00000711124406858  0.00000758856978711  0.00000814006228968
  0.00000871411842388  0.00000938380038871  0.00001020889094138  0.00001110515836025
  0.00001222249308183  0.00001344827305281  0.00001461470425199  0.00001663654967862
  0.00001998429510210  0.00002366468399371  0.00002813699913042  0.00004845596058784
  0.00007266099348812  0.00008783240989233  0.00010496289510730  1.00000000000000000
 -0.00185067907378430  0.00532242369598315  0.01228727324341837  0.01891608914108994
  0.02528438288644424  0.03156874744989835  0.03794278835951533  0.04470002590923702
  0.05221774899064046  0.05963477879800958  0.06619684222155678  0.07196971015995374
  0.07766299510272462  0.08341526172793610  0.08962463741946190  0.09611249676046821
  0.10273894911445927  0.10927688716511028  0.11567636863060277  0.12176567419998967
  0.12914965496470227  0.13779684758674624  0.14608210277996622  0.15356177523861220
  0.16103032276021659  0.16901470651987405  0.17722407227168244  0.18555545077643046
  0.19414939293043371  0.20293523065054206  0.21243358469764131  0.22362717049982278
  0.23415219563617209  0.24425518967467244  0.25424673634874762  0.26448495953794238
  0.27434817444400095  0.28389750267476715  0.29383013720446316  0.30449043850478419
  0.31566401483815421  0.32670487029892337  0.33744958758031446  0.34835583921114216
  0.35910524929045495  0.37021547339225291  0.38165300870195046  0.39312795805370465
  0.40506597944933281  0.41762298469795689  0.42985146392226320  0.44194240917088573
  0.45357679059476669  0.46511344070435401  0.47654256492602914  0.48847401008813718
  0.50088423910275304  0.51377909858771509  0.52737551255420489  0.54132307983272054
  0.55503197757649869  0.56821885624743307  0.58126639510443079  0.59321467871061984
  0.60537136330849162  0.61857201140961238  0.63164384418330588  0.64411876897498876
  0.65722364068782546  0.67059605466339101  0.68365457925183981  0.69714406025395859
  0.71095572321174039  0.72443930800422529  0.73887468982596893  0.75306203515357295
  0.76611454022547820  0.77914911711969448  0.79214475201077461  0.80440671700143185
  0.81727562869168202  0.83041055014901610  0.84341859007853415  0.85630921752837164
  0.86924584675368899  0.88233857426200135  0.89549151242431990  0.90835955702253390
  0.92060349163604904  0.93217014128592768  0.94358601493935079  0.95495387947572907
  0.96579002611290787  0.97614034642723735  0.98758319620777846  1.00000000000000000
  0.00045869577240303  0.01043511721354447  0.01799748580727453  0.02605037671597332
  0.03429816613303913  0.04265003449220835  0.05138437645427695  0.06007480670877696
  0.06886119736497982  0.07777063854530791  0.08721830725467739  0.09779188219651729
  0.10874889103537881  0.12008016176846592  0.13162866036166501  0.14303568797651375
  0.15547332886480414  0.16838764379807691  0.18153450776569915  0.19656994616910892
  0.21027904059208943  0.22118387405060164  0.23145127851667036  0.24161008949393181
  0.25211549093737845  0.26238524863283358  0.27306218625073519  0.28500166818652756
  0.29494014320973611  0.30400066735564185  0.31322871518097084  0.32261968449480288
  0.33172390774992344  0.34058903974793098  0.34939457460215118  0.35883662732287047
  0.36863833855871786  0.37855590701727238  0.38858136892296780  0.39867372791062083
  0.40846619124578226  0.41859547456555046  0.42938230010885287  0.44005428046921430
  0.45049769004856172  0.46199258802463639  0.47511591811992093  0.48792126897476606
  0.49967586101997347  0.51078743104102020  0.52159267591241798  0.53248057034186003
  0.54311723437250370  0.55322314975335019  0.56306958215114045  0.57350956102483197
  0.58428871988918929  0.59402744987570155  0.60390509740114517  0.61367580785580034
  0.62347420719323166  0.63309894051584803  0.64286212647062546  0.65291819548609820
  0.66317852869699789  0.67275044098380044  0.68205704572533832  0.69176769165059171
  0.70208283255569115  0.71271568087073056  0.72353868014687894  0.73404131564968322
  0.74440008581236561  0.75502076513672689  0.76588318753207918  0.77648982372371955
  0.78677808400382110  0.79722670737578383  0.80773410244531740  0.81795297413187529
  0.82818869403725870  0.83888857638981551  0.85040396261925932  0.86312285169074077
  0.87692936997043325  0.89116066459688625  0.90413028856388000  0.91478513213835599
  0.92510985356945230  0.93519155974779888  0.94538124982362970  0.95539934910011393
  0.96582563970948998  0.97643560489590142  0.98794509426536081  1.00000000000000000
  0.00097951233690535  0.00590457541463155  0.01644811609153766  0.02619743901846239
  0.03764387979770718  0.04747393289440199  0.05597190292578271  0.06465335679485487
  0.07332311133829673  0.08190055469993883  0.09011009027333525  0.09835300890358721
  0.10696223192700542  0.11700342512191483  0.12667633799698633  0.13683395406741120
  0.14717070625127970  0.15747226844608905  0.16769454256271082  0.17759157599173672
  0.18751916230477644  0.19761840653156032  0.20796045310091926  0.21862634399641531
  0.22993335394597736  0.24203158636875177  0.25515487743804866  0.26910348050340110
  0.28014925459428236  0.29129722580106376  0.30252246847424946  0.31339079295382671
  0.32328582526540844  0.33302521796891615  0.34312225696340215  0.35354602499118998
  0.36369657383813409  0.37349616413189007  0.38251099053915932  0.39117155997873126
  0.39997725542868157  0.40883199919222729  0.41773511393947227  0.42659123882314903
  0.43540174729217307  0.44494402059343824  0.45480888492390892  0.46543843236253413
  0.47713262958822783  0.48796659333001136  0.49901394316135383  0.51049090225179250
  0.52195233466006774  0.53296019537286310  0.54418703282418968  0.55581757141926569
  0.56710100679202446  0.57811518812811014  0.58952047214329995  0.60126830296100353
  0.61287906806355974  0.62434618444070011  0.63564181492783522  0.64654656740622674
  0.65741576870341067  0.66896221808911616  0.68183697959482725  0.69495143788520641
  0.70667468750467888  0.71754083766551902  0.72820793389972904  0.73881801703727124
  0.74920470800107408  0.75908287030280197  0.76904878988657555  0.77960241576210054
  0.79034316555995365  0.80108772729819699  0.81254439822797353  0.82554454427963631
  0.83898817608242038  0.84843352479248701  0.85892246977523512  0.86920111093699415
  0.87933699499401841  0.88915479859767221  0.89955907245198741  0.91250384869101819
  0.92478826052314167  0.93730186897610679  0.94761915179594425  0.95834177614908034
  0.96892403856326437  0.97956301865942863  0.98976271965333329  1.00000000000000000
 -0.00001008544762159  0.00000732873546567  0.00002474291855293  0.00004215710164019
  0.00005236680922841  0.00005840769587739  0.00006444858252637  0.00006793965078030
  0.00006876069158037  0.00006958173238045  0.00007041585418732  0.00007128816844300
  0.00007216048269867  0.00007303668420499  0.00007392735081260  0.00007481801742020
  0.00007571580246683  0.00007663725686151  0.00007755871125620  0.00007854142549978
  0.00007963781011607  0.00008073419473237  0.00008160254727647  0.00008245343338002
  0.00008330431948357  0.00008419538077322  0.00008509593318573  0.00008599648559824
  0.00008679249998743  0.00008757164047822  0.00008835078096901  0.00008925194904792
  0.00009030000668379  0.00009134806431967  0.00009191103952714  0.00009243228067944
  0.00009295352183175  0.00009347476298405  0.00009399600413636  0.00009450522711619
  0.00009501194831658  0.00009551866951696  0.00009602539071735  0.00009653211191774
  0.00009703032292823  0.00009752258772794  0.00009801485252766  0.00009850711732737
  0.00009899938212709  0.00009958032949601  0.00010052550952196  0.00010147068954792
  0.00010260126916806  0.00010402538382064  0.00010583629486336  0.00010783237618447
  0.00010942988493205  0.00011086794806356  0.00011221407000598  0.00011355767561262
  0.00011489999723251  0.00011638254001045  0.00011792973530830  0.00011997580326919
  0.00012178415165379  0.00012348067560523  0.00012523333720747  0.00012681017687041
  0.00012826753091703  0.00012986694523650  0.00013143714993976  0.00013262456959475
  0.00013925037687379  0.00014079484220993  0.00014227015416371  0.00014350744545634
  0.00014464236359171  0.00014589821781682  0.00014717060260071  0.00014845495132900
  0.00014926428496520  0.00015007361860141  0.00015088319249391  0.00015169289473552
  0.00015248659379059  0.00015324185177937  0.00015399710976816  0.00015516682029599
  0.00015646307143244  0.00015775933852245  0.00017307234719830  0.00018701252826627
  0.00018701252834148  0.00018701252841349  0.00018701252848026  1.00000000000000000
  0.20231476082869632  0.22296705052239435  0.23506145576801624  0.24518806884145111
  0.25426333515006694  0.26259941899636124  0.27056275365065330  0.27787461070617336
  0.28477427419605439  0.29140506064257315  0.29779407081242532  0.30396385229032197
  0.31008183446405291  0.31630427685301177  0.32263755509136333  0.32896981055686231
  0.33537013580226699  0.34176021691891151  0.34803095774740023  0.35421264175849693
  0.36056178046756487  0.36697409712148382  0.37321824602138826  0.37894333787720191
  0.38437418091045394  0.38979803153776943  0.39517314974086337  0.40047817186185952
  0.40576366444244072  0.41106490628935877  0.41636678795783350  0.42166104169463997
  0.42689494262512939  0.43217040846093030  0.43747766393456167  0.44292845180657875
  0.44834395441375124  0.45374619888366752  0.45913242490989231  0.46455653225702354
  0.46987248877003107  0.47531709707198633  0.48073386684226505  0.48608317259108308
  0.49132043084019195  0.49649485095440060  0.50186523074248479  0.50742533897537412
  0.51276982437858598  0.51784335880245491  0.52270244404553090  0.52741386699875192
  0.53235109358583954  0.53715120323008814  0.54192754212038996  0.54680537122462869
  0.55158302453070329  0.55628752261556913  0.56104184530857493  0.56618607785835817
  0.57151826793836213  0.57659461398993439  0.58154602107863540  0.58681997153506926
  0.59282160645192417  0.59884906024781781  0.60463652452793681  0.61016983256729584
  0.61569742990446163  0.62139556102055038  0.62689841059208862  0.63222478596219867
  0.63759730705972240  0.64298002716190295  0.64845569492279487  0.65410561676425294
  0.65983732029162867  0.66574568011116919  0.67207045724000114  0.67863720960169149
  0.68528496201879507  0.69207946801991727  0.69895350754626628  0.70586761423905353
  0.71309385834931527  0.72081677431357205  0.72901412162544033  0.73759609538106707
  0.74660036747662695  0.75655063531324607  0.76782891540536302  0.78047683947262081
  0.78837532202403215  0.79596954350932936  0.81535737675265108  1.00000000000000000
  0.73494452702622914  0.73852611219437680  0.74150321959035026  0.74460934854937655
  0.74756939965543856  0.75054336197375260  0.75348756016999630  0.75635178313407014
  0.75919080551644735  0.76200018011443293  0.76480265253156099  0.76766041422086395
  0.77063538465503889  0.77346377948579204  0.77629882701974140  0.77907919375136603
  0.78190613495146921  0.78472184933013622  0.78754023704080889  0.79029152655117785
  0.79302880606026993  0.79569821553693332  0.79836975048221814  0.80098921242229137
  0.80365412925777646  0.80639865720804260  0.80911807235733380  0.81176191960764155
  0.81433618828067966  0.81694332834049188  0.81957352312183862  0.82221179476588258
  0.82480344766823643  0.82739410889243636  0.82999663563281911  0.83263203169894606
  0.83518135548914252  0.83763725235703590  0.84006287279515623  0.84245583847630201
  0.84484618008800372  0.84726335816168519  0.84970695324533851  0.85217142156216685
  0.85462219251034111  0.85707025090623312  0.85950111239496740  0.86189585526694557
  0.86429736719817418  0.86673999507940669  0.86922960500519642  0.87170861190885407
  0.87416659231074967  0.87671046192926960  0.87935648980236958  0.88204527403064803
  0.88475010526391062  0.88744916757144898  0.89009596465077345  0.89274003025207771
  0.89535300232642845  0.89810362436091840  0.90088373059765348  0.90370516943513635
  0.90654772486244972  0.90933616493467240  0.91205406461211180  0.91469466953037470
  0.91735985376829043  0.92011271737352696  0.92286369437184101  0.92561398748078771
  0.92838991734110943  0.93117970509014691  0.93395345651387729  0.93663165535242920
  0.93925667206286956  0.94186713803296618  0.94448837596453061  0.94699488944009980
  0.94945924553244776  0.95184573195915878  0.95413192444642636  0.95637768371646381
  0.95879420102156809  0.96180005136306068  0.96434543426617181  0.96694504188779651
  0.96959992757836566  0.97253548028442038  0.97602262175895460  0.98038915283215400
  0.98520539466753565  0.99058068727376558  0.99704710405370056  1.00000000000000000
  0.28316514217938638  0.28697209799041379  0.29099679056567618  0.29678742469831920
  0.30319622869221408  0.30958787711502744  0.31641313515791764  0.32392899882295434
  0.33145478763818703  0.33838757141571457  0.34512907028505430  0.35183067998375628
  0.35798213675899981  0.36365007192432608  0.36933158430860291  0.37509403022129184
  0.38091455006308916  0.38656054922303157  0.39210375751517446  0.39766149265585776
  0.40332616020701073  0.40893120689133811  0.41443438753928719  0.41992782300585541
  0.42550763448704831  0.43114048516397757  0.43672339802109283  0.44222271467091873
  0.44765901715098733  0.45301885548272175  0.45833779320352419  0.46362792878630971
  0.46896319022384003  0.47443389453523149  0.47954858792709565  0.48423464416031797
  0.48889754406179953  0.49357641623366783  0.49819075933753632  0.50283036550821458
  0.50750259323420943  0.51200448623755834  0.51621443735379835  0.52032397737541902
  0.52450074454066919  0.52883888632536369  0.53325060508538558  0.53753402065054734
  0.54206248650786415  0.54731516135708447  0.55281187986741565  0.55830353486986839
  0.56363213030467829  0.56877195135645364  0.57378881511524127  0.57872751204035744
  0.58370741443108309  0.58883069082145234  0.59407539131807185  0.59936030574617150
  0.60456785087890097  0.60958187678078424  0.61443732743860413  0.61919668056987620
  0.62389116117105947  0.62857018479390592  0.63326113019139596  0.63805151241275015
  0.64282127199297245  0.64748936655920020  0.65200973823189279  0.65652942676853443
  0.66106414969809202  0.66538600415344462  0.66940828023010346  0.67314426125278704
  0.67684697449482578  0.68036669060005017  0.68364435457221118  0.68696429547151139
  0.69059012802073305  0.69440689603400552  0.69821632033099945  0.70203996304284810
  0.70580083459267506  0.70966175168591650  0.71343244388812943  0.71693289490945911
  0.72031969146671648  0.72338228750561018  0.72648364600368909  0.72985382301501545
  0.73452185258335256  0.73962459304089323  0.75186480561101787  1.00000000000000000
   2.4788814382589536E-010  -1.0000000000000000     
  <DiscreteSampler_grid>
  Helicity
  1 # 1 for a reference and 2 for a running grid.
  40 # Attribute 'min_bin_probing_points' of the grid.
  1 # Attribute 'grid_mode' of the grid. 1=='default',2=='initialization'
  0.0000000000000000 # Attribute 'small_contrib_threshold' of the grid.
  0.5000000000000000 # Attribute 'damping_power' of the grid.
 # binID   n_entries weight   weight_sqr   abs_weight
    1   259   9.091522524003523E-010   3.459658707282399E-017   9.091522524003523E-010
    2   388   1.640089232892913E-009   1.612761913606440E-016   1.640089232892913E-009
    5   84   3.912729553746730E-010   2.318816687716532E-018   3.912729553746730E-010
    7   167   6.928948384824449E-010   7.326282048381675E-018   6.928948384824449E-010
    8   86   2.325790890280716E-010   2.000138838439098E-019   2.325790890280716E-010
    10   300   1.268126130192827E-009   9.041308055412811E-017   1.268126130192827E-009
    11   185   7.906289823014121E-010   2.205757480421692E-017   7.906289823014121E-010
    12   683   3.135256308536800E-009   6.952002699142176E-016   3.135256308536800E-009
    15   331   1.521757225984046E-009   9.788214313386107E-017   1.521757225984046E-009
    16   381   1.859512997662080E-009   1.550081893195115E-016   1.859512997662080E-009
    17   907   4.247313650987491E-009   5.323204090278302E-016   4.247313650987491E-009
    18   253   1.089913137065527E-009   5.824584227157370E-017   1.089913137065527E-009
    19   921   3.814167873077841E-009   1.537827245838179E-015   3.814167873077841E-009
    21   964   3.900633421999257E-009   4.895460897663096E-016   3.900633421999257E-009
    22   604   2.180802345560275E-009   2.354141639461743E-016   2.180802345560275E-009
    23   284   1.065511446057327E-009   3.418738102844329E-017   1.065511446057327E-009
    24   278   1.124062270403575E-009   4.472851951095985E-017   1.124062270403575E-009
    25   392   1.710260386386209E-009   2.620394654561281E-016   1.710260386386209E-009
    26   138   4.204657517659375E-010   2.928845526025182E-018   4.204657517659375E-010
    27   389   1.278192508513190E-009   2.799358384306479E-017   1.278192508513190E-009
    28   892   3.968955751137761E-009   6.488570554275760E-016   3.968955751137761E-009
    29   901   3.909347115700928E-009   9.476974368566899E-016   3.909347115700928E-009
    30   470   2.197037161358094E-009   3.503196125257464E-016   2.197037161358094E-009
    31   472   2.039991976503664E-009   3.632405928437812E-016   2.039991976503664E-009
    32   955   4.272424671216055E-009   8.728491632801356E-016   4.272424671216055E-009
    33   667   2.866183579880416E-009   4.795733234379744E-016   2.866183579880416E-009
    34   1220   5.576212433378561E-009   2.819855582636845E-015   5.576212433378561E-009
    35   515   2.441682058429605E-009   2.498088216955598E-016   2.441682058429605E-009
    36   302   1.016740378948000E-009   1.870226107973851E-017   1.016740378948000E-009
    37   617   3.231069863336689E-009   8.865546103504808E-016   3.231069863336689E-009
    38   331   1.197874774390365E-009   1.969268659666544E-017   1.197874774390365E-009
    39   433   2.046155676880233E-009   1.768899632826205E-016   2.046155676880233E-009
    40   572   2.506768344660543E-009   2.470989716059267E-016   2.506768344660543E-009
    41   489   2.243900165689197E-009   3.427125378885913E-016   2.243900165689197E-009
    42   556   2.446688832685546E-009   3.140638264964897E-016   2.446688832685546E-009
    43   432   1.958340251100083E-009   1.367112735613102E-016   1.958340251100083E-009
    44   1391   5.994033267420864E-009   4.908794785660326E-015   5.994033267420864E-009
    45   1244   5.705301453898340E-009   2.723617049445047E-015   5.705301453898340E-009
    46   1365   6.180957094062778E-009   1.273667816711200E-015   6.180957094062778E-009
    47   706   2.874347276496600E-009   2.835105182236299E-016   2.874347276496600E-009
    49   93   4.633147077267064E-010   4.935031429334448E-018   4.633147077267064E-010
    50   405   1.839249393021587E-009   1.405374314954502E-016   1.839249393021587E-009
    51   504   2.091549399315973E-009   2.395722491823230E-016   2.091549399315973E-009
    52   609   2.340291323240415E-009   2.123884100539215E-016   2.340291323240415E-009
    53   1493   6.579698226298008E-009   8.783019527291437E-016   6.579698226298008E-009
    54   531   1.950675631779100E-009   2.185473946980655E-016   1.950675631779100E-009
    55   527   2.224238794744483E-009   2.060891919572178E-016   2.224238794744483E-009
    56   1353   6.195636144368634E-009   1.216521920505925E-015   6.195636144368634E-009
    57   256   1.159988248954463E-009   6.250504276829086E-017   1.159988248954463E-009
    58   129   3.905711449485404E-010   1.148559628039553E-018   3.905711449485404E-010
    59   692   3.083582302923022E-009   3.316524230418226E-016   3.083582302923022E-009
    61   762   3.363470436935135E-009   6.193901939680833E-016   3.363470436935135E-009
    64   231   9.376163571225565E-010   1.529402125137391E-017   9.376163571225565E-010
  </DiscreteSampler_grid>
  <DiscreteSampler_grid>
  grouped_processes
  1 # 1 for a reference and 2 for a running grid.
  10 # Attribute 'min_bin_probing_points' of the grid.
  1 # Attribute 'grid_mode' of the grid. 1=='default',2=='initialization'
  0.0000000000000000 # Attribute 'small_contrib_threshold' of the grid.
  0.5000000000000000 # Attribute 'damping_power' of the grid.
 # binID   n_entries weight   weight_sqr   abs_weight
    13   10   1.643285025943927E-001   4.579391116897316E-002   1.643285025943927E-001
    14   10   1.643285025943928E-001   4.579391116897318E-002   1.643285025943928E-001
    16   10   2.339335861288373E-002   2.128982257579137E-003   2.339335861288373E-002
    17   10   2.339335861288374E-002   2.128982257579139E-003   2.339335861288374E-002
    22   10   1.643285025943926E-001   4.579391116897311E-002   1.643285025943926E-001
    23   10   1.643285025943927E-001   4.579391116897314E-002   1.643285025943927E-001
    25   10   2.339335861288369E-002   2.128982257579132E-003   2.339335861288369E-002
    26   10   2.339335861288371E-002   2.128982257579135E-003   2.339335861288371E-002
  </DiscreteSampler_grid>
