  0.00000011444686852  0.00000011833983126  0.00000012082551077  0.00000012358122482
  0.00000012679805222  0.00000012984076167  0.00000013254188676  0.00000013537437544
  0.00000013851449780  0.00000014164479819  0.00000014537488885  0.00000014941450494
  0.00000015330170769  0.00000015699221733  0.00000016064917897  0.00000016449125078
  0.00000016854139154  0.00000017302663047  0.00000017768315620  0.00000018229859675
  0.00000018679341164  0.00000019093675628  0.00000019486205431  0.00000019873538018
  0.00000020279549725  0.00000020727614421  0.00000021191385390  0.00000021684810267
  0.00000022204598583  0.00000022740182121  0.00000023282720816  0.00000023832069257
  0.00000024400016677  0.00000024986002546  0.00000025586538006  0.00000026204036547
  0.00000026830552145  0.00000027467532803  0.00000028126075510  0.00000028820873848
  0.00000029551807752  0.00000030341218353  0.00000031170662772  0.00000032029457317
  0.00000032889317661  0.00000033772813238  0.00000034679581692  0.00000035593097948
  0.00000036511159431  0.00000037466362124  0.00000038472857467  0.00000039530423369
  0.00000040613922081  0.00000041721168323  0.00000042916328928  0.00000044209459225
  0.00000045603631254  0.00000047035911349  0.00000048511287655  0.00000050029347560
  0.00000051616392406  0.00000053314597366  0.00000055119778154  0.00000057048823166
  0.00000059089152974  0.00000061212439431  0.00000063486721577  0.00000066026762054
  0.00000068808730135  0.00000071778829044  0.00000074948582206  0.00000078405966522
  0.00000082206386610  0.00000086329988386  0.00000090800179105  0.00000095652879476
  0.00000100934924209  0.00000106621930581  0.00000112922163993  0.00000120040455468
  0.00000128167933831  0.00000137465140559  0.00000148045407792  0.00000160057317366
  0.00000173747344940  0.00000189720108851  0.00000209670339036  0.00000235591588995
  0.00000269850125498  0.00000318408533247  0.00000398376700320  0.00000540726476438
  0.00000841042771062  0.00002084019873153  0.00007968629517452  1.00000000000000000
  0.00000013694903840  0.00000014603312887  0.00000015123136708  0.00000015654171992
  0.00000016207110212  0.00000016796854015  0.00000017420084300  0.00000018037651622
  0.00000018650595539  0.00000019272133611  0.00000019915656358  0.00000020589269371
  0.00000021295841323  0.00000022029520877  0.00000022769782899  0.00000023512095543
  0.00000024269985533  0.00000025037158834  0.00000025822613321  0.00000026636103593
  0.00000027492723216  0.00000028386723490  0.00000029310883483  0.00000030250575562
  0.00000031217401595  0.00000032205328612  0.00000033222473005  0.00000034272110122
  0.00000035344459119  0.00000036445759876  0.00000037578714035  0.00000038755235710
  0.00000039983234022  0.00000041280030911  0.00000042613723643  0.00000044012659360
  0.00000045492948994  0.00000047030656745  0.00000048627054583  0.00000050291880081
  0.00000052043004206  0.00000053913365247  0.00000055907142705  0.00000058027099347
  0.00000060241085399  0.00000062490538316  0.00000064820004022  0.00000067273597555
  0.00000069827000875  0.00000072543040898  0.00000075356438471  0.00000078328810702
  0.00000081487472002  0.00000084850163231  0.00000088361141736  0.00000092080147164
  0.00000095981607780  0.00000100048908217  0.00000104282906277  0.00000108634043298
  0.00000113267916709  0.00000118266588993  0.00000123547182555  0.00000128940484330
  0.00000134537676701  0.00000140560519648  0.00000147110120468  0.00000154166137528
  0.00000161669006693  0.00000169641476137  0.00000178130076004  0.00000187190046136
  0.00000196831718720  0.00000207417273771  0.00000218922762380  0.00000231370385706
  0.00000244627408834  0.00000258852387277  0.00000274675892231  0.00000292539912338
  0.00000313080577504  0.00000336184262970  0.00000362210463551  0.00000393062351713
  0.00000429586846252  0.00000473653651933  0.00000525709648095  0.00000588295541249
  0.00000662972182916  0.00000755383902513  0.00000883615347244  0.00001058992695102
  0.00001363818256732  0.00002241896645570  0.00004723996119006  1.00000000000000000
  0.00000019997022190  0.00000022697564825  0.00000024580001356  0.00000026514491288
  0.00000028441463623  0.00000030366723235  0.00000032286495100  0.00000034212035657
  0.00000036133456631  0.00000038077719102  0.00000040037400442  0.00000041985405843
  0.00000043922619228  0.00000045865089842  0.00000047846016472  0.00000049885156486
  0.00000051951231346  0.00000053959691598  0.00000055994549958  0.00000058110651907
  0.00000060214287958  0.00000062298068597  0.00000064447153356  0.00000066645902914
  0.00000068866594884  0.00000071146698518  0.00000073488219638  0.00000075857473496
  0.00000078310224512  0.00000080852872119  0.00000083429882525  0.00000086014084226
  0.00000088610345276  0.00000091268646187  0.00000094054678755  0.00000096939121629
  0.00000099834090789  0.00000102698250808  0.00000105564405583  0.00000108511794417
  0.00000111565162212  0.00000114727103761  0.00000117948771218  0.00000121201354081
  0.00000124489336474  0.00000127830133614  0.00000131249443622  0.00000134775395999
  0.00000138545586606  0.00000142554623447  0.00000146626881764  0.00000150727660757
  0.00000154921158336  0.00000159272527511  0.00000163899189608  0.00000168794285731
  0.00000173904891598  0.00000179152469216  0.00000184469651785  0.00000189914400859
  0.00000195619253870  0.00000201595813911  0.00000207923162909  0.00000214595959706
  0.00000221650813362  0.00000229078512215  0.00000236839989430  0.00000245116991398
  0.00000254054925268  0.00000263629797779  0.00000273839035596  0.00000284805297474
  0.00000296615169669  0.00000309250395080  0.00000322511126179  0.00000336531811634
  0.00000352025905305  0.00000369564674817  0.00000389300626311  0.00000411523743520
  0.00000437081102724  0.00000466337872079  0.00000498210251421  0.00000534076225882
  0.00000577306701757  0.00000630915445875  0.00000697092790707  0.00000780153012737
  0.00000897103895104  0.00001065390668448  0.00001274093974506  0.00001654811766717
  0.00002088067253771  0.00002749407646952  0.00005232258717730  1.00000000000000000
 -0.00413689495952901  0.01983217982744567  0.03422177429219764  0.05230738219894247
  0.07408224687637123  0.09710852120758062  0.12007404133483970  0.14193109663917222
  0.16161323176730302  0.17947377009775048  0.19655868692220965  0.21310192474171158
  0.22893716487049293  0.24403586908035604  0.25847124665749349  0.27207355816214945
  0.28485825105146395  0.29698199330710562  0.30848501394105249  0.31917147744582958
  0.32898745241932742  0.33841609795295341  0.34785089273262415  0.35724551753684614
  0.36651681617631154  0.37560734666360551  0.38490244345068253  0.39444426780020519
  0.40386341526205460  0.41340575556795434  0.42305560804847686  0.43251208349457171
  0.44146546001519515  0.44990889755993757  0.45825060753035707  0.46666622714541023
  0.47506021939075671  0.48327515443100999  0.49135939783686738  0.49955356911175713
  0.50787129873640025  0.51618408234533997  0.52424908138516346  0.53202403802752574
  0.53961780549298488  0.54730497538511258  0.55516003743640641  0.56320643861864594
  0.57123238278859734  0.57897489918371658  0.58686798115001104  0.59495486767393579
  0.60302294574029380  0.61111418553308960  0.61919337630080207  0.62727169019009710
  0.63523422212311964  0.64322492738250137  0.65107996778397925  0.65879146076224271
  0.66670280602452248  0.67433106300701096  0.68216210641528152  0.68975977834867519
  0.69777243477620909  0.70532714378803185  0.71279522435617815  0.72050603691657533
  0.72835257360739680  0.73630081076145149  0.74407739098582248  0.75206743344085347
  0.76049607022373855  0.76900555616194766  0.77789962679796376  0.78681658693987777
  0.79580620003760039  0.80454948803303328  0.81300278037152052  0.82170046477959768
  0.83031887932373616  0.83975050243023408  0.84916102989888509  0.85906849018078546
  0.86849175238141862  0.87840197751259352  0.88899158568531300  0.89983087573515008
  0.90970293833940907  0.92112242423784851  0.93532662279228673  0.94991435790420387
  0.96240071509986802  0.97473536808969308  0.98773941228705620  1.00000000000000000
 -0.00199252994650352  0.00833325845161065  0.01774340732181893  0.02847945199254359
  0.03901050169760131  0.04975487955067209  0.06036957842326074  0.07080725614902481
  0.08135065875337123  0.09203583591932626  0.10259986697995749  0.11328722392950401
  0.12383682143279555  0.13423244265355422  0.14449335607063157  0.15479413424036242
  0.16513823022513421  0.17549950634952527  0.18584625903995777  0.19609469229453658
  0.20637404032259904  0.21665109171971170  0.22721386594471682  0.23811641988930901
  0.24917871791048704  0.26032321626899180  0.27135563220672726  0.28207105835888369
  0.29238685275471321  0.30267106521736947  0.31310260737022960  0.32353420300422425
  0.33407960806609155  0.34494612916568518  0.35564671728347796  0.36589205499769473
  0.37604272206826517  0.38593150302265672  0.39587571503663926  0.40602325089221136
  0.41599945586233483  0.42608495552307196  0.43643660178409044  0.44705327203603074
  0.45792974320790869  0.46874505898465435  0.47924366573193744  0.48942797664049248
  0.49955074929902438  0.50964144264628852  0.51988973557933971  0.53029805957171605
  0.54075849473762938  0.55141128580728149  0.56219776061415916  0.57290372829318525
  0.58338553114240355  0.59394829185574771  0.60487541679396728  0.61530137897548431
  0.62624330832368302  0.63936549692359657  0.65102352396158836  0.66234366282339063
  0.67361739323780712  0.68463104047147749  0.69538150642902274  0.70573678257636574
  0.71612843440460072  0.72670063974038390  0.73735400270771490  0.74838616217301290
  0.75986577502109542  0.77189513242230134  0.78416731989191668  0.79641929337198525
  0.80801673872424240  0.81830626798406725  0.82779735513031316  0.83727511685895806
  0.84682747841891981  0.85645657284813614  0.86595184262982405  0.87561142275860882
  0.88578249955079125  0.89563235660008411  0.90541095471270006  0.91537330936478234
  0.92658974295593943  0.93843504637998554  0.94858861859505750  0.95856221738732705
  0.96826276741740647  0.97927923611523349  0.98861326316532894  1.00000000000000000
 -0.00277561163165950  0.01045010683424929  0.02062616200989506  0.03080997591054261
  0.04114320966178177  0.05159217810229615  0.06245061907747381  0.07345441161053511
  0.08326466536917720  0.09568321283804980  0.10766134105487332  0.11926715742353773
  0.13053985903129375  0.14138085305566100  0.15203853775064158  0.16275766194284408
  0.17359816177251355  0.18423251589135120  0.19469141911395446  0.20501994546709132
  0.21525257592201616  0.22551301973707530  0.23580673726611950  0.24605371563688450
  0.25639933159431227  0.26702761244026907  0.27802137784246317  0.28877326262905845
  0.29926052574860601  0.31010023289340183  0.32132641689967056  0.33243795115092378
  0.34289940238095351  0.35327760549725234  0.36404119162517029  0.37505493944148771
  0.38614106295853351  0.39695207963350260  0.40746757789458832  0.41753129116328619
  0.42720945342933447  0.43664585759393826  0.44597148332862113  0.45509317814129530
  0.46525086580802211  0.47494587754989454  0.48502717233367448  0.49588107483838140
  0.50650119169970342  0.51829754886210655  0.52840832597878695  0.53914142442595625
  0.54985192591612431  0.56079840823257832  0.57137941627166677  0.58240910514757460
  0.59355310218255997  0.60453376982544571  0.61511735061611716  0.62530039351562450
  0.63536708847367929  0.64539674959517201  0.65517272630508683  0.66507578485230223
  0.67488071530737104  0.68496600080813386  0.69567411857482264  0.70641871019245495
  0.71724881102364668  0.72820485670951351  0.73918263581896659  0.75032025362386001
  0.76119392745072190  0.77151619094097579  0.78131402213443379  0.79102336536360052
  0.80067059563271159  0.81034992996350408  0.82000095969361708  0.82950674898646382
  0.83948102462370944  0.85009352699846641  0.86037683981457158  0.87092852884664784
  0.88207881921304532  0.89345113242335494  0.90489419381812808  0.91595437579919792
  0.92657428942175868  0.93587562927742041  0.94789284620760594  0.95811410299685307
  0.96814303555065007  0.97863461916015682  0.98922911207763653  1.00000000000000000
  0.00000179070684336  0.00000198142518591  0.00000217219334244  0.00000238185212555
  0.00000260861722858  0.00000285230745885  0.00000315990810657  0.00000353477876099
  0.00000396374321615  0.00000444057626674  0.00000492605985738  0.00000540988373317
  0.00000588718846664  0.00000635797258164  0.00000682560758327  0.00000728892705610
  0.00000774674505997  0.00000819673935120  0.00000864198566722  0.00000908632899685
  0.00000953405137538  0.00000998016082200  0.00001041526028482  0.00001083971982980
  0.00001125435271114  0.00001167067603319  0.00001208807046235  0.00001250572714541
  0.00001290503078553  0.00001329116558080  0.00001365960294095  0.00001402649329159
  0.00001439403801088  0.00001476563815183  0.00001512235251591  0.00001547908564260
  0.00001583959266362  0.00001620988158921  0.00001657129935345  0.00001691937026951
  0.00001726593748867  0.00001761008747157  0.00001795062506615  0.00001830841554752
  0.00001868162862826  0.00001906144852367  0.00001945378590293  0.00001984464697937
  0.00002021569453963  0.00002057606776854  0.00002093898608554  0.00002130792498386
  0.00002169453059821  0.00002212339711948  0.00002249226551709  0.00002285121432084
  0.00002318164794294  0.00002355172342360  0.00002391287923363  0.00002427328012156
  0.00002467350238902  0.00002506369228796  0.00002543863403627  0.00002588086338251
  0.00002640582417584  0.00002699052329764  0.00002758744833486  0.00002812614186139
  0.00002858318500629  0.00002899267594204  0.00002936388496341  0.00002974000233812
  0.00003016216862873  0.00003061407088345  0.00003107003293991  0.00003153508955170
  0.00003200083694884  0.00003253681026003  0.00003301689111611  0.00003337414985410
  0.00003370653617953  0.00003419132480445  0.00003467283854723  0.00003514259482690
  0.00003573335347937  0.00003645693419747  0.00003755430897119  0.00003865168374491
  0.00003959790607774  0.00004052592388256  0.00004130033890759  0.00004202843116482
  0.00004400284410056  0.00004908926919253  0.00008256493893615  1.00000000000000000
 -0.00264874096195580  0.01160378096024488  0.02431340163033739  0.03839016986489344
  0.05190386232593545  0.06538633589798741  0.07838549788034302  0.09281386411413506
  0.10973829291517817  0.12623015003714078  0.14144146935151442  0.15579196965819070
  0.16835731892183378  0.17911492312583724  0.18909451792897905  0.19865330120775174
  0.20796073602647733  0.21718155624949798  0.22601929583685001  0.23525147789201747
  0.24493568931569323  0.25476910692945254  0.26468710051275418  0.27439850225599333
  0.28409945335176834  0.29334323886250019  0.30226124863386117  0.31124217337414117
  0.32022931352245737  0.32917508882972768  0.33819447902093575  0.34718359796925696
  0.35651060077737662  0.36617806781931556  0.37567563488646027  0.38489869967839513
  0.39420994330550146  0.40360613666080303  0.41280080861752289  0.42183584609560043
  0.43083278870194763  0.43978392544455286  0.44873107816159441  0.45755615761249385
  0.46623347175445734  0.47477281620210110  0.48319524198812830  0.49138514237198122
  0.49940123381195251  0.50741990034431617  0.51561706682083808  0.52384234951731135
  0.53213225335804659  0.54058710262378851  0.54918234851707315  0.55790979321561829
  0.56678391729800059  0.57574399376703289  0.58488277924596965  0.59412590057551751
  0.60312828846492306  0.61195439573813337  0.62085363890403633  0.62978680298869716
  0.63854013528972853  0.64714747842124365  0.65580807300989896  0.66454085306305821
  0.67344777010984913  0.68242727880365883  0.69133677863513354  0.70016075943073808
  0.70894802362021769  0.71757198700522096  0.72607607556316311  0.73459000963830334
  0.74306807052602786  0.75153569369929607  0.76019651889132345  0.76898854159583729
  0.77815286991263422  0.78732250663451342  0.79653239032306211  0.80633015059478641
  0.81673296963469089  0.82780037501696146  0.83930459831565229  0.85246703509464017
  0.86722428075387870  0.88361165867557323  0.90044297547522034  0.91859138522702377
  0.93751618322436470  0.95724693174633901  0.97802455462747517  1.00000000000000000
  0.68840711991267056  0.71062713305458447  0.72269093634921777  0.73124617655390323
  0.73840734650869078  0.74517157479402096  0.75194290319406720  0.75812451702502492
  0.76402391674808623  0.76975704557768532  0.77529032129239939  0.78063744749783959
  0.78579011351323336  0.79071454201376790  0.79545793790564367  0.79999591106050738
  0.80440301866377850  0.80866782537488957  0.81283250128290696  0.81675927603742193
  0.82053737471320631  0.82419750335525410  0.82774528591276930  0.83126835911726371
  0.83476766580381745  0.83820494048863770  0.84146130959196652  0.84467551353299797
  0.84787813903675968  0.85104592651186506  0.85410310848590809  0.85706863476625961
  0.86006526867581368  0.86301774300408662  0.86591666229290865  0.86875440203534493
  0.87154872413499807  0.87431055273248337  0.87705881149047704  0.87977604026551193
  0.88245695640744592  0.88513024704603360  0.88777031040191345  0.89033920147683465
  0.89278153265247961  0.89519037144591551  0.89765136056439021  0.90012350960775167
  0.90256416381428584  0.90498385027301276  0.90736571372666164  0.90967212005480125
  0.91191959386899213  0.91415466450085425  0.91638041007284865  0.91854606979044640
  0.92062380478107397  0.92267909479836374  0.92472753432426280  0.92673968101195281
  0.92873151022335176  0.93062635643363190  0.93244583545514881  0.93419566781629004
  0.93597607180980136  0.93779047515620628  0.93954772228562311  0.94123409448279249
  0.94288172429082040  0.94445700432313029  0.94599759473022371  0.94752883625735129
  0.94908992118083479  0.95066384826980455  0.95224108965666809  0.95390297946515823
  0.95561069081727612  0.95699079795845976  0.95834907735729735  0.95973364494121993
  0.96117664585898555  0.96268535143151190  0.96418102428932717  0.96564809617752057
  0.96716051951111759  0.96891714336704771  0.97087396313590557  0.97260646535062367
  0.97452568470235124  0.97645361469500314  0.97850643426469430  0.98104170612986608
  0.98347639698943434  0.98579663988933930  0.99197755057919557  1.00000000000000000
  0.27234247308591086  0.28771368077823983  0.29615625618133729  0.30316269198338081
  0.30984835627861784  0.31648938509885205  0.32297756124064297  0.32929626500311410
  0.33546461566286506  0.34146966007800866  0.34728435459844498  0.35281257141651201
  0.35805371020365584  0.36313182800749855  0.36814435277462482  0.37308724789291864
  0.37790006501229473  0.38268311347406780  0.38747350121181184  0.39232179585953225
  0.39707446285823650  0.40163538509995955  0.40613564766377830  0.41058732627720385
  0.41482416613464790  0.41891892217824445  0.42316641738981969  0.42766269704184562
  0.43209320124121475  0.43638680060318946  0.44055256834386197  0.44449875249581400
  0.44840502985903652  0.45238585639667012  0.45644637063152899  0.46039245253280264
  0.46430003171582795  0.46825433741665590  0.47223727736898669  0.47617474647144192
  0.48003551409424827  0.48387151580544563  0.48772031743499389  0.49164009189270386
  0.49562815916225489  0.49968934125927983  0.50379381435157689  0.50783708833512764
  0.51175959802357751  0.51567178544417047  0.51964316242464159  0.52369603874717341
  0.52773393093429655  0.53167884602342264  0.53557957423061975  0.53945937997206639
  0.54356176894846642  0.54792082915688778  0.55226136998002284  0.55650138086111345
  0.56077544480804575  0.56516718069913263  0.56953725204068040  0.57380932591899469
  0.57803615749936443  0.58226109081151411  0.58649012860867067  0.59071261401910891
  0.59497636078617200  0.59936901903922668  0.60382020941938186  0.60827965966363795
  0.61272613186545422  0.61727017379908378  0.62199873182581844  0.62682235297244993
  0.63165677231308914  0.63654564514711209  0.64134333202381077  0.64608605239575501
  0.65096844321363490  0.65604876952737312  0.66131568665381402  0.66669014348423006
  0.67197250731656866  0.67726149526019308  0.68279122642550860  0.68870340164716659
  0.69484849062143106  0.70088867941341049  0.70805916781758560  0.71615248601626436
  0.72366439657924830  0.73082499905318721  0.73804022235543965  1.00000000000000000
   8.5577707911721991E-012  -1.0000000000000000     
  <DiscreteSampler_grid>
  Helicity
  1 # 1 for a reference and 2 for a running grid.
  20 # Attribute 'min_bin_probing_points' of the grid.
  1 # Attribute 'grid_mode' of the grid. 1=='default',2=='initialization'
  0.0000000000000000 # Attribute 'small_contrib_threshold' of the grid.
  0.5000000000000000 # Attribute 'damping_power' of the grid.
 # binID   n_entries weight   weight_sqr   abs_weight
    2   3910   2.701420784563421E-009   2.843065049390671E-016   2.701420784563421E-009
    3   1203   8.515197124796048E-010   5.020391881508670E-017   8.515197124796048E-010
    4   180   1.329335968934044E-010   1.326600594435024E-019   1.329335968934044E-010
    5   10940   7.694435380631957E-009   2.135274687979207E-015   7.694435380631957E-009
    7   1476   1.039090124005179E-009   2.415286364733323E-017   1.039090124005179E-009
    8   1323   9.365783942054340E-010   2.437127657819029E-017   9.365783942054340E-010
    9   132   1.003216447583702E-010   9.308187631159320E-020   1.003216447583702E-010
    10   390   2.753501979040564E-010   7.460454845344236E-019   2.753501979040564E-010
    11   2364   1.669919536151383E-009   6.428875776503045E-017   1.669919536151383E-009
    12   1587   1.095852332319902E-009   2.333270012924132E-017   1.095852332319902E-009
    13   1354   9.667204417289415E-010   2.050744077098003E-017   9.667204417289415E-010
    14   3683   2.714188620730517E-009   2.541795130839947E-016   2.714188620730517E-009
    15   7280   5.191023776222296E-009   8.868000566239075E-016   5.191023776222296E-009
    16   1206   8.974432734832652E-010   6.469530057056010E-017   8.974432734832652E-010
    17   1192   8.392349348216424E-010   2.161083266900756E-017   8.392349348216424E-010
    18   5904   4.367159943323737E-009   4.526414613385558E-016   4.367159943323737E-009
    19   7   4.871333782878568E-012   8.397935366480167E-023   4.871333782878568E-012
    20   5891   4.342194826137747E-009   8.244144470160291E-016   4.342194826137747E-009
    22   2262   1.560909893183331E-009   9.711087263820763E-017   1.560909893183331E-009
    24   1254   9.062230072902769E-010   2.526859801804719E-017   9.062230072902769E-010
    27   1826   1.291925200694714E-009   4.360537656089953E-017   1.291925200694714E-009
    28   2928   2.075327710561014E-009   8.440961769091933E-017   2.075327710561014E-009
    29   1519   1.023426828712816E-009   4.322289627316422E-017   1.023426828712816E-009
    30   7   5.261072021582397E-012   8.876199472969789E-023   5.261072021582397E-012
    31   4910   3.392009131588022E-009   4.795256363985623E-016   3.392009131588022E-009
    32   704   4.511323252234092E-010   4.186101158468949E-018   4.511323252234092E-010
    34   388   2.701123028348589E-010   8.868338126189174E-019   2.701123028348589E-010
    35   911   6.357051767966492E-010   9.573013876702326E-018   6.357051767966492E-010
    37   2548   1.789079219513757E-009   8.168720941863464E-017   1.789079219513757E-009
    38   312   2.018575682850535E-010   2.891908607035895E-019   2.018575682850535E-010
    39   2247   1.573877089282975E-009   9.129934029075226E-017   1.573877089282975E-009
    40   26   1.647428864658826E-011   1.981094481769216E-021   1.647428864658826E-011
    41   1495   1.105548145429777E-009   2.771480505665805E-017   1.105548145429777E-009
    42   1063   7.665894671598849E-010   1.248277478713644E-017   7.665894671598849E-010
    43   365   2.318246950043951E-010   6.016112201536670E-019   2.318246950043951E-010
    44   1   1.144272235900784E-013   1.309358949853379E-026   1.144272235900784E-013
    45   523   3.896310048089338E-010   2.075291226927745E-018   3.896310048089338E-010
    46   5656   4.144072159763691E-009   8.360867666452569E-016   4.144072159763691E-009
    47   264   1.771592553873574E-010   2.447876750352072E-019   1.771592553873574E-010
    48   843   5.505389042358191E-010   3.638724542463179E-018   5.505389042358191E-010
    49   580   3.808514269269420E-010   1.581455966887307E-018   3.808514269269420E-010
    50   320   2.149728159948839E-010   7.218626930086703E-019   2.149728159948839E-010
    53   1727   1.182194274606354E-009   5.872759598728166E-017   1.182194274606354E-009
    54   291   2.119068817927057E-010   5.254835488505712E-019   2.119068817927057E-010
    56   2677   1.944541669920687E-009   2.157262135318468E-016   1.944541669920687E-009
    57   9181   6.369002053793155E-009   9.463505666358360E-016   6.369002053793155E-009
    58   226   1.726780427898159E-010   3.426265494431273E-019   1.726780427898159E-010
    59   671   4.529428043801333E-010   1.866361995884361E-018   4.529428043801333E-010
    60   1234   9.209135262622641E-010   2.157842038538389E-017   9.209135262622641E-010
    61   26   2.386222133313059E-011   4.716299715007883E-021   2.386222133313059E-011
    62   1   1.277753782672597E-013   1.632654729134130E-026   1.277753782672597E-013
    63   2125   1.501282888646372E-009   5.908666225655820E-017   1.501282888646372E-009
    64   464   3.153712664766711E-010   1.267965894651117E-018   3.153712664766711E-010
  </DiscreteSampler_grid>
  <DiscreteSampler_grid>
  grouped_processes
  1 # 1 for a reference and 2 for a running grid.
  10 # Attribute 'min_bin_probing_points' of the grid.
  1 # Attribute 'grid_mode' of the grid. 1=='default',2=='initialization'
  0.0000000000000000 # Attribute 'small_contrib_threshold' of the grid.
  0.5000000000000000 # Attribute 'damping_power' of the grid.
 # binID   n_entries weight   weight_sqr   abs_weight
    10   10   1.787565675950272E-003   1.325231109243874E-005   1.787565675950272E-003
    16   10   1.787565675950272E-003   1.325231109243874E-005   1.787565675950272E-003
    22   10   1.787565675950272E-003   1.325231109243874E-005   1.787565675950272E-003
    28   10   1.787565675950272E-003   1.325231109243875E-005   1.787565675950272E-003
  </DiscreteSampler_grid>
