  0.00000016480300342  0.00000016927910619  0.00000017274302010  0.00000017668208973
  0.00000018052151520  0.00000018389996477  0.00000018828027518  0.00000019258775605
  0.00000019695843395  0.00000020157111133  0.00000020674620834  0.00000021170874883
  0.00000021666055808  0.00000022173045735  0.00000022717901942  0.00000023296004816
  0.00000023879849651  0.00000024355528090  0.00000024722960868  0.00000025107163273
  0.00000025499454851  0.00000025947186363  0.00000026350652499  0.00000026750075349
  0.00000027179312045  0.00000027697868295  0.00000028208719307  0.00000028712112429
  0.00000029194456580  0.00000029698825056  0.00000030167472902  0.00000030570978513
  0.00000030942200391  0.00000031323753555  0.00000031725030637  0.00000032171863364
  0.00000032591487633  0.00000033039127039  0.00000033475870175  0.00000033926163247
  0.00000034402151445  0.00000034918041518  0.00000035502258778  0.00000036088127044
  0.00000036656375349  0.00000037222473631  0.00000037719314001  0.00000038339677773
  0.00000038856307497  0.00000039374485874  0.00000039879432147  0.00000040360403957
  0.00000040914811101  0.00000041615735558  0.00000042339125887  0.00000042930774296
  0.00000043611749285  0.00000044447330512  0.00000045335133538  0.00000046317324172
  0.00000047319684789  0.00000048296902278  0.00000049286152855  0.00000050280955129
  0.00000051306239508  0.00000052377168584  0.00000053534368139  0.00000055246949092
  0.00000057181290789  0.00000058876033739  0.00000060444842691  0.00000061931477251
  0.00000063544538997  0.00000065376371392  0.00000067120618596  0.00000068894848443
  0.00000070772945597  0.00000072616949506  0.00000074618383704  0.00000076725837751
  0.00000079384013629  0.00000082745508977  0.00000085750832591  0.00000088843840181
  0.00000092079223776  0.00000097722958355  0.00000106499726474  0.00000116501265876
  0.00000128523294679  0.00000142762303117  0.00000159607483576  0.00000188389393155
  0.00000253880349690  0.00000465535927928  0.00008382947263092  1.00000000000000000
  0.00000241298220167  0.00000242832576511  0.00000244022845925  0.00000245132609101
  0.00000246338007161  0.00000247767465438  0.00000248898871813  0.00000249821099454
  0.00000250659567838  0.00000251878161890  0.00000254986292330  0.00000258586304074
  0.00000262419972539  0.00000266565215511  0.00000270753403225  0.00000274645560729
  0.00000278311469119  0.00000281822376596  0.00000285374776503  0.00000289025900050
  0.00000292172660399  0.00000295060775193  0.00000297843799598  0.00000300808439564
  0.00000304819570696  0.00000310491333722  0.00000316592880918  0.00000322313865616
  0.00000328038663508  0.00000333647379547  0.00000338522027147  0.00000343242120768
  0.00000348023512922  0.00000353619865204  0.00000360844121430  0.00000367756951295
  0.00000373334176387  0.00000377805122302  0.00000381976991698  0.00000386346786419
  0.00000391233933438  0.00000396785915180  0.00000402825345302  0.00000408614816454
  0.00000414061428228  0.00000419019410306  0.00000423100014829  0.00000427089126455
  0.00000431015584015  0.00000434704565122  0.00000439376354672  0.00000445026115304
  0.00000450892831388  0.00000457619649436  0.00000464780836471  0.00000472343134428
  0.00000479882659326  0.00000487409545013  0.00000495097997124  0.00000502920601746
  0.00000511688248510  0.00000519445148089  0.00000525945139532  0.00000532415554443
  0.00000538800269884  0.00000545173198905  0.00000552856210273  0.00000562345099892
  0.00000572613080156  0.00000584380555913  0.00000596692604772  0.00000608241679084
  0.00000618221108807  0.00000628681459955  0.00000639665806102  0.00000651050294220
  0.00000663813619101  0.00000681376590749  0.00000705155974693  0.00000731532552971
  0.00000754754672396  0.00000776277498023  0.00000798323003817  0.00000822163660097
  0.00000848776384444  0.00000880027726175  0.00000924882099435  0.00000975356370762
  0.00001039833819276  0.00001116619021666  0.00001206141052202  0.00001325123723099
  0.00001505302198746  0.00001919834918213  0.00014677160589379  1.00000000000000000
  0.00000019775803208  0.00000023776329623  0.00000027341413531  0.00000029835263362
  0.00000032513043963  0.00000034918047165  0.00000036924574029  0.00000038961206513
  0.00000040850174079  0.00000042850554515  0.00000044946484304  0.00000047082387536
  0.00000049538943648  0.00000052784778375  0.00000057202597559  0.00000062421413084
  0.00000068102164954  0.00000073401660750  0.00000077138070829  0.00000079117567891
  0.00000080569480631  0.00000081889320997  0.00000083362852196  0.00000085218850976
  0.00000087236210751  0.00000089226246280  0.00000091077000544  0.00000092899422490
  0.00000095217829319  0.00000097578883320  0.00000099784640420  0.00000101863279610
  0.00000104136429205  0.00000106386351398  0.00000108388157975  0.00000110422243795
  0.00000112555580972  0.00000114856403630  0.00000117016341769  0.00000119231385741
  0.00000121473237527  0.00000124108726328  0.00000126787308672  0.00000129370753765
  0.00000131940646188  0.00000134369324579  0.00000137295312350  0.00000142263891058
  0.00000148493032266  0.00000154774616029  0.00000161124738478  0.00000167221103276
  0.00000173203065763  0.00000179856929110  0.00000186761670291  0.00000193983924098
  0.00000201752136836  0.00000210353815462  0.00000218349792874  0.00000224803574899
  0.00000231621138023  0.00000238674275324  0.00000246310182964  0.00000253910702539
  0.00000265308703749  0.00000276319821395  0.00000286809114198  0.00000296950698635
  0.00000308106911273  0.00000319530301924  0.00000330430682341  0.00000341179492233
  0.00000352297448601  0.00000363551347136  0.00000379401726488  0.00000395424380888
  0.00000415244224455  0.00000436064507342  0.00000464311588883  0.00000496456215971
  0.00000532308264533  0.00000573773762421  0.00000622025969028  0.00000665560301112
  0.00000705511457234  0.00000747939099343  0.00000795200011674  0.00000847629097775
  0.00000904901716397  0.00000968299981245  0.00001033095377590  0.00001126639810712
  0.00001297480441172  0.00001500102017678  0.00003162290962750  1.00000000000000000
  0.01356100907224440  0.01731096200255313  0.01992223430621402  0.02472251393156147
  0.03156789737223210  0.04079516294821087  0.05840237772927218  0.08658138491741801
  0.10690542897859877  0.12685817536375332  0.14246988308009328  0.15048289184806096
  0.15585771562926870  0.16193353642485597  0.16902534218297277  0.17584448522224197
  0.18268219902157309  0.18866465212797434  0.19408956373831451  0.19992508630114725
  0.20559991091031507  0.21284059054005533  0.22089462189250769  0.22934256627885360
  0.24447898552549216  0.26737302649275141  0.28676716082182441  0.30516423280367910
  0.32231014620926607  0.33741138599018977  0.34726667000370776  0.35834588183886645
  0.37006668278736077  0.38104192693384875  0.39051652696703759  0.39980454073736893
  0.40869650556274356  0.41703369701177534  0.42553800547193249  0.43350456729328773
  0.44514646350624598  0.46045271822612205  0.47485390945858086  0.48707574739408160
  0.49922310133492293  0.51126526956270224  0.52518309287395337  0.53855958729110520
  0.55083769670158111  0.56273841038994832  0.57453945445053978  0.58694076728227862
  0.59894964313726973  0.61185991855813238  0.62545978847838946  0.63763935003597294
  0.64773123162131407  0.65832403643478909  0.66617767940531147  0.67382554611144241
  0.68188050584500737  0.68976446392128954  0.69732014301580569  0.70424879510314042
  0.70979371505324984  0.71634661518350495  0.72301931336742453  0.73138869316909805
  0.74300204366364819  0.75584159331482581  0.77149946357355914  0.78723542120523959
  0.80045811629910124  0.81293281716035859  0.82392046076373804  0.83297280937930740
  0.83809373624160610  0.84232072077417131  0.84858010234251824  0.85687138573806310
  0.86393490837086939  0.87011179336944389  0.87586170100020067  0.88106480293378664
  0.88639518961220765  0.89135214837895338  0.89869273736950206  0.90900340397008206
  0.92152849310744023  0.93501344192730196  0.94691856397878849  0.95340491259478233
  0.96189702273915878  0.97528689798972790  0.98773590066246175  1.00000000000000000
 -0.00359371196993015  0.01785573124021065  0.03411162640472751  0.05013152876790733
  0.06702708000253291  0.08535403990137211  0.09409052201539037  0.10488528909266656
  0.11717241820422987  0.12685605610991046  0.13514887033166054  0.14357208838603286
  0.15226083399701509  0.16218406234609770  0.17303765293629791  0.18389239490588632
  0.19909875766553925  0.21507340804920710  0.22789190558307237  0.23639759583173034
  0.24257338402043568  0.24784797358940042  0.25258904083342465  0.25671976271799474
  0.26183392276854195  0.26839806169744806  0.27744036846115538  0.28460734158775236
  0.29381235095592384  0.31063906491940990  0.31822227655566093  0.32587110224987004
  0.33392960114719855  0.34177431035450245  0.34797343031651629  0.35385597072730957
  0.35979627535389846  0.36681565329137233  0.37446992954904890  0.38756065385432309
  0.40148162627157402  0.41370611683952563  0.42858447915464426  0.44849415052801989
  0.47370347020288350  0.49060676983518076  0.50381746866279187  0.51726334882767910
  0.52871152540221344  0.54114920022897184  0.55749878939947350  0.57670458013773962
  0.59582816852793674  0.61443045638264548  0.63398394418183002  0.65354332933818404
  0.67102930812077088  0.68573763391307085  0.69739235128075916  0.70875922081926013
  0.71937420775129346  0.72865606935331761  0.74004067972682719  0.75104852321154580
  0.76224229419640988  0.77206540556846137  0.77833615982304349  0.78479115708779579
  0.79247869074237587  0.79964854968662824  0.80604364857921396  0.81107147022190917
  0.81609763579443617  0.82105941676678174  0.82681431211911027  0.83263099118896877
  0.84011689768562203  0.85048456462575572  0.86122112395009398  0.87023503943120628
  0.87884845497561004  0.88778816068269240  0.89660406679721272  0.90522905405438192
  0.91241945627334986  0.91995182727404146  0.92746139455151344  0.93495117655877036
  0.94110487892613914  0.94707632690343502  0.95316994044893544  0.96399749256218592
  0.97432572201129852  0.98355091134665185  0.99177545567332615  1.00000000000000000
 -0.00824601801132331  0.02739741537656597  0.05109504118451973  0.06972182222027844
  0.07797086178815174  0.08863078896435683  0.09972019633287631  0.10726008800715930
  0.11237204658152930  0.11708391831623782  0.12127264932076848  0.12555296977215202
  0.12963931793496378  0.13427659895800956  0.13766659860162889  0.14062155152308781
  0.14330087825477469  0.14643788683669451  0.15015823936974096  0.15419453216079071
  0.15847211513992565  0.16283994661821410  0.17004530664917095  0.18451867370284103
  0.19885604804330415  0.21004941928328158  0.21840165975701994  0.22579381676971055
  0.23420271402866807  0.24214233187414089  0.24910508560130451  0.25473468143725037
  0.25940326771287792  0.26475880699796278  0.27063698742146852  0.27589268231476916
  0.28081440439014299  0.28594851377411695  0.29093329247212307  0.29562329769491102
  0.30034757902260800  0.30655678755022570  0.31173556025800592  0.31886488768957305
  0.32976555701414306  0.34631169098607284  0.36628335940837542  0.38341682610506722
  0.39521845994644372  0.40806255125772978  0.42009974429057723  0.43165365643350961
  0.44135534239435115  0.44915731433144040  0.45762197185704467  0.46560950029194403
  0.47324569337355460  0.48173938133023730  0.49114423575965860  0.50177660249812195
  0.51475098440202105  0.52847816308433937  0.54278266468768011  0.55737139589386697
  0.57313767107934044  0.60000896020478678  0.62996444705902677  0.65123704219835898
  0.66452158049974885  0.67812271700038562  0.68981428496459896  0.70095439776021373
  0.71277621292218074  0.72277973308373622  0.73439296342908800  0.74773971008523044
  0.76286703451077909  0.78216724552003003  0.79934807081516412  0.81282966731551332
  0.82886973382357065  0.84441238855901213  0.86061734678063628  0.87501504603073343
  0.88703052164087437  0.89951251044974823  0.91039828997442585  0.91807312561972565
  0.92217802178648245  0.92641378323589418  0.93268887339842654  0.93896396356095901
  0.94609020733232341  0.95331164335137530  0.97206196872427142  1.00000000000000000
  0.00359510398772516  0.01338212140358665  0.02100297347871703  0.02942898280896394
  0.03945069120839235  0.05495790671962442  0.07435942577632268  0.08934389044252436
  0.09641036949518660  0.10476178166398260  0.11533749576892925  0.12678681047344539
  0.13640899358332775  0.14608975766508245  0.15798900193003276  0.17267727485263287
  0.18611630861919537  0.20012140215677240  0.21357799572885799  0.22799811712838011
  0.24230164472113425  0.25607174347650047  0.26977411943433238  0.27963256218155713
  0.28824197635487792  0.29616940431279065  0.30528853320363269  0.31364889301641630
  0.32218192691303532  0.32991542072248298  0.33717403904100429  0.34598051830927934
  0.35499894319089692  0.36428696432309526  0.37296891250210984  0.38183494752447689
  0.40085280966518105  0.41987067180588522  0.43323139441159830  0.44571701819520160
  0.45978276890416125  0.47504402014892305  0.48996885191974926  0.50548580244921970
  0.51802371008891568  0.52911502214477935  0.53998162927101279  0.55063087593533444
  0.56126731307655053  0.57213162234150516  0.58210680592004860  0.58980437362403149
  0.59840497515146529  0.60775154685618915  0.61558032373547811  0.62229120522380577
  0.62876770612136301  0.63527799413309938  0.64353012135873966  0.65288941421037405
  0.66297314735726820  0.67503358666854874  0.68891346362991734  0.70177258335182768
  0.70984427506028713  0.71478729236197780  0.71951919938687958  0.72282045681024232
  0.72656145750997725  0.73192578404189046  0.73655870086693531  0.74159061228999512
  0.74592601566164007  0.74939080259956792  0.75287885247110342  0.75710901558536958
  0.76180038451786158  0.76678985952615730  0.77250801990890694  0.77909165350889897
  0.78580328962427792  0.79492249416916605  0.80703912051465454  0.82247804403065283
  0.84319094223602098  0.85534403435440320  0.86896523478998844  0.88079531668661770
  0.89308380147168931  0.90671738651465761  0.92068817623929811  0.93451421429313219
  0.94916569084612401  0.96376045415646794  0.98167543571324523  1.00000000000000000
  0.00171345341708206  0.00265305159736263  0.00359264977764321  0.00453224795792378
  0.00547184613820435  0.00745115261192844  0.01051127370187702  0.01357139479182560
  0.01663151588177418  0.03011706968816214  0.04614458764864439  0.05815626683785104
  0.07358022594520412  0.08958577507424401  0.10273057306549911  0.11451248880630195
  0.12430246577576211  0.13357037101520103  0.14312072759388036  0.15414187062976442
  0.16183972400544130  0.16874117535518540  0.17561313936905051  0.18328130654574024
  0.19523603334528622  0.20976383890287462  0.22482149467291221  0.24300019598859060
  0.26377050241930555  0.28276051630375126  0.29880931116212062  0.31583972045365116
  0.33679053818719396  0.35408509299132401  0.36239013311528939  0.36980607442309238
  0.37648916588673781  0.38338255606070781  0.39125567005903628  0.39862937039774099
  0.40554357002193225  0.41298960220535347  0.42578611739280187  0.44292819037293030
  0.46117874626816419  0.47665436268077538  0.48572162218359988  0.49306401303224268
  0.49977191058408665  0.50602649139935396  0.51222974947225552  0.51775775897078302
  0.52339615469233169  0.52934377559873058  0.53623672801277389  0.54233261134877908
  0.54933765124834733  0.55685538846262495  0.56836134223182011  0.58819417373704597
  0.60402969413239838  0.61733519859899189  0.62918418426164791  0.64035638980847132
  0.65294605711462539  0.66867242302731356  0.68658808883998468  0.70363110321858913
  0.71479898894201599  0.72160219188039143  0.72854794221177788  0.73605184332628470
  0.74388895020771051  0.75132932038507960  0.75813167315533947  0.76382821576872140
  0.77031132635793520  0.77779988710893389  0.78493687968405468  0.79188567469082860
  0.79938417996047084  0.80619323406174970  0.81379177989020224  0.82712401399655255
  0.84222100729552740  0.85682631663443065  0.86928726309421023  0.88057765380604425
  0.89083936896338289  0.90500949680615761  0.91960641682728606  0.93427825874501802
  0.94655879870105242  0.95945036171084608  0.97670801283126962  1.00000000000000000
  0.73589080129466533  0.75069362473844159  0.75743793285468963  0.76236209035360258
  0.76774038681291079  0.77156870930687182  0.77502627850648520  0.77955922480609663
  0.78333586041757552  0.78653841641642330  0.78911898890969856  0.79186523147395305
  0.79476795455310190  0.79749439215658180  0.80018394788312075  0.80234270094479299
  0.80423144433438798  0.80627740504079404  0.80856278548900185  0.81172010404019690
  0.81520463573844926  0.81835127099523353  0.82138885606592016  0.82455505235622895
  0.82754759858370519  0.82943776362180288  0.83134588957529443  0.83335150255919488
  0.83560172934837018  0.83887076106394087  0.84250380831378779  0.84583996639226922
  0.84882389741965480  0.85172319774960159  0.85409906705258964  0.85579044436490326
  0.85734216198608371  0.85892450683418065  0.86067385935160134  0.86252907705613613
  0.86430239140542320  0.86578286718093878  0.86707661041414952  0.86832415429498933
  0.86952120423124413  0.87085614801338285  0.87220716939563181  0.87367358073984669
  0.87514770359357996  0.87677141211639320  0.87855880415159693  0.88029203938641554
  0.88194907404810485  0.88365566623001135  0.88516999270232843  0.88656566129108327
  0.88789439814814675  0.88924016303764097  0.89054513646178701  0.89188943802948328
  0.89324152817008340  0.89452053558852807  0.89584039151276529  0.89726741667870213
  0.89883567329726688  0.90047548459762716  0.90223013558875975  0.90396986944974678
  0.90570028514144563  0.90714990964232145  0.90853747180324040  0.90983688607912083
  0.91112261189910349  0.91253363656695852  0.91426449222371708  0.91597258817906091
  0.91835299061044773  0.92182538953756021  0.92548596539683148  0.92828961688852007
  0.93076590689828054  0.93300227804791780  0.93496910467693117  0.93739308083044781
  0.94039264125714950  0.94274201982218808  0.94504980926441873  0.94768387827264455
  0.95032376605831015  0.95276970456596644  0.95521564307362272  0.95892077411348842
  0.96283334454148051  0.96710392424153035  0.97496959983496234  1.00000000000000000
  0.29130189736212231  0.30829645598290861  0.31528386534789948  0.32046351077730567
  0.32621680618061361  0.33243887027809854  0.33921688312864556  0.34441553678024461
  0.34913130988258462  0.35398194036697589  0.35930058898148476  0.36468575793622604
  0.36952010461196139  0.37399694157193364  0.37851985748088007  0.38235537639104944
  0.38622647750589034  0.39038446873725385  0.39426650900438659  0.39774535036617031
  0.40159570190242538  0.40537506824724390  0.40900794495536363  0.41333261721029313
  0.41786569905944887  0.42209791302006661  0.42595510706402723  0.42965173703795184
  0.43314695099091477  0.43792356490209755  0.44258693943687089  0.44790920987975757
  0.45256546777877205  0.45733820634572031  0.45977904399038472  0.46153961498251694
  0.46332043000893364  0.46573016709670645  0.46833583156015779  0.47098469930310755
  0.47346792481152444  0.47577621372484158  0.47814323853393564  0.48059494651154128
  0.48317321140336333  0.48557200320481902  0.48795065610097144  0.49058877327550815
  0.49322267416750920  0.49576388523198434  0.49819769960802501  0.50065055112144186
  0.50320636801503171  0.50579055458053224  0.50841426998220240  0.51123181318475541
  0.51392530309533113  0.51651681940677507  0.51887575182439860  0.52197223734941589
  0.52649899283374735  0.53132307099714116  0.53593585120704046  0.54047895346786246
  0.54466904753637591  0.54903644372509874  0.55326652845924662  0.55715479441204430
  0.56201309244461528  0.56690520352958584  0.57134109187957483  0.57597483738778943
  0.58038550131255395  0.58447269879601560  0.58998960823478186  0.59633454953710063
  0.60231445522553639  0.60800362823023690  0.61405239564785585  0.62033170942799609
  0.62647744140327200  0.63313131513343646  0.63933412406290457  0.64521649589545627
  0.65053121679445247  0.65526365787074137  0.65999460230595519  0.66506835331122427
  0.67046045516094477  0.67590768517126276  0.68027038178870902  0.68369986050363318
  0.68632688560354127  0.68778021692757341  0.68805265824002326  1.00000000000000000
   1.2599127626451296E-010  -1.0000000000000000     
  <DiscreteSampler_grid>
  Helicity
  1 # 1 for a reference and 2 for a running grid.
  40 # Attribute 'min_bin_probing_points' of the grid.
  1 # Attribute 'grid_mode' of the grid. 1=='default',2=='initialization'
  0.0000000000000000 # Attribute 'small_contrib_threshold' of the grid.
  0.5000000000000000 # Attribute 'damping_power' of the grid.
 # binID   n_entries weight   weight_sqr   abs_weight
    1   2   8.693312564427386E-012   1.475839506431335E-022   8.693312564427386E-012
    2   1   1.631142816207150E-011   2.660626886864194E-022   1.631142816207150E-011
    3   51   4.568830694076443E-010   1.266916499190612E-018   4.568830694076443E-010
    4   1   2.710962750580509E-013   7.349319035035038E-026   2.710962750580509E-013
    5   4   4.119104415932809E-011   5.694654356502423E-021   4.119104415932809E-011
    6   1   4.630634465523596E-011   2.144277555329500E-021   4.630634465523596E-011
    7   114   1.119128754062731E-009   2.073213477986969E-017   1.119128754062731E-009
    8   9   4.513524223636883E-010   1.352429686439830E-018   4.513524223636883E-010
    9   3   6.354325875171781E-011   6.027664063748623E-021   6.354325875171781E-011
    12   6   8.830856193246645E-011   1.652028470006097E-020   8.830856193246645E-011
    13   1   5.263315711981375E-013   2.770249228399001E-025   5.263315711981375E-013
    14   5959   6.271758850399456E-008   2.049865510279634E-013   6.271758850399456E-008
    15   7   2.721075704919559E-011   3.577414766315818E-021   2.721075704919559E-011
    16   857   1.352205628159538E-008   2.391658857855779E-014   1.352205628159538E-008
    17   193   2.110645874501199E-009   8.016672411889977E-017   2.110645874501199E-009
    19   562   5.708422451009989E-009   1.041638679831897E-015   5.708422451009989E-009
    20   1   3.467058553473813E-014   1.202049501321593E-027   3.467058553473813E-014
    21   4   9.913303086810767E-012   3.360565790597719E-022   9.913303086810767E-012
    23   148   2.396110996680355E-009   1.028057104948213E-016   2.396110996680355E-009
    27   42   1.617740830825608E-010   1.283614191348155E-019   1.617740830825608E-010
    28   138   1.119836100753982E-009   9.998728417159288E-018   1.119836100753982E-009
    29   2   1.802106137256080E-011   4.503684817182494E-022   1.802106137256080E-011
    31   2   3.031440990334171E-011   9.700814620976890E-022   3.031440990334171E-011
    33   490   6.634049610518636E-009   1.245138688422510E-015   6.634049610518636E-009
    34   9   5.861523991581427E-011   7.693836373948111E-021   5.861523991581427E-011
    35   224   2.279284984253569E-009   1.206718048432826E-016   2.279284984253569E-009
    36   16   5.852518638279995E-010   2.112691131340863E-018   5.852518638279995E-010
    37   61   7.623286054742841E-010   1.128468859555803E-017   7.623286054742841E-010
    40   679   7.042329927271030E-009   2.090422900351341E-015   7.042329927271030E-009
    41   91   1.105694277062104E-009   1.370185380237401E-017   1.105694277062104E-009
    42   127   1.469221952989584E-009   2.310591838875620E-017   1.469221952989584E-009
    44   58   6.278915149988732E-010   3.397269428659611E-018   6.278915149988732E-010
    45   208   2.899944326404681E-009   1.116046993830426E-016   2.899944326404681E-009
    48   42   5.142232893325551E-010   2.990499115331610E-018   5.142232893325551E-010
    49   202   2.882809375737810E-009   1.964150725787530E-016   2.882809375737810E-009
    51   550   5.906886777306896E-009   2.182804482030267E-015   5.906886777306896E-009
    53   1   1.847909145117939E-011   3.414768208610513E-022   1.847909145117939E-011
    54   14   3.423430944779010E-010   5.395947167543641E-019   3.423430944779010E-010
    55   66   6.375909282773908E-010   9.790928758003256E-018   6.375909282773908E-010
    56   101   3.166487135215666E-009   6.424755412037509E-016   3.166487135215666E-009
    57   28   3.621023272285815E-010   8.042064296440284E-019   3.621023272285815E-010
    58   97   2.588897971264233E-009   3.084775545567318E-016   2.588897971264233E-009
    60   59   4.991866326067518E-010   2.227445236546371E-018   4.991866326067518E-010
    61   16   2.301692214409101E-010   2.156775750251484E-019   2.301692214409101E-010
    62   1   1.813852517983826E-011   3.290060956996265E-022   1.813852517983826E-011
    63   30   5.661324104217263E-010   1.837694471734104E-018   5.661324104217263E-010
    64   657   7.091395822443154E-009   8.547972333221287E-016   7.091395822443154E-009
  </DiscreteSampler_grid>
  <DiscreteSampler_grid>
  grouped_processes
  1 # 1 for a reference and 2 for a running grid.
  10 # Attribute 'min_bin_probing_points' of the grid.
  1 # Attribute 'grid_mode' of the grid. 1=='default',2=='initialization'
  0.0000000000000000 # Attribute 'small_contrib_threshold' of the grid.
  0.5000000000000000 # Attribute 'damping_power' of the grid.
 # binID   n_entries weight   weight_sqr   abs_weight
    13   10   1.341751335168457E-002   8.452447569756719E-004   1.341751335168457E-002
    14   10   1.341751335168458E-002   8.452447569756733E-004   1.341751335168458E-002
    16   10   1.325455722839783E-003   1.607293408008228E-005   1.325455722839783E-003
    17   10   1.325455722839784E-003   1.607293408008231E-005   1.325455722839784E-003
    22   10   1.597849029558134E-002   2.189101300748428E-003   1.597849029558134E-002
    23   10   1.597849029558135E-002   2.189101300748432E-003   1.597849029558135E-002
    25   10   1.136872556792825E-003   5.752057097674052E-006   1.136872556792825E-003
    26   10   1.136872556792825E-003   5.752057097674054E-006   1.136872556792825E-003
    31   10   1.341751335168457E-002   8.452447569756722E-004   1.341751335168457E-002
    32   10   1.341751335168458E-002   8.452447569756733E-004   1.341751335168458E-002
    34   10   1.325455722839783E-003   1.607293408008228E-005   1.325455722839783E-003
    35   10   1.325455722839784E-003   1.607293408008231E-005   1.325455722839784E-003
    40   10   1.597849029558133E-002   2.189101300748425E-003   1.597849029558133E-002
    41   10   1.597849029558134E-002   2.189101300748429E-003   1.597849029558134E-002
    43   10   1.136872556792825E-003   5.752057097674054E-006   1.136872556792825E-003
    44   10   1.136872556792825E-003   5.752057097674055E-006   1.136872556792825E-003
  </DiscreteSampler_grid>
