  0.00000025423489656  0.00000026065850695  0.00000026417282273  0.00000026810170446
  0.00000027212404515  0.00000027618750183  0.00000028022652816  0.00000028428903779
  0.00000028835619929  0.00000029271987768  0.00000029741789871  0.00000030231605506
  0.00000030728365437  0.00000031225662517  0.00000031725164778  0.00000032228285726
  0.00000032736850263  0.00000033254450004  0.00000033788130795  0.00000034338554190
  0.00000034895194033  0.00000035454981171  0.00000036023105215  0.00000036604487949
  0.00000037202660473  0.00000037822976635  0.00000038469632661  0.00000039139272118
  0.00000039826968513  0.00000040527403318  0.00000041236221569  0.00000041956902360
  0.00000042704879135  0.00000043493535151  0.00000044322027482  0.00000045168708624
  0.00000046022303765  0.00000046884900708  0.00000047774832235  0.00000048697714949
  0.00000049665190401  0.00000050659848314  0.00000051696347700  0.00000052783786395
  0.00000053907609238  0.00000055091170779  0.00000056318368493  0.00000057587354039
  0.00000058905701236  0.00000060273891742  0.00000061708930861  0.00000063194855133
  0.00000064737627992  0.00000066365366422  0.00000068074579817  0.00000069827502555
  0.00000071633720423  0.00000073514665003  0.00000075537188086  0.00000077718357923
  0.00000080005102396  0.00000082365220162  0.00000084785708100  0.00000087310648808
  0.00000089976653174  0.00000092769023534  0.00000095902045680  0.00000099429322906
  0.00000103103298201  0.00000106986387206  0.00000111068020472  0.00000115502940848
  0.00000120354471472  0.00000125548373642  0.00000131141744035  0.00000137242871050
  0.00000143867388497  0.00000151175215466  0.00000159062326459  0.00000167819420708
  0.00000177684174441  0.00000188566098063  0.00000200565620243  0.00000214794675469
  0.00000231621188558  0.00000251408854930  0.00000275477527418  0.00000306076707660
  0.00000346573558710  0.00000402127039548  0.00000484961183980  0.00000622554088690
  0.00000880489971380  0.00001550915838488  0.00004224359076703  1.00000000000000000
  0.00000014177235517  0.00000015331897418  0.00000015978265200  0.00000016526956627
  0.00000017063247677  0.00000017596495385  0.00000018135985038  0.00000018686203726
  0.00000019240506691  0.00000019806834022  0.00000020391569883  0.00000020985763524
  0.00000021592577719  0.00000022218408920  0.00000022860785221  0.00000023515679103
  0.00000024191399062  0.00000024889258685  0.00000025600930601  0.00000026321367327
  0.00000027050679676  0.00000027797146061  0.00000028568449199  0.00000029372103950
  0.00000030212002750  0.00000031081183540  0.00000031979161308  0.00000032902199434
  0.00000033841800377  0.00000034797625495  0.00000035742882806  0.00000036710868086
  0.00000037718904222  0.00000038804870502  0.00000039934576422  0.00000041120503868
  0.00000042363188679  0.00000043681631029  0.00000045051378842  0.00000046467964210
  0.00000047950632747  0.00000049504483924  0.00000051131615260  0.00000052834007540
  0.00000054610561175  0.00000056445262040  0.00000058355904749  0.00000060350932450
  0.00000062452613332  0.00000064651855992  0.00000066936297507  0.00000069331343128
  0.00000071836469356  0.00000074473614986  0.00000077244762467  0.00000080180955949
  0.00000083268665878  0.00000086467153924  0.00000089807147316  0.00000093354392949
  0.00000097168683806  0.00000101201345096  0.00000105382563788  0.00000109787151560
  0.00000114505362238  0.00000119542437546  0.00000124821207624  0.00000130310315025
  0.00000136125303755  0.00000142416998601  0.00000149227426372  0.00000156520812254
  0.00000164290681343  0.00000172695789609  0.00000181775786796  0.00000191624206379
  0.00000202250566019  0.00000213720846459  0.00000226035208215  0.00000239393191318
  0.00000254740369365  0.00000272230296858  0.00000292148884220  0.00000315609482168
  0.00000342144750473  0.00000372601093461  0.00000410830009286  0.00000458239854762
  0.00000518976547852  0.00000600027121366  0.00000702940676642  0.00000839081951740
  0.00001033132416984  0.00001352252938747  0.00002080134206237  1.00000000000000000
  0.00000025028541608  0.00000028436224342  0.00000030037639559  0.00000032072229029
  0.00000034066491463  0.00000036034886496  0.00000038022892414  0.00000040029040205
  0.00000042033863486  0.00000044067134765  0.00000046157505663  0.00000048283962893
  0.00000050443876293  0.00000052642565158  0.00000054880837662  0.00000057142064360
  0.00000059393160664  0.00000061615594325  0.00000063859110397  0.00000066180078155
  0.00000068576269565  0.00000070994500946  0.00000073402440768  0.00000075807165253
  0.00000078243720198  0.00000080730726770  0.00000083271662654  0.00000085861161421
  0.00000088504450340  0.00000091188650093  0.00000093924939974  0.00000096720379539
  0.00000099575475509  0.00000102480339978  0.00000105435207606  0.00000108415732227
  0.00000111412439145  0.00000114498176367  0.00000117676000239  0.00000120955684100
  0.00000124325439289  0.00000127785657410  0.00000131332650426  0.00000134993951185
  0.00000138794455685  0.00000142695151486  0.00000146681420611  0.00000150769129312
  0.00000154961392387  0.00000159320706253  0.00000163824340261  0.00000168488586472
  0.00000173299001879  0.00000178273542737  0.00000183473941738  0.00000188872252040
  0.00000194448286363  0.00000200241422712  0.00000206317190861  0.00000212661604552
  0.00000219250290599  0.00000226189950246  0.00000233422787302  0.00000240992925597
  0.00000248964225995  0.00000257470932002  0.00000266502642152  0.00000276013683337
  0.00000286140804709  0.00000296978697363  0.00000308741203657  0.00000321464041540
  0.00000335084996225  0.00000349602373266  0.00000365086443721  0.00000381754762220
  0.00000399888432908  0.00000419904626634  0.00000441900012160  0.00000465549812144
  0.00000490572077809  0.00000517375114979  0.00000547996583223  0.00000583210685276
  0.00000624385792693  0.00000672063518821  0.00000725456175940  0.00000785447967325
  0.00000856124560374  0.00000945054467568  0.00001061594797236  0.00001201265337238
  0.00001345928260612  0.00001505655045652  0.00001704965994018  1.00000000000000000
  0.00075066701718754  0.00429195059507222  0.00745365579030086  0.00974156961109968
  0.01113627256842840  0.01557912355474188  0.02073354030055534  0.02841480047128181
  0.03800175147135958  0.04979010656648185  0.06162637946701720  0.07223124669332792
  0.08462660236557960  0.09704796183898425  0.10695379827556878  0.11624672026182142
  0.12579942625694843  0.13544478421336253  0.14499158298342454  0.15412538328820508
  0.16302695461914865  0.17180998422364549  0.18046735355778334  0.18901255433647479
  0.19748404727986268  0.20590846800919743  0.21431190552609719  0.22272464534532135
  0.23117232941004937  0.23964271124134712  0.24809118047024500  0.25647250114049264
  0.26475708138932358  0.27295319833381343  0.28112903585757737  0.28940028135513113
  0.29759815313533061  0.30572866798687753  0.31386617052500793  0.32215123807821455
  0.33039043237073878  0.33885774931034768  0.34754010936307650  0.35606768969585878
  0.36430481292038736  0.37238085658358733  0.38057694917142526  0.38887352535874525
  0.39731190371256220  0.40579195650164268  0.41432140127564060  0.42291768682682529
  0.43153036028099517  0.44009327699268191  0.44860672619327996  0.45715521115706170
  0.46577748195473517  0.47446836439349355  0.48323607526898654  0.49204614525970919
  0.50076081672450745  0.50964022151490485  0.51849035720507064  0.52735233489671240
  0.53611588156701184  0.54501198158576447  0.55408784576416537  0.56323063903681470
  0.57253452282442252  0.58209127189382892  0.59194367736447151  0.60198093629154348
  0.61207299882571087  0.62224444183397998  0.63251659172942942  0.64294605269119010
  0.65362856201454178  0.66447557244799804  0.67540013898672624  0.68639512655011026
  0.69758090668807138  0.70920247637068956  0.72117225341554270  0.73351511200088615
  0.74654666468798236  0.76037895113025378  0.77523625153690490  0.79104297794332878
  0.80779899975766001  0.82764984784268925  0.85162075361741230  0.88169855893013538
  0.91240248258756562  0.94108867499896753  0.98484446120249114  1.00000000000000000
 -0.00222260035057014  0.00913063534139219  0.01851130830588859  0.02884163713234533
  0.03913193928276623  0.04969281062279224  0.06002707976267630  0.07033535100600447
  0.08067530668442008  0.09117779095253281  0.10171518890056544  0.11230666264334227
  0.12218383464499750  0.13257223650181529  0.14277856943795536  0.15331738738222866
  0.16405055747458117  0.17494702900168416  0.18611691070021613  0.19703905432360866
  0.20773005172043843  0.21812519254615043  0.22866857518898018  0.23931666909122581
  0.25015993436975731  0.26099182360292145  0.27152593206346604  0.28204055515921239
  0.29254500263741545  0.30324835906581671  0.31416493076262642  0.32490299205514067
  0.33593037360140665  0.34683306006818043  0.35737992924783540  0.36755287310971774
  0.37793327170879343  0.38852929726329316  0.39910704265791802  0.40949514965885458
  0.42003094077937669  0.43083048306484778  0.44159069453765620  0.45222620076029751
  0.46292216545062914  0.47332686372510480  0.48370967818744098  0.49416951965066541
  0.50459580649084479  0.51529254337885733  0.52578098263520379  0.53602885068975259
  0.54649535999850729  0.55708276304018478  0.56746660514618352  0.57729168422812904
  0.58719317346241728  0.59754589598132246  0.60838733422795388  0.61934881806369302
  0.63004879968323935  0.64041051684142958  0.65081338140591549  0.66138990435636624
  0.67197440898049310  0.68218640788888485  0.69274570175331618  0.70381205161519789
  0.71404392486299806  0.72512364399843576  0.73683487728742936  0.74789170896844270
  0.75815344237608329  0.76833702240345514  0.77906902090980146  0.78979753599494262
  0.80014756829555744  0.81041613364448872  0.82083630402270047  0.83126630941406476
  0.84182691113510566  0.85245963986779150  0.86298855411584718  0.87341243447328010
  0.88441710482799396  0.89543590791438821  0.90591360689781208  0.91586937937713842
  0.92582487168535188  0.93590217514167140  0.94648517495954709  0.95687659856233287
  0.96716717752071102  0.97742034366798858  0.98712897860061732  1.00000000000000000
 -0.00259152016467801  0.01010370491337763  0.01914849788952433  0.03003046060060963
  0.03998079652574695  0.05014196533476913  0.06043754692656297  0.07079771599915248
  0.08123016653556681  0.09186554289776427  0.10274050640444798  0.11287724200182953
  0.12311797232238296  0.13370366035618164  0.14422097620806681  0.15460850108489321
  0.16504208989891561  0.17574574584432243  0.18685383693099275  0.19786553773722979
  0.20876772749285577  0.21946454641778401  0.23013651158283294  0.24041259826361938
  0.25093837624052190  0.26132570254382181  0.27161843928447083  0.28191677846816016
  0.29237086063650131  0.30323040682925373  0.31387339720893254  0.32421791288888741
  0.33453017230176507  0.34487248539117538  0.35522183479886915  0.36550145452271970
  0.37613659912966652  0.38719911746544600  0.39801942822177594  0.40849366631805667
  0.41871876654936518  0.42915025819346586  0.43976848443586808  0.45052564467494582
  0.46121522873610976  0.47206959146235866  0.48275061706770528  0.49346445692868340
  0.50418776475869498  0.51519932772879506  0.52623697528111824  0.53720022416943958
  0.54767361215296884  0.55783231768734021  0.56829810799517555  0.57895508319610556
  0.58926960285266183  0.59922287848955480  0.60903868279805029  0.61949885775039570
  0.63018028407561988  0.64085265423173687  0.65130152772399452  0.66193774105996461
  0.67258398806740127  0.68344437986282447  0.69433479612086046  0.70519430872057209
  0.71602585040502542  0.72657092975469162  0.73733216517180344  0.74811029291027853
  0.75879642221650856  0.76947945206707313  0.78006417404386674  0.79076583405501844
  0.80136398180186097  0.81202079286313933  0.82276513853972644  0.83362835347363529
  0.84392606864396191  0.85490606119341372  0.86628796740879688  0.87745953348006567
  0.88824632318727759  0.89841787524422978  0.90818228309598115  0.91812339695295175
  0.92810229664145583  0.93821401883410849  0.94828600188084733  0.95866756463966885
  0.96933968750145305  0.97944917813722743  0.98977791237276513  1.00000000000000000
  0.00000183254882632  0.00000215702488464  0.00000246817798041  0.00000280467541361
  0.00000316851548725  0.00000355585231069  0.00000395490594788  0.00000435972610997
  0.00000481266444655  0.00000531779635761  0.00000582115031665  0.00000630258899630
  0.00000677171597345  0.00000723443542724  0.00000769213431353  0.00000814511378493
  0.00000859108360458  0.00000903316296303  0.00000946980684952  0.00000990044360726
  0.00001032438834748  0.00001074110513319  0.00001115280506909  0.00001156143928332
  0.00001196892846318  0.00001237583319044  0.00001277806339630  0.00001316955351801
  0.00001354080722056  0.00001389391161580  0.00001424258362886  0.00001460059203391
  0.00001497438017085  0.00001534729385026  0.00001571663101361  0.00001608005654226
  0.00001644352440573  0.00001680347564096  0.00001716365943480  0.00001752334538792
  0.00001788992714794  0.00001825734130483  0.00001862432255565  0.00001898536096702
  0.00001934377038209  0.00001970936998981  0.00002007183877321  0.00002043196241735
  0.00002079891263834  0.00002116627798273  0.00002152500490169  0.00002186323011528
  0.00002217683734275  0.00002246586352740  0.00002274458766925  0.00002303588723410
  0.00002333193989839  0.00002362381712505  0.00002390786453206  0.00002420226061178
  0.00002452460030394  0.00002486321221645  0.00002521519171144  0.00002557596803497
  0.00002593057665892  0.00002628328524576  0.00002664165901312  0.00002698469606120
  0.00002731410833237  0.00002762553450611  0.00002790526069848  0.00002819990216394
  0.00002854188843538  0.00002889916935852  0.00002924156682044  0.00002960388221790
  0.00002999763732621  0.00003041781483398  0.00003087105106590  0.00003131375073505
  0.00003176366678780  0.00003225885202379  0.00003280011947813  0.00003327730667206
  0.00003374758441350  0.00003426009658535  0.00003491702593442  0.00003570454267814
  0.00003662044546238  0.00003748175347311  0.00003841703773240  0.00003920090320813
  0.00004010486160596  0.00004086175330227  0.00004145905660738  1.00000000000000000
 -0.00174820828640202  0.00675093793433725  0.01544295894670036  0.02370924767595665
  0.03209060756351850  0.04045532047186731  0.04896014830057775  0.05736792574516811
  0.06637921741139011  0.07518874430289732  0.08442212343300151  0.09404041680119794
  0.10371850912071637  0.11288065587967147  0.12219999157323599  0.13151711222113749
  0.14062880864548602  0.14969878417442922  0.15876849422404804  0.16809246209804196
  0.17777207594232680  0.18789779025489037  0.19802765743402714  0.20807249126699118
  0.21819893807642568  0.22798805511716994  0.23756917566772071  0.24718661663710551
  0.25678103900332344  0.26643235140171639  0.27623611530528436  0.28614185906908141
  0.29627322391735561  0.30673794973879986  0.31748068113805533  0.32838870858575914
  0.33973524046732922  0.35215664739696656  0.36626622375112178  0.38156415279948463
  0.39680115999554916  0.41102660330920276  0.42498466388331996  0.43897848786710764
  0.45372319686598966  0.46831633961950814  0.48285266115449127  0.49680113085789029
  0.51051748543267861  0.52401855517618223  0.53755649673385564  0.55146277640345243
  0.56499825264480019  0.57748467714342699  0.59023199232252455  0.60435199341698653
  0.61872898671521670  0.63227232854608451  0.64525590478242834  0.65746991426565005
  0.66886672256255297  0.67966088707505012  0.69025019634515627  0.70073514977012064
  0.71089519085479125  0.72070254221829044  0.73040601540389105  0.74012159174173364
  0.74984291427326744  0.75961193995271759  0.76948401220157492  0.77936527920178844
  0.78906217297233505  0.79851458974037481  0.80787305918362107  0.81716273797827677
  0.82640000290897964  0.83589189493163685  0.84524655522730863  0.85484875763677537
  0.86495519584657421  0.87480282166345824  0.88416133885877413  0.89365887580889125
  0.90316400932636254  0.91250752210301056  0.92162252441145853  0.93061165282174729
  0.93945403850855702  0.94844657566728618  0.95711966494411072  0.96599475333151441
  0.97458581037073699  0.98291987514906454  0.99145628989683343  1.00000000000000000
  0.71891399215980922  0.72647212151999863  0.73226434526271589  0.73761410448271281
  0.74399272740883216  0.75129274866549367  0.75832357310839704  0.76486225782203054
  0.77092122459960555  0.77649907344116309  0.78180689623075816  0.78690224348189486
  0.79186943160690215  0.79670469193354265  0.80126352371816800  0.80561662549072921
  0.80992157413948651  0.81404277127572156  0.81801409694525884  0.82186257487111269
  0.82558964075518848  0.82916777168079880  0.83265002479138439  0.83605090942297378
  0.83935550002401049  0.84255926451194152  0.84568193025213356  0.84877155802640902
  0.85182836403697215  0.85480377492266080  0.85768147638358638  0.86048955133645555
  0.86322748554798434  0.86589728297415758  0.86852589529855062  0.87113870845374763
  0.87371099865737478  0.87618715937210623  0.87856119419949097  0.88089684767007348
  0.88322154741576264  0.88552135490520834  0.88775708069081938  0.88995450039195223
  0.89216670024388633  0.89439847218185486  0.89660358176014687  0.89876109484665723
  0.90088918827430464  0.90299626491694485  0.90506224455257056  0.90708473692883240
  0.90907225415793158  0.91103174993141411  0.91294948506384421  0.91483008165346769
  0.91668561952970773  0.91852989212324110  0.92037321783983572  0.92221772722727779
  0.92404777228743462  0.92582931589272954  0.92755095450703684  0.92924085966317882
  0.93092120665029998  0.93259321017236518  0.93424639941957865  0.93581595792085948
  0.93734234041031661  0.93883612874965450  0.94033433853756432  0.94186538342219062
  0.94342914308978387  0.94496771009813196  0.94632073945996598  0.94749965190330276
  0.94868576650350833  0.94989146353448617  0.95102503089180923  0.95213361176234990
  0.95356321001865363  0.95518502782207404  0.95669657653236073  0.95861883719919883
  0.96063648086907594  0.96260639352576172  0.96455121147236433  0.96651577316330028
  0.96856882966204882  0.97092719298200048  0.97346291797955908  0.97582700560167168
  0.98027950564566602  0.98609670896644097  0.99285862240325751  1.00000000000000000
  0.27146910908112737  0.28275136823042801  0.29215208793909458  0.30134283007407453
  0.31036340309779120  0.31497269120921384  0.31713969330881592  0.31984368359954068
  0.32417045355326257  0.32853970795761106  0.33350177784643892  0.33868341229545096
  0.34390015587310430  0.34913212610638578  0.35429794753686616  0.35932993867201085
  0.36430517319664418  0.36930749692187581  0.37433811509338832  0.37944470925715212
  0.38452182094957649  0.38947358685456390  0.39436826451641638  0.39918496704607631
  0.40392024808956817  0.40861689075601260  0.41327133100182750  0.41784587482261965
  0.42233990574665448  0.42677279017660535  0.43117540060797954  0.43556099685023708
  0.43997271643774766  0.44441505433758116  0.44884033268512114  0.45316255361058233
  0.45740160075249586  0.46160268079725170  0.46582490457885933  0.47001843180866149
  0.47421919128564261  0.47840521076055603  0.48256606919926459  0.48671081547022249
  0.49087051245519453  0.49506508745424316  0.49930934034282998  0.50362175544993426
  0.50792403257351981  0.51218020391651309  0.51643029201113599  0.52066725260657498
  0.52482945766964606  0.52894674051561319  0.53300076759288062  0.53702841535276924
  0.54112233896936957  0.54533496813071347  0.54956988764332049  0.55375889065782946
  0.55796525114895579  0.56225695768211936  0.56653191937408665  0.57074926211909649
  0.57500836702833491  0.57931729768445051  0.58371761159967539  0.58822438837405977
  0.59280932321435964  0.59738750210145075  0.60191814292602319  0.60644505893045997
  0.61109111101466473  0.61587031642067858  0.62067267647514768  0.62551381138520379
  0.63053741993249279  0.63574560200722330  0.64109679563952693  0.64660193766479757
  0.65225871975128957  0.65799318260647932  0.66380138619306561  0.66967201835716872
  0.67571961673137504  0.68200667592350017  0.68830784258529842  0.69471844819263773
  0.70021302399696250  0.70434343451651771  0.71172160867520606  0.71869849777684303
  0.72506209566214819  0.73411945386251787  0.74523609116242140  1.00000000000000000
   3.9024520322621726E-012  -1.0000000000000000     
  <DiscreteSampler_grid>
  Helicity
  1 # 1 for a reference and 2 for a running grid.
  20 # Attribute 'min_bin_probing_points' of the grid.
  1 # Attribute 'grid_mode' of the grid. 1=='default',2=='initialization'
  0.0000000000000000 # Attribute 'small_contrib_threshold' of the grid.
  0.5000000000000000 # Attribute 'damping_power' of the grid.
 # binID   n_entries weight   weight_sqr   abs_weight
    1   59   5.424920233279623E-012   9.349972089779211E-023   5.424920233279623E-012
    3   5766   5.444018496438139E-010   2.698948839849375E-017   5.444018496438139E-010
    4   1808   1.673906054838636E-010   2.089925630639671E-018   1.673906054838636E-010
    5   6   5.052471870812026E-013   5.216630077784296E-025   5.052471870812026E-013
    7   3274   3.022027657550100E-010   5.689078250223420E-018   3.022027657550100E-010
    8   9221   8.635661436320675E-010   5.002341854164094E-017   8.635661436320675E-010
    9   51   5.680624375718149E-012   1.928081977923861E-022   5.680624375718149E-012
    11   5739   5.366415487670565E-010   2.371141145108164E-017   5.366415487670565E-010
    12   8654   7.926631166627065E-010   1.143532530741529E-016   7.926631166627065E-010
    13   11003   1.048558569611183E-009   1.079699967632607E-016   1.048558569611183E-009
    14   1356   1.231928173168954E-010   2.597669795921260E-019   1.231928173168954E-010
    15   8936   8.307062983596689E-010   5.891567558005485E-017   8.307062983596689E-010
    16   7261   6.691712810699571E-010   2.515161858751441E-017   6.691712810699571E-010
    17   8782   8.289541494752734E-010   3.937816250835748E-017   8.289541494752734E-010
    18   3906   3.669834510934607E-010   5.701471312791565E-018   3.669834510934607E-010
    19   6215   5.804942514920901E-010   2.840217005346097E-017   5.804942514920901E-010
    21   2783   2.570446372697563E-010   2.288719095174000E-018   2.570446372697563E-010
    22   3271   3.205693604825853E-010   8.161674121771479E-018   3.205693604825853E-010
    23   9312   8.825877201436407E-010   1.447601631517941E-016   8.825877201436407E-010
    24   2947   2.683600821746874E-010   1.430518141157252E-018   2.683600821746874E-010
    25   3   2.949170111441249E-013   1.940876864344765E-025   2.949170111441249E-013
    26   1181   1.081170351738179E-010   1.449874451662179E-019   1.081170351738179E-010
    27   4633   4.325167698781113E-010   9.498991578805572E-018   4.325167698781113E-010
    28   2530   2.305376601623540E-010   3.536116823505561E-018   2.305376601623540E-010
    29   6512   6.094414341679584E-010   1.810146492995904E-017   6.094414341679584E-010
    31   3553   3.355378434971007E-010   7.360211188823981E-018   3.355378434971007E-010
    32   200   1.912979845119744E-011   4.162497060958670E-021   1.912979845119744E-011
    33   9926   9.067977612820609E-010   4.847637021505657E-017   9.067977612820609E-010
    34   2347   2.157048660617224E-010   7.258277771269903E-019   2.157048660617224E-010
    35   30765   2.888522716801703E-009   3.725063748590540E-016   2.888522716801703E-009
    36   7560   6.965735666682784E-010   4.236298668122129E-017   6.965735666682784E-010
    37   237   2.116678692055442E-011   4.918734053694064E-021   2.116678692055442E-011
    38   5809   5.414933659119940E-010   3.256783951199129E-017   5.414933659119940E-010
    39   12941   1.217764809736423E-009   1.377145392965137E-016   1.217764809736423E-009
    40   754   7.302089262102565E-011   1.139579742942037E-019   7.302089262102565E-011
    41   8434   7.917855224118409E-010   4.421865680964754E-017   7.917855224118409E-010
    42   480   4.589327571407936E-011   2.988945290323315E-020   4.589327571407936E-011
    43   1662   1.537045307240621E-010   8.457247764281650E-019   1.537045307240621E-010
    44   38   4.190385550317375E-012   1.069207119362411E-022   4.190385550317375E-012
    45   16898   1.559021208430273E-009   1.308193296896414E-016   1.559021208430273E-009
    46   6396   6.060390719859317E-010   4.071264917145946E-017   6.060390719859317E-010
    47   10776   1.000556928193594E-009   1.826055491603816E-016   1.000556928193594E-009
    49   689   6.470346155589013E-011   7.624150148386727E-020   6.470346155589013E-011
    51   11730   1.083931270049680E-009   8.032760192784141E-017   1.083931270049680E-009
    56   999   9.607770949000394E-011   3.900242554691215E-019   9.607770949000394E-011
    57   1949   1.781794939964801E-010   5.746251372407805E-019   1.781794939964801E-010
    58   5155   4.779248460829267E-010   2.109415821552153E-017   4.779248460829267E-010
    59   3580   3.413828004435349E-010   4.587960346575809E-018   3.413828004435349E-010
    60   5933   5.575210372489561E-010   2.418257753331720E-017   5.575210372489561E-010
    61   9775   9.165692787848791E-010   5.182280304547465E-017   9.165692787848791E-010
    63   3223   3.025172044863337E-010   6.756844791250826E-018   3.025172044863337E-010
    64   13176   1.233075562592134E-009   2.970889764778104E-016   1.233075562592134E-009
  </DiscreteSampler_grid>
  <DiscreteSampler_grid>
  grouped_processes
  1 # 1 for a reference and 2 for a running grid.
  10 # Attribute 'min_bin_probing_points' of the grid.
  1 # Attribute 'grid_mode' of the grid. 1=='default',2=='initialization'
  0.0000000000000000 # Attribute 'small_contrib_threshold' of the grid.
  0.5000000000000000 # Attribute 'damping_power' of the grid.
 # binID   n_entries weight   weight_sqr   abs_weight
    10   10   3.701149241161053E-004   6.826363230430339E-007   3.701149241161053E-004
    16   10   3.701149241161053E-004   6.826363230430339E-007   3.701149241161053E-004
    22   10   3.701149241161053E-004   6.826363230430339E-007   3.701149241161053E-004
    28   10   3.701149241161053E-004   6.826363230430339E-007   3.701149241161053E-004
  </DiscreteSampler_grid>
