  0.00000027183846107  0.00000028078260878  0.00000028506764729  0.00000028872627801
  0.00000029306708343  0.00000029805087177  0.00000030320642375  0.00000030840748067
  0.00000031375176181  0.00000031920941367  0.00000032469598853  0.00000033024155943
  0.00000033582580962  0.00000034140384718  0.00000034742381527  0.00000035429299283
  0.00000036197207956  0.00000036965817830  0.00000037720417278  0.00000038481476673
  0.00000039256602972  0.00000040032790136  0.00000040824277319  0.00000041628718999
  0.00000042445067670  0.00000043298822440  0.00000044159689514  0.00000044963953333
  0.00000045738671411  0.00000046574847674  0.00000047500938357  0.00000048455799512
  0.00000049387884521  0.00000050342005637  0.00000051323194380  0.00000052371931505
  0.00000053481400186  0.00000054575442158  0.00000055685575987  0.00000056872188376
  0.00000058091410445  0.00000059325771078  0.00000060583278722  0.00000061870733476
  0.00000063246639475  0.00000064729028047  0.00000066262192444  0.00000067806753590
  0.00000069377646550  0.00000070996902941  0.00000072684065214  0.00000074477376436
  0.00000076395949647  0.00000078394190609  0.00000080436736298  0.00000082420102001
  0.00000084418365482  0.00000086561878698  0.00000088902039992  0.00000091423875997
  0.00000094057808370  0.00000096865243864  0.00000099800014433  0.00000102869232486
  0.00000106118330695  0.00000109571893880  0.00000113239083326  0.00000117090678859
  0.00000121109704454  0.00000125334481466  0.00000129868867830  0.00000134696310990
  0.00000139783353627  0.00000145535340948  0.00000151925147505  0.00000158817385533
  0.00000166284555441  0.00000174534097095  0.00000183559951205  0.00000193446285535
  0.00000204530702735  0.00000217043122899  0.00000230882687531  0.00000246783100144
  0.00000266814492532  0.00000292229386065  0.00000324272747522  0.00000366060467010
  0.00000423078110307  0.00000502193943965  0.00000625398932611  0.00000822481789263
  0.00001220007254555  0.00002136090978585  0.00006554062250449  1.00000000000000000
  0.00000013433388761  0.00000014378179699  0.00000014864807182  0.00000015407756096
  0.00000015948433639  0.00000016499104501  0.00000017084904837  0.00000017679453762
  0.00000018286394730  0.00000018908551059  0.00000019542957421  0.00000020189250105
  0.00000020846557602  0.00000021514728747  0.00000022200920490  0.00000022891080957
  0.00000023586442918  0.00000024293154218  0.00000025030801221  0.00000025794832532
  0.00000026588182359  0.00000027403841919  0.00000028246908206  0.00000029108734912
  0.00000029996060230  0.00000030912172935  0.00000031845446956  0.00000032809797103
  0.00000033812973769  0.00000034861280381  0.00000035962889677  0.00000037108301685
  0.00000038215217614  0.00000039305846741  0.00000040446884137  0.00000041666800836
  0.00000043016633517  0.00000044441873417  0.00000045919061848  0.00000047453939640
  0.00000049039063721  0.00000050704666602  0.00000052467619815  0.00000054323592602
  0.00000056264114442  0.00000058250819072  0.00000060262717550  0.00000062317833172
  0.00000064492665951  0.00000066825581006  0.00000069280116855  0.00000071847133063
  0.00000074521087453  0.00000077326121446  0.00000080282140329  0.00000083423963932
  0.00000086736625224  0.00000090189697183  0.00000093787004358  0.00000097566645364
  0.00000101569433995  0.00000105759162974  0.00000110198440206  0.00000114951957276
  0.00000120026428268  0.00000125349714477  0.00000130872402391  0.00000136680502395
  0.00000142870675176  0.00000149384625846  0.00000156257176080  0.00000163755180563
  0.00000172150351051  0.00000181319241561  0.00000190656403267  0.00000200533348681
  0.00000211457208720  0.00000223688431998  0.00000237439986064  0.00000252564950867
  0.00000269272893084  0.00000287995366013  0.00000309349939920  0.00000333729466617
  0.00000361372094847  0.00000393740323969  0.00000432766389666  0.00000481615838139
  0.00000545121909406  0.00000628866056238  0.00000735580769498  0.00000873088303434
  0.00001088794002137  0.00001506674469922  0.00002344143591305  1.00000000000000000
  0.00000022342916921  0.00000026245972876  0.00000028137818825  0.00000030075010437
  0.00000032270018376  0.00000034407754143  0.00000036612147477  0.00000038818133864
  0.00000041021873245  0.00000043143862019  0.00000045296516276  0.00000047516158432
  0.00000049768901242  0.00000052015186162  0.00000054294144656  0.00000056608876744
  0.00000058790801897  0.00000060837022113  0.00000062874289359  0.00000065192079526
  0.00000067733791417  0.00000070304997209  0.00000072928474926  0.00000075595095982
  0.00000078420463400  0.00000081312873190  0.00000084216582577  0.00000087170120620
  0.00000090183362943  0.00000093256616072  0.00000096349204224  0.00000099413225755
  0.00000102475626447  0.00000105592839185  0.00000108813948305  0.00000112128828723
  0.00000115533888775  0.00000119024787059  0.00000122618080125  0.00000126301826382
  0.00000130051335046  0.00000133924192838  0.00000137967931491  0.00000142171938185
  0.00000146482630910  0.00000150857104111  0.00000155263618303  0.00000159741163186
  0.00000164366263426  0.00000169212724899  0.00000174290339207  0.00000179668517996
  0.00000185408703655  0.00000191503958076  0.00000197899359946  0.00000204564356548
  0.00000211473778340  0.00000218644247011  0.00000226185982878  0.00000234216369023
  0.00000242735634777  0.00000251637070990  0.00000260979548980  0.00000270868872622
  0.00000281408526242  0.00000292684913883  0.00000304733934914  0.00000317509601489
  0.00000331064997689  0.00000345886104049  0.00000362151740493  0.00000379873557174
  0.00000398484558266  0.00000418867770007  0.00000442029114911  0.00000469011255402
  0.00000499704307309  0.00000533836281144  0.00000570167787431  0.00000609278129290
  0.00000654787091531  0.00000708763220464  0.00000767829517018  0.00000830243156971
  0.00000893663010004  0.00000964320911226  0.00001047584401321  0.00001149614750423
  0.00001264916582665  0.00001393946766500  0.00001542003067213  0.00001694337382874
  0.00001873841485188  0.00002142541181366  0.00002493269326760  1.00000000000000000
  0.00289867419128315  0.00439204957896741  0.00921139158952574  0.01739738410736223
  0.02837091818880064  0.04023410269140586  0.05204931970100227  0.06419321612437386
  0.07681737855096352  0.08968613792474139  0.10190389728093588  0.11249400414054615
  0.12146121550014546  0.13019040824265310  0.13891867955296214  0.14740898887537218
  0.15578070221814871  0.16430684644060875  0.17301640799025941  0.18163095674523877
  0.19009180134400933  0.19850911463898882  0.20683901356859263  0.21500477206493041
  0.22301799175389059  0.23091236777598964  0.23873479485070406  0.24645767080309161
  0.25412765752997457  0.26179629708047053  0.26949555114286605  0.27721145029884636
  0.28499144465726445  0.29281317087891018  0.30062236432700307  0.30835807587261621
  0.31595841160940380  0.32348530848529006  0.33101542452255006  0.33859678064558257
  0.34623668676651326  0.35398334512098506  0.36197934389728631  0.37006427478117704
  0.37809253857311359  0.38600435313408321  0.39390508850138989  0.40185992032258167
  0.40989165601355931  0.41800220863501097  0.42615866202000452  0.43439443806523609
  0.44291681678275002  0.45151482915806457  0.45960180012994384  0.46742866052834098
  0.47520244927703681  0.48326851217593336  0.49192978434869489  0.50059118084688059
  0.50924000477492259  0.51815406126430108  0.52739862483650790  0.53711217332735928
  0.54692445338862861  0.55626319414446201  0.56532013410343707  0.57439992714246924
  0.58361328475845420  0.59303620414594593  0.60273974261939167  0.61229930557163104
  0.62165084207238475  0.63089786053639385  0.64016092342303221  0.64968390218612704
  0.65948224494918706  0.67009428963894624  0.68194652647777654  0.69477383632078438
  0.70816401032611909  0.71899734410263816  0.73053366098294481  0.74332329179886092
  0.75660403729368808  0.77035877700375666  0.78677915129569342  0.80562440408479519
  0.82431078116810874  0.84508325386086836  0.86911028274106705  0.89803167160603803
  0.92782150235313543  0.95225478520246298  0.97684254001552850  1.00000000000000000
 -0.00249798156975335  0.01004553724769451  0.01859325822138154  0.02977163272529162
  0.03832756129679218  0.04839602949742232  0.05839083268545139  0.06876532970707555
  0.07964244825059096  0.08999238049523586  0.10015480140854544  0.11070430515551465
  0.12127663666361545  0.13244997826910743  0.14311594530587177  0.15399136700145344
  0.16427790518877614  0.17442972325642403  0.18458821453351570  0.19513523141229178
  0.20572864687500458  0.21591479246009793  0.22597359584335197  0.23621777846177963
  0.24654441723977991  0.25644862912455002  0.26602011188571967  0.27557633462672693
  0.28537719164914227  0.29530679155495165  0.30516997181764777  0.31476435561442101
  0.32438732340059623  0.33400314993261992  0.34384834948700754  0.35394426372469906
  0.36475634909695981  0.37552414649992877  0.38507235265523837  0.39458161807713305
  0.40454803336534406  0.41455408792663040  0.42425660009580302  0.43415047929293826
  0.44436929380762752  0.45482534855845147  0.46526899283820461  0.47541385775396383
  0.48488671373199083  0.49426916079221467  0.50413822851763967  0.51520956718277167
  0.52613318577584622  0.53700982295002930  0.54800605504024669  0.55887855049535273
  0.56980711024418174  0.58086746665111100  0.59194813143037073  0.60289087537573238
  0.61394119813536396  0.62492091555503637  0.63599693041212313  0.64738864393805129
  0.65931845761619035  0.67118627870799108  0.68282852586108911  0.69461995228615880
  0.70644561756399704  0.71843121716419156  0.73040106261343307  0.74223011938627370
  0.75355659397355701  0.76461084175473970  0.77553685758316115  0.78629190652275593
  0.79668679706368861  0.80718893341578613  0.81802191929306334  0.82869846135723335
  0.83956896330061970  0.84985005058589502  0.86170447162436503  0.87185162171078734
  0.88291353436942710  0.89444629902326067  0.90600285988306095  0.91746912206226849
  0.92804587591598331  0.93862306599858314  0.94921607306679701  0.95957344115961796
  0.96952428480492370  0.97964732283587286  0.99015409416746891  1.00000000000000000
 -0.00232867472718367  0.00926352999435625  0.01919239074546412  0.02902074656591027
  0.03860382325598657  0.04858369256665194  0.05888009609680714  0.06900014876112923
  0.07904438873689346  0.08928558931569881  0.09988036141902835  0.11054830396432651
  0.12112158913249262  0.13167009907016997  0.14234978036513649  0.15249572133327671
  0.16220945067805737  0.17196791272070022  0.18203709184787295  0.19220937811407904
  0.20182712814604670  0.21132424256525800  0.22123364492505085  0.23135477100867269
  0.24144163451178136  0.25115555589360905  0.26045220727142909  0.26968542517287214
  0.27864423406079092  0.28753334208553566  0.29668822810017198  0.30641995677287631
  0.31617012700324887  0.32623319600279221  0.33631767343126950  0.34618801138706484
  0.35591168237335274  0.36569865089150666  0.37558303974188145  0.38580174837781450
  0.39618197847458281  0.40703760016199680  0.41804612293640758  0.42887051508539303
  0.43959318557980459  0.45046750113763367  0.46152184227988874  0.47251882422677871
  0.48278281917658478  0.49272713689911574  0.50298653426126050  0.51356750699459286
  0.52402651625659080  0.53444831344496813  0.54487404231772629  0.55534524700800425
  0.56554756063918843  0.57591711908717236  0.58635912334463103  0.59711769573597573
  0.60734894896281466  0.61732590939797982  0.63091729954804465  0.64334399496386174
  0.65581401153513785  0.66852002991270654  0.68159149706713951  0.69484702596617021
  0.70421596374805218  0.71539291158548490  0.72705917070323334  0.73826800621324451
  0.74942454329024066  0.76079058284590506  0.77207210726099118  0.78288400818412607
  0.79363418652817763  0.80479132851176605  0.81575793124369789  0.82657333768390129
  0.83775916902374914  0.85003923594487096  0.86103188183185519  0.87175427591101684
  0.88216812330186856  0.89264448328593049  0.90295529453247925  0.91345380195677428
  0.92378407779656657  0.93439694151333130  0.94489249153192667  0.95544957173842204
  0.96594709892748409  0.97618460774477112  0.98693477806687424  1.00000000000000000
  0.00000184196688718  0.00000208176403708  0.00000229433479048  0.00000249983811129
  0.00000272547899800  0.00000296793237030  0.00000328823033308  0.00000368591473006
  0.00000411378207737  0.00000456309151137  0.00000502042914862  0.00000547466308450
  0.00000591878986837  0.00000635404227291  0.00000678452761806  0.00000721452749903
  0.00000764131946182  0.00000806000707479  0.00000847231385168  0.00000887970486545
  0.00000928605940109  0.00000969044999587  0.00001008898614617  0.00001048051239317
  0.00001086863975090  0.00001125428713020  0.00001164038770745  0.00001202549491705
  0.00001240616388205  0.00001278598425348  0.00001315657562914  0.00001352242255709
  0.00001388302253043  0.00001424182509877  0.00001460087571408  0.00001496035533108
  0.00001532103875539  0.00001568191801272  0.00001604336402692  0.00001640509356714
  0.00001676617207350  0.00001713126369989  0.00001749655811919  0.00001785904562829
  0.00001822533094939  0.00001858891543295  0.00001894328444674  0.00001929439475770
  0.00001965641634888  0.00002003290671949  0.00002040367670927  0.00002076366461823
  0.00002111024758370  0.00002146453672084  0.00002181656219089  0.00002216771035852
  0.00002253047411916  0.00002291631367298  0.00002333034435964  0.00002373181513748
  0.00002417243523312  0.00002462332670615  0.00002512584860932  0.00002561385228361
  0.00002607461794745  0.00002652772022689  0.00002698433501046  0.00002743129824912
  0.00002785046191934  0.00002823544610016  0.00002859275977947  0.00002898592814083
  0.00002940716400286  0.00002984766931533  0.00003034815682147  0.00003089090068849
  0.00003145926946579  0.00003203154337172  0.00003258689342307  0.00003316681271923
  0.00003384880744514  0.00003459716734736  0.00003542933100354  0.00003642533409474
  0.00003757910780164  0.00003890846765106  0.00004023937544901  0.00004134392437515
  0.00004239869346739  0.00004429448700792  0.00004596285236655  0.00004791237962119
  0.00005242435338768  0.00005810158794177  0.00006861041488913  1.00000000000000000
 -0.00186438577782120  0.00736031182657347  0.01498316097085409  0.02338488709083874
  0.03216156637496912  0.04106110880692897  0.04999504567611638  0.05901844535893090
  0.06818041645425704  0.07732555755159250  0.08653469881239768  0.09572382680452916
  0.10520111399620459  0.11506956576030353  0.12480653501159505  0.13427530897352630
  0.14357383099456902  0.15251193500335050  0.16067012691010746  0.16884952377582502
  0.17720736277027829  0.18589915134386484  0.19445677454426005  0.20301227460890772
  0.21164873647688059  0.22029830876082229  0.22895989015292728  0.23731972885605676
  0.24568190032625620  0.25425674099748896  0.26309726059253580  0.27179522253218680
  0.28030678975479234  0.28892388735018965  0.29880424272442757  0.30940148979876891
  0.32011199755103076  0.33145349096506693  0.34399942550431339  0.35768261332612156
  0.37193616965011589  0.38653857734991859  0.40086429171121102  0.41474730122889170
  0.42840002431463037  0.44111266879226052  0.45320768715618526  0.46597795033586192
  0.47927239077134975  0.49590296690428110  0.51417953683704321  0.53241196691566506
  0.55055593647810741  0.56838079208944048  0.58364398531095618  0.59881556531853086
  0.61536999138696447  0.63041041295301115  0.64451528530203017  0.65771546059990760
  0.67013714196915031  0.68152960517349859  0.69185781499439192  0.70145242162494525
  0.71090038779416354  0.72025642567255621  0.72960111713890941  0.73866853730288784
  0.74768344636784789  0.75705925745099123  0.76671011890207696  0.77594174322887666
  0.78497562958506784  0.79405126486324329  0.80321663428216383  0.81253403501607280
  0.82190228192572401  0.83128558803003894  0.84089901968479608  0.85063823387869619
  0.86026642918252438  0.86974137414774721  0.87944117203895844  0.88933139931577998
  0.89900050960276767  0.90835141034670730  0.91779824000874866  0.92741802906825177
  0.93698521356829678  0.94630468221084740  0.95540363262732053  0.96429072144836636
  0.97311228614684175  0.98198154784698144  0.99067594876218623  1.00000000000000000
  0.71193152547847383  0.71600047080602147  0.72086687663369442  0.72546387369095411
  0.73008662882306941  0.73421068164509973  0.73703452463692976  0.73984804295779949
  0.74405192394118458  0.75076126646878028  0.75650343336309067  0.76231129574119239
  0.76807466184455520  0.77328944623069740  0.77823532472764945  0.78308204506433132
  0.78778657589907697  0.79227479428187142  0.79657301273027592  0.80079888387607545
  0.80496331709835278  0.80891545139075760  0.81273533865710590  0.81651446173888698
  0.82021347995831839  0.82385366258882164  0.82741319489424592  0.83087143012899811
  0.83430195836071164  0.83775454078268841  0.84112533948281154  0.84435129559296718
  0.84743461074691651  0.85046089280747605  0.85339171076022757  0.85621616014617397
  0.85899405888730218  0.86180669182467995  0.86459445074690977  0.86734081573837341
  0.87007184070586974  0.87280626236553327  0.87546467312585996  0.87802289676606449
  0.88049515956722146  0.88296811349303983  0.88545150111940363  0.88788845544302797
  0.89023862953751187  0.89252881752004498  0.89482446318978071  0.89714768171419856
  0.89945938060136099  0.90171879936802735  0.90392240349288600  0.90607435238830025
  0.90819702021147841  0.91033091386254794  0.91247684203895629  0.91459426199599025
  0.91663602242801878  0.91860896232540190  0.92055110358309655  0.92256444415421335
  0.92460358135358967  0.92665847860884043  0.92868890180748120  0.93066916121705567
  0.93260245195806168  0.93453534045006237  0.93652082343054699  0.93856985092905387
  0.94064596529626265  0.94261772245228148  0.94455198745457969  0.94639243853192856
  0.94818277493832770  0.94994500791907410  0.95167076725573052  0.95338983171049563
  0.95514512706615895  0.95692073090116847  0.95871318190182975  0.96051377754367351
  0.96229512708576881  0.96418725429667473  0.96641204210194731  0.96890117294883271
  0.97149359860866003  0.97412015843370847  0.97674408404270163  0.97931503230824657
  0.98235557146885288  0.98809437557239532  0.99224344427376721  1.00000000000000000
  0.27418781854418195  0.28586704907569527  0.29241154257217938  0.29740490851252327
  0.30256427689293630  0.30780299733454597  0.31288749762519241  0.31773008377484074
  0.32266562883599392  0.32779156210633764  0.33297886388978815  0.33792893686758668
  0.34272630206632643  0.34749407091105433  0.35226812644623179  0.35697212780679327
  0.36176422660627278  0.36663840054752472  0.37150894278197993  0.37619669742971240
  0.38071209000145312  0.38518508264590895  0.38959070738454082  0.39390722456713656
  0.39818908644507262  0.40250356232022766  0.40682382003376738  0.41106354700573361
  0.41529113525432432  0.41957058738046771  0.42388432537344045  0.42814763215023555
  0.43233614661445680  0.43649928090670387  0.44044619092288967  0.44421734145648595
  0.44797506397453679  0.45186256339047404  0.45597449949908958  0.46014456980317481
  0.46435696508462510  0.46855457197835348  0.47268284068699451  0.47673548764756224
  0.48081661637284384  0.48500436457912754  0.48924859723941322  0.49350542085921428
  0.49780160158704340  0.50211270986661982  0.50640099564829866  0.51062350138739343
  0.51479503088538869  0.51894396991560687  0.52304357267369739  0.52731358149259000
  0.53151378309037944  0.53573539975973383  0.53998246821645457  0.54423243819348810
  0.54842210390936541  0.55264274265257241  0.55685636374997538  0.56115233915216967
  0.56532358787365677  0.56940851129591630  0.57340313366922790  0.57752133952940621
  0.58178403409533175  0.58609488159857470  0.59044613161892467  0.59470878880436184
  0.59898319422167012  0.60327025415586621  0.60774217062759883  0.61224264308953336
  0.61674230097989513  0.62123468254716030  0.62593182748287635  0.63094581474920286
  0.63601367603722070  0.64110830241536421  0.64631371531177451  0.65171525915700190
  0.65722496241868711  0.66280477135346105  0.66854885673263198  0.67459602121886608
  0.68087722539174089  0.68713227511823027  0.69336970775128726  0.69904137778429853
  0.70450952878186468  0.71354170650326287  0.72999094429288491  1.00000000000000000
   7.6317067360709976E-012  -1.0000000000000000     
  <DiscreteSampler_grid>
  Helicity
  1 # 1 for a reference and 2 for a running grid.
  20 # Attribute 'min_bin_probing_points' of the grid.
  1 # Attribute 'grid_mode' of the grid. 1=='default',2=='initialization'
  0.0000000000000000 # Attribute 'small_contrib_threshold' of the grid.
  0.5000000000000000 # Attribute 'damping_power' of the grid.
 # binID   n_entries weight   weight_sqr   abs_weight
    1   8136   1.930267645920647E-009   1.188047510147835E-016   1.930267645920647E-009
    2   6247   1.409843510926356E-009   7.301532475258410E-017   1.409843510926356E-009
    3   4377   1.015052689882241E-009   6.257862848579641E-017   1.015052689882241E-009
    4   241   5.115563620968739E-011   5.004518970138727E-020   5.115563620968739E-011
    5   4875   1.156141565189105E-009   5.246962218041409E-017   1.156141565189105E-009
    6   4450   1.038302883348924E-009   3.839320556703163E-017   1.038302883348924E-009
    7   8875   2.086778291024435E-009   1.929595347442757E-016   2.086778291024435E-009
    8   640   1.484874207443316E-010   3.664747469497673E-019   1.484874207443316E-010
    10   3783   9.496904988184203E-010   9.728153681710001E-017   9.496904988184203E-010
    11   4420   1.053058559864734E-009   4.357381118569181E-017   1.053058559864734E-009
    12   3536   8.132584387607051E-010   1.834824940411376E-017   8.132584387607051E-010
    15   5254   1.191222020475225E-009   3.880955172819457E-017   1.191222020475225E-009
    17   1695   4.012818083435700E-010   4.104516672047061E-018   4.012818083435700E-010
    18   2016   4.663619231777532E-010   3.685474570006904E-018   4.663619231777532E-010
    19   6565   1.556850112008805E-009   1.695487757339175E-016   1.556850112008805E-009
    23   1871   4.629193080722990E-010   5.163200121361246E-018   4.629193080722990E-010
    24   10   3.051580032543952E-012   2.558134312553299E-023   3.051580032543952E-012
    25   1456   3.455687511259629E-010   3.049109591226768E-018   3.455687511259629E-010
    26   8223   2.010167803563407E-009   2.303978081099861E-016   2.010167803563407E-009
    28   5602   1.322384584122466E-009   1.110362515882964E-016   1.322384584122466E-009
    29   1832   4.199348968716951E-010   7.606228235556331E-018   4.199348968716951E-010
    31   1786   4.336559400306180E-010   7.146277200930269E-018   4.336559400306180E-010
    32   36   9.372303853039500E-012   5.788457362336617E-022   9.372303853039500E-012
    34   22   5.495452810903983E-012   7.913787233841169E-023   5.495452810903983E-012
    35   1605   3.985299676326965E-010   1.606935978220190E-018   3.985299676326965E-010
    36   6210   1.446751118896087E-009   6.186819082331208E-017   1.446751118896087E-009
    38   935   2.168467883105254E-010   2.136509909306599E-018   2.168467883105254E-010
    39   2065   4.812088883651094E-010   1.194589537826453E-017   4.812088883651094E-010
    42   3357   7.699135757121203E-010   1.167620723282792E-017   7.699135757121203E-010
    43   7032   1.634236456623785E-009   1.017190017278548E-016   1.634236456623785E-009
    44   2003   4.680211550834896E-010   3.069773910403240E-018   4.680211550834896E-010
    45   2586   5.951030789109842E-010   1.585401196206739E-017   5.951030789109842E-010
    47   2318   5.311503923275914E-010   1.021666387999262E-017   5.311503923275914E-010
    48   1389   3.260747660525794E-010   2.536214571472097E-018   3.260747660525794E-010
    49   3400   8.060813441075837E-010   3.796131712071238E-017   8.060813441075837E-010
    50   2285   5.557348709402453E-010   1.024770071499185E-017   5.557348709402453E-010
    51   3267   7.833322282801775E-010   2.957650271421521E-017   7.833322282801775E-010
    52   16654   3.923200202387500E-009   4.216341342326256E-016   3.923200202387500E-009
    53   3234   7.676847766683477E-010   2.364257020750723E-017   7.676847766683477E-010
    54   1814   4.471717862687812E-010   1.103893839573910E-017   4.471717862687812E-010
    56   5943   1.358526106268609E-009   1.168339328755483E-016   1.358526106268609E-009
    57   6736   1.598706806396550E-009   1.479890554735810E-016   1.598706806396550E-009
    58   1   2.222660645540463E-013   4.940220345234350E-026   2.222660645540463E-013
    59   304   7.179354549885848E-011   7.877519851194087E-020   7.179354549885848E-011
    60   2345   5.278623421270227E-010   1.167350735056027E-017   5.278623421270227E-010
    61   57   1.140430230636108E-011   6.695611483139844E-022   1.140430230636108E-011
    63   4698   1.091739073663031E-009   6.954398026558509E-017   1.091739073663031E-009
    64   23   4.097768268178182E-012   5.644674500077751E-023   4.097768268178182E-012
  </DiscreteSampler_grid>
  <DiscreteSampler_grid>
  grouped_processes
  1 # 1 for a reference and 2 for a running grid.
  10 # Attribute 'min_bin_probing_points' of the grid.
  1 # Attribute 'grid_mode' of the grid. 1=='default',2=='initialization'
  0.0000000000000000 # Attribute 'small_contrib_threshold' of the grid.
  0.5000000000000000 # Attribute 'damping_power' of the grid.
 # binID   n_entries weight   weight_sqr   abs_weight
    10   10   1.405065798120496E-003   5.359360045201422E-006   1.405065798120496E-003
    16   10   1.405065798120497E-003   5.359360045201423E-006   1.405065798120497E-003
    22   10   1.405065798120496E-003   5.359360045201422E-006   1.405065798120496E-003
    28   10   1.405065798120496E-003   5.359360045201423E-006   1.405065798120496E-003
  </DiscreteSampler_grid>
