  0.00000027271357151  0.00000032902979293  0.00000075869293834  0.00000173567802466
  0.00000189577918736  0.00000205588035006  0.00000212798768464  0.00000219266643191
  0.00000225734517918  0.00000232202392645  0.00000238670267372  0.00000245138142098
  0.00000251567070961  0.00000256341116188  0.00000261115161415  0.00000265889206641
  0.00000270663251868  0.00000275437297095  0.00000280211342321  0.00000284985387548
  0.00000289759432775  0.00000294533478002  0.00000299307523228  0.00000304081568455
  0.00000309561387622  0.00000315405630032  0.00000321249872441  0.00000327094114851
  0.00000332938357261  0.00000338782599670  0.00000344626842080  0.00000350471084490
  0.00000356315326900  0.00000362159569309  0.00000368003811719  0.00000374490050296
  0.00000382049942866  0.00000389609835436  0.00000397169728006  0.00000404729620576
  0.00000412289513146  0.00000419849405716  0.00000427409298286  0.00000434969190856
  0.00000442529083425  0.00000450088975995  0.00000459324481373  0.00000469066618848
  0.00000478808756323  0.00000488550893798  0.00000498293031273  0.00000508035168748
  0.00000517777306223  0.00000527519443698  0.00000537261581173  0.00000547003718648
  0.00000558346658635  0.00000570190585159  0.00000582034511683  0.00000593878438207
  0.00000605722364731  0.00000617566291255  0.00000629410217779  0.00000641254144303
  0.00000653098070827  0.00000664941997351  0.00000680908930666  0.00000698210633820
  0.00000715512336974  0.00000732814040128  0.00000750115743282  0.00000767417446436
  0.00000784719149590  0.00000802020852744  0.00001267018277019  0.00001520866656952
  0.00001592910829576  0.00001664955002201  0.00001736999174825  0.00001810715078114
  0.00001886166366576  0.00001961617655037  0.00002037068943499  0.00002112520231960
  0.00003332929435687  0.00009360976384681  0.00026213772871436  0.00073346258795559
  0.00206394120700034  0.00578953464004628  0.01619419486948171  0.02921430516975933
  0.02921430516976933  0.02921430516977933  0.02921430516978933  1.00000000000000000
  0.00000095037365542  0.00000100761560072  0.00000106485754602  0.00000112209949131
  0.00000119087519051  0.00000127146264869  0.00000135205010688  0.00000186093226616
  0.00000264863534588  0.00000325301554509  0.00000358821846952  0.00000380431661881
  0.00000394647148828  0.00000408862635775  0.00000423078122722  0.00000437293609668
  0.00000451509096615  0.00000468719190612  0.00000486001556349  0.00000503283922085
  0.00000520566287822  0.00000537848653559  0.00000553745632645  0.00000566903595690
  0.00000580061558735  0.00000593219521780  0.00000606377484825  0.00000619535447869
  0.00000632693410914  0.00000645851373959  0.00000659009337004  0.00000673421123670
  0.00000690390323068  0.00000707359522467  0.00000724328721865  0.00000741297921263
  0.00000758267120661  0.00000775236320060  0.00000792205519458  0.00000809174718856
  0.00000829212730194  0.00000849842900047  0.00000870473069901  0.00000891103239754
  0.00000911733409607  0.00000932363579461  0.00000952993749314  0.00000973623919167
  0.00001002540635711  0.00001047015536745  0.00001091490437778  0.00001135965338812
  0.00001180440239846  0.00001215832020250  0.00001244066732784  0.00001272301445318
  0.00001300536157852  0.00001328770870386  0.00001357005582920  0.00001385240295454
  0.00001413475007988  0.00001441709720522  0.00001472318641489  0.00001506644769768
  0.00001540970898047  0.00001575297026326  0.00001609623154605  0.00001643949282884
  0.00001678275411163  0.00001712601539442  0.00001746927667721  0.00001782386163121
  0.00001821854108779  0.00001861322054437  0.00001900790000095  0.00001940257945753
  0.00001979725891411  0.00002019193837069  0.00002058661782727  0.00002098129728385
  0.00002137597674043  0.00002214367511595  0.00002324920310834  0.00002435473110073
  0.00002546025909312  0.00003761561020059  0.00011692778691762  0.00036292401035643
  0.00112462679403635  0.00347884763698683  0.01081949988380603  0.02921850927413727
  0.02921850927414727  0.02921850927415727  0.02921850927416727  1.00000000000000000
  0.00000133520534790  0.00000133916681458  0.00000134312828125  0.00000134708974792
  0.00000135105121459  0.00000135501268126  0.00000135897414794  0.00000136293561461
  0.00000136689708128  0.00000137085854795  0.00000137482001463  0.00000137878148130
  0.00000138274294797  0.00000138670441464  0.00000139066588132  0.00000139462734799
  0.00000139858881466  0.00000141817632946  0.00000144174798417  0.00000146531963888
  0.00000148889129359  0.00000151246294831  0.00000153603460302  0.00000155960625773
  0.00000158317791244  0.00000160674956715  0.00000163032122186  0.00000165389287657
  0.00000167746453128  0.00000170103618599  0.00000448138374065  0.00000490857349886
  0.00000530233831059  0.00000573986519324  0.00000621858164636  0.00000670137827253
  0.00000728337401126  0.00000786536974999  0.00001413665099651  0.00003761550340296
  0.00010008885034731  0.00015745618670288  0.00021182847761112  0.00048514299051556
  0.00129084644721395  0.00343461406928628  0.00913860379233086  0.02431533747184745
  0.06469627977955016  0.17213804809975555  0.25871073357383623  0.26532289320415137
  0.27193505283446656  0.27854721246478170  0.28515937209509690  0.29177153172541209
  0.29838369135572723  0.30499585098604243  0.31201809641606520  0.32005677714987513
  0.32809545788368499  0.33613413861749486  0.34417281935130478  0.35221150008511465
  0.36025018081892451  0.36828886155273444  0.37632754228654430  0.38523513236014428
  0.39416449785771135  0.40309386335527847  0.41202322885284554  0.42095259435041266
  0.42988195984797972  0.43881132534554684  0.44774069084311391  0.45667005634068097
  0.46817734422715640  0.48004161246171984  0.49190588069628322  0.50377014893084660
  0.51563441716541003  0.52749868539997347  0.53936295363453679  0.55122722186910023
  0.55940086108221310  0.56460866846849900  0.56981647585478501  0.57502428324107102
  0.58023209062735703  0.58543989801364305  0.59064770539992906  0.59585551278621507
  0.60106332017250097  0.60627112755878698  0.60940006633716359  1.00000000000000000
  0.01300525267918900  0.01516957556995120  0.01733389846071339  0.01949822135147559
  0.02334873447506958  0.02991418147057705  0.03647962846608452  0.06688660119730121
  0.14657710494572429  0.14874686158054659  0.15091661821536889  0.15308637485019119
  0.15525613148501349  0.15742588811983579  0.15959564475465809  0.16176540138948040
  0.16393515802430270  0.16610491465912500  0.16827467129394730  0.17044442792876957
  0.17261418456359184  0.17478394119841414  0.17695369783323642  0.17912345446805869
  0.18129321110288096  0.18346296773770326  0.18563272437252554  0.18780248100734781
  0.18997223764217008  0.19214199427699238  0.19431175091181466  0.19648150754663693
  0.19865126418145923  0.20082102081628150  0.20299077745110378  0.20516053408592605
  0.20733029072074835  0.27292605902401595  0.29562601895433016  0.30031725225567835
  0.30500848555702648  0.30969971885837466  0.31439095215972285  0.31908218546107098
  0.32377341876241916  0.32846465206376735  0.33315588536511548  0.33784711866646372
  0.34253835196781196  0.34722958526916015  0.35192081857050839  0.41678340874455971
  0.52120159159435397  0.52395362356723896  0.52670565554012394  0.52945768751300892
  0.53220971948589391  0.53496175145877889  0.53771378343166398  0.54046581540454897
  0.54298902640804148  0.54533509496256805  0.54768116351709462  0.55002723207162119
  0.55237330062614787  0.55471936918067444  0.55706543773520101  0.55941150628972758
  0.56175757484425415  0.56410364339878083  0.56644971195330740  0.56879578050783397
  0.57114184906236054  0.57348791761688711  0.57583398617141379  0.57818005472594036
  0.58052612328046693  0.58287219183499350  0.58670604418511330  0.59090387817921941
  0.59510171217332553  0.59929954616743164  0.60349738016153776  0.63548831794382277
  0.70945066469885110  0.71497979908721443  0.72050893347557776  0.72603806786394098
  0.73078871060219419  0.73452475140784590  0.73826079221349761  0.74199683301914943
  0.74542957941691079  0.74542957941692078  0.74542957941693078  1.00000000000000000
  0.14273595412572221  0.15109066017054659  0.15634798700775995  0.16160531384497329
  0.16689300904859558  0.17296501750214802  0.17903702595570045  0.18510903440925289
  0.26720257705563427  0.39867475482943621  0.44257927506365974  0.44978710521375548
  0.45699493536385127  0.46420276551394707  0.47141059566404292  0.47861842581413877
  0.48582625596423457  0.49303408611433031  0.50441259816903139  0.58491872008753987
  0.58888500985694003  0.59285129962634020  0.59681758939574037  0.60078387916514064
  0.60475016893454081  0.60871645870394098  0.61268274847334103  0.61664903824274120
  0.62061532801214137  0.62458161778154153  0.62854790755094170  0.63251419732034175
  0.63648048708974192  0.64044677685914209  0.64441306662854225  0.65311620160491202
  0.66446172565729789  0.67580724970968353  0.68715277376206918  0.69849829781445494
  0.71376842627099013  0.73203933373696772  0.73665174256351940  0.74126415139007118
  0.74587656021662285  0.75048896904317464  0.75510137786972631  0.75971378669627809
  0.76432619552282977  0.76893860434938155  0.77355102459019920  0.77816345278888610
  0.78277588098757300  0.78738830918625990  0.80118898397346738  0.85597352444876640
  0.85899987078421647  0.86202621711966643  0.86505256345511650  0.86807890979056657
  0.87110525612601664  0.87413160246146671  0.87715794879691666  0.88018429513236673
  0.88321064146781680  0.88623698780326687  0.88926333413871683  0.89228968047416690
  0.89531602680961697  0.89834237314506704  0.90136871948051711  0.90439506581596718
  0.90742141215141725  0.91044775848686732  0.91347410482231739  0.91650045115776746
  0.95983283614418768  0.96221999661625313  0.96460715708831868  0.96699431756038412
  0.96938147803244967  0.97176863850451523  0.97415579897658067  0.97654295944864622
  0.97893011992071166  0.98088844349053594  0.98279959914148229  0.98471075479242876
  0.98662191044337511  0.98853306609432157  0.99044422174526792  0.99235537739621438
  0.99426653304716084  0.99617768869810719  0.99808884434905365  1.00000000000000000
  0.08546530803044636  0.08705916949016769  0.08865303094988902  0.09024689240961037
  0.09184075386933170  0.09343461532905303  0.09502847678877438  0.09662233824849571
  0.09821619970821704  0.09981006116793838  0.10140392262765972  0.10299778408738106
  0.10475893698013501  0.10698021636561046  0.10920149575108591  0.11142277513656137
  0.11364405452203682  0.11586533390751227  0.11808661329298772  0.12030789267846319
  0.12252917206393864  0.12475045144941409  0.23564406707371757  0.25598028629605474
  0.26273898716303951  0.26949768803002433  0.27625638889700921  0.28301508976399409
  0.28977379063097897  0.29653249149796379  0.30329119236494861  0.31004989323193344
  0.31929999780257140  0.32996685339132903  0.34063370898008671  0.35130056456884451
  0.36196742015760214  0.37263427574635977  0.39755708326286965  0.40037791167144365
  0.40319874008001777  0.40601956848859178  0.40884039689716584  0.41166122530573990
  0.41448205371431396  0.41730288212288802  0.42012371053146208  0.42294453894003609
  0.42576536734861015  0.42858619575718415  0.43140702416575816  0.43422785257433222
  0.43704868098290622  0.43986950939148028  0.44269033780005429  0.44551116620862835
  0.44833199461720236  0.45115282302577642  0.45397365143435042  0.45679447984292443
  0.51498158995404675  0.54725848286216716  0.55437351569613280  0.56148854853009844
  0.56547518691423282  0.56894340521416165  0.57241162351409047  0.57587984181401930
  0.57934806011394802  0.58281627841387684  0.58628449671380567  0.58975271501373461
  0.59322093331366343  0.59668915161359226  0.60015736991352109  0.60362558821344992
  0.60729287914421493  0.61099696842313234  0.61470105770204986  0.61840514698096738
  0.62210923625988479  0.65236948672646844  0.71070939762354390  0.71502149219197109
  0.71933358676039816  0.72364568132882523  0.72795777589725230  0.73122458870880380
  0.73408419930317359  0.73694380989754338  0.73980342049191328  0.74266303108628307
  0.74550646940867105  0.74550646940868104  0.74550646940869103  1.00000000000000000
  0.17178999980290738  0.17303930701708770  0.17428861423126799  0.17553792144544830
  0.17678722865962862  0.17803653587380891  0.17928584308798923  0.18053515030216954
  0.18178445751634983  0.18303376473053015  0.18428307194471047  0.18553237915889076
  0.18678168637307108  0.18838108000533402  0.19045406098544651  0.19252704196555900
  0.19460002294567152  0.19667300392578402  0.19874598490589651  0.20081896588600900
  0.20289194686612150  0.20496492784623399  0.20703790882634648  0.25205790587909949
  0.36862848355888489  0.42347178074659164  0.46218310668422319  0.48455983841029743
  0.49087276112068506  0.49718568383107264  0.50331338151066107  0.50929208221305577
  0.51527078291545036  0.52124948361784507  0.52722818432023977  0.53320688502263447
  0.53918558572502917  0.54749707769130462  0.55746336473009550  0.62015962310964812
  0.70931415666255471  0.71334048605490452  0.71736681544725445  0.72139314483960426
  0.72541947423195408  0.72944580362430389  0.73347213301665370  0.73749846240900352
  0.74152479180135333  0.74555112119370304  0.74957745058605285  0.75244152341170811
  0.75516931965165168  0.75789711589159525  0.76062491213153882  0.76335270837148228
  0.76608050461142585  0.76880830085136942  0.77161985046855841  0.77467273767248335
  0.77772562487640828  0.78077851208033322  0.78383139928425816  0.78688428648818309
  0.78993717369210792  0.79299006089603286  0.79604294809995779  0.79909583530388262
  0.80214872250780755  0.80520160971173249  0.80825449691565732  0.81130738411958225
  0.81573656951783258  0.82104809668096501  0.82635962384409745  0.83167115100722988
  0.87586790146593074  0.87850090541533277  0.88113390936473479  0.88376691331413693
  0.88639991726353895  0.88903292121294097  0.89166592516234300  0.89429892911174513
  0.89623805388225297  0.89720804393115861  0.89817803398006435  0.89914802402896998
  0.90011801407787562  0.90108800412678125  0.90205799417568688  0.90302798422459252
  0.90399797427349815  0.90496796432240378  0.90524453322092691  1.00000000000000000
  0.00297802289326985  0.00463921257720133  0.00630040226113282  0.00796159194506430
  0.00962278162899579  0.01128397131292728  0.01294516099685877  0.01460635068079025
  0.01626754036472174  0.01792873004865323  0.01958991973258472  0.02144199605279478
  0.02386220216622228  0.02628240827964978  0.02870261439307728  0.03112282050650478
  0.03354302661993228  0.03596323273335979  0.03838343884678729  0.04080364496021479
  0.12709047715851901  0.19147618445089754  0.19877197446347764  0.20606776447605774
  0.21336355448863789  0.22065934450121807  0.22795513451379826  0.23525085270345003
  0.24254655659131033  0.24984226047917066  0.29036537312165150  0.42024640906117494
  0.50186538430998395  0.50653704257036403  0.51120870083074410  0.51588035909112429
  0.52055201735150436  0.52522367561188443  0.52989533387226462  0.53456699213264480
  0.53923865039302488  0.54358110198573706  0.54756729391170467  0.55155348583767216
  0.55553967776363977  0.55952586968960738  0.56406081291760424  0.57020836337733161
  0.57635591383705898  0.58250346429678623  0.58865101475651360  0.59479856521624097
  0.60094611567596834  0.60562700881874476  0.60869415220683187  0.61176129559491899
  0.61482843898300599  0.61789558237109310  0.62096272575918010  0.62402986914726721
  0.62709701253535433  0.63016415592344133  0.63323129931152844  0.63629844269961555
  0.63936558608770255  0.64243272947578967  0.64549987286387678  0.64856701625196389
  0.65163415964005089  0.65470130302813800  0.65776844641622512  0.66083558980431223
  0.66390273319239934  0.67979170452731708  0.71148766042081912  0.71550578237828522
  0.71952390433575131  0.72354202629321729  0.72756014825068338  0.73157827020814936
  0.73559639216561545  0.73961451412308143  0.74363263608054742  0.74765075803801351
  0.75166887999547949  0.75568700195294547  0.75970512391041156  0.76372324586787754
  0.76774136782534352  0.80143552201947088  0.84205337121590729  0.85353093292506577
  0.86375996396821331  0.87391578474883125  0.87450993458429971  1.00000000000000000
  0.80896031459172568  0.81660677472206977  0.82071354944413955  0.82482032416620932
  0.82892709888827898  0.83303387361034875  0.83515159647321180  0.83711287288525493
  0.83907414929729818  0.84103542570934131  0.84299670212138456  0.84495797853342780
  0.84691925494547093  0.84888053135751418  0.85084180776955731  0.85280308418160056
  0.85447166770582506  0.85547249993240526  0.85647333215898558  0.85747416438556578
  0.85847499661214610  0.85947582883872631  0.86047666106530651  0.86147749329188683
  0.86247832551846704  0.86347915774504735  0.86447998997162756  0.86548082219820777
  0.86648165442478808  0.86748248665136829  0.86848331887794861  0.86948415110452881
  0.87048498333110902  0.87148581555768934  0.87248664778426954  0.87348748001084986
  0.87448831223743007  0.87544362848260948  0.87635133104226703  0.87725903360192448
  0.87816673616158203  0.87907443872123958  0.87998214128089702  0.88088984384055458
  0.88179754640021213  0.88270524895986957  0.88361295151952712  0.88452065407918468
  0.88542835663884212  0.88633605919849967  0.88724376175815722  0.88815146431781467
  0.88905916687747222  0.88996686943712977  0.89087457199678732  0.89178227455644477
  0.89268997711610232  0.89359767967575987  0.89450538223541731  0.89541308479507487
  0.89636546530070815  0.89735636398583007  0.89834726267095211  0.89933816135607403
  0.90032906004119595  0.90131995872631798  0.90231085741143990  0.90330175609656183
  0.90429265478168386  0.90528355346680578  0.90627445215192770  0.90726535083704973
  0.90825624952217165  0.90924714820729358  0.91023804689241561  0.91122894557753753
  0.91221984426265945  0.91321074294778148  0.91420164163290341  0.91519254031802533
  0.91618343900314736  0.91739165187431138  0.91880671568220862  0.92022177949010586
  0.92163684329800311  0.92305190710590035  0.92446697091379748  0.92588203472169472
  0.92729709852959197  0.92871216233748921  0.93012722614538645  0.93154228995328359
  0.93295735376118083  0.93437241756907807  0.93459219137827554  1.00000000000000000
  0.39743148883183793  0.40083130103101916  0.40423111323020045  0.40763092542938167
  0.41103073762856296  0.41443054982774419  0.41763297367739904  0.42045610288753155
  0.42327923209766405  0.42610236130779661  0.42892549051792911  0.43174861972806161
  0.43457174893819411  0.43739487814832667  0.43974556201851789  0.44207797355813783
  0.44441038509775771  0.44674279663737765  0.44907520817699759  0.45140761971661747
  0.45374003125623741  0.45607244279585735  0.45841265098253081  0.46099932335481414
  0.46358599572709752  0.46617266809938085  0.46875934047166423  0.47134601284394756
  0.47393268521623094  0.47651935758851427  0.47910602996079765  0.48264117414871499
  0.48619908610957963  0.48975699807044426  0.49331491003130890  0.49687282199217353
  0.50026680617813801  0.50247065587638928  0.50467450557464066  0.50687835527289193
  0.50908220497114320  0.51128605466939459  0.51348990436764586  0.51569375406589724
  0.51789760376414851  0.52010145346239978  0.52172139703217502  0.52305101594038772
  0.52438063484860042  0.52571025375681302  0.52703987266502572  0.52836949157323843
  0.52969911048145113  0.53102872938966372  0.53235834829787643  0.53368796720608913
  0.53501758611430172  0.53634720502251443  0.53767682393072713  0.53900644283893984
  0.54033606174715243  0.54166568065536513  0.54299529956357784  0.54432491847179043
  0.54565453738000314  0.54698415628821573  0.54831377519642843  0.54964339410464114
  0.55097301301285373  0.55230263192106643  0.55363225082927903  0.55496186973749173
  0.55629148864570444  0.55762110755391703  0.55895072646212973  0.56028034537034233
  0.56160996427855503  0.56307469416325173  0.56481298682070669  0.56655127947816164
  0.56828957213561659  0.57002786479307155  0.57176615745052650  0.57350445010798146
  0.57524274276543641  0.57698103542289136  0.57871932808034632  0.58045762073780127
  0.58219591339525623  0.60797877344944096  0.62750131179235225  0.62927145163218179
  0.62927145163219178  0.62927145163220177  0.62927145163221176  1.00000000000000000
   1.1787088907473335E-007  -1.0000000000000000     
 F F F F F F F F F F F F F F F F F F F F F F F F F F F F F F F F F F F F F F F F F F F F F F F F F F F F F F F F F F F F F F F F F F F F F F F F F F F F F F F F F F F F F F F F F F F F F F F F F F F F F F F F F F F F F F F F F F F F F F F F F F F F F F F F
  <DiscreteSampler_grid>
  grouped_processes
  1 # 1 for a reference and 2 for a running grid.
  10 # Attribute 'min_bin_probing_points' of the grid.
  1 # Attribute 'grid_mode' of the grid. 1=='default',2=='initialization'
  0.0000000000000000 # Attribute 'small_contrib_threshold' of the grid.
  0.5000000000000000 # Attribute 'damping_power' of the grid.
 # binID   n_entries weight   weight_sqr   abs_weight
    13   8   2.569437170296318E-001   1.286957552695791E-001   2.569437170296318E-001
    14   8   2.569437170296318E-001   1.286957552695791E-001   2.569437170296318E-001
    16   8   2.533053424884752E-002   9.293977968907705E-004   2.533053424884752E-002
    17   8   2.533053424884753E-002   9.293977968907708E-004   2.533053424884753E-002
  </DiscreteSampler_grid>
