  0.00000009722135817  0.00000010508980015  0.00000010949793608  0.00000011295614907
  0.00000011620033396  0.00000011938665321  0.00000012256312494  0.00000012566597865
  0.00000012870170076  0.00000013181208494  0.00000013516108298  0.00000013862723108
  0.00000014190031290  0.00000014502808052  0.00000014826977762  0.00000015179784994
  0.00000015542723720  0.00000015900325139  0.00000016285130450  0.00000016710878938
  0.00000017160364191  0.00000017627162224  0.00000018121472428  0.00000018615935623
  0.00000019103234063  0.00000019569463410  0.00000020015693042  0.00000020446888595
  0.00000020884161431  0.00000021357706305  0.00000021848146964  0.00000022342696796
  0.00000022837309203  0.00000023348862118  0.00000023861183053  0.00000024362588742
  0.00000024859671077  0.00000025370244018  0.00000025878217435  0.00000026390869952
  0.00000026899616178  0.00000027425378665  0.00000027959740381  0.00000028505192120
  0.00000029058680461  0.00000029624627278  0.00000030202666287  0.00000030793298233
  0.00000031390453722  0.00000032005025616  0.00000032620059469  0.00000033254574606
  0.00000033897906726  0.00000034539518583  0.00000035178470237  0.00000035845943995
  0.00000036562174309  0.00000037320699117  0.00000038092250675  0.00000038881635540
  0.00000039659810120  0.00000040433308048  0.00000041225699354  0.00000041998452936
  0.00000042791185833  0.00000043636085743  0.00000044548249336  0.00000045484342500
  0.00000046420342711  0.00000047407531766  0.00000048401901854  0.00000049431102123
  0.00000050489179600  0.00000051715182921  0.00000052938137012  0.00000054299982803
  0.00000055741367476  0.00000057281318157  0.00000058935213253  0.00000060716608160
  0.00000062542412602  0.00000064534425232  0.00000066787788036  0.00000069265755498
  0.00000071897497483  0.00000074905738005  0.00000078590760739  0.00000083160420758
  0.00000088708025208  0.00000095512018059  0.00000104500820563  0.00000117941472432
  0.00000142923931235  0.00000234523418642  0.00010485889860531  1.00000000000000000
  0.00000229798602870  0.00000237527917633  0.00000241349691053  0.00000245000343505
  0.00000248832241980  0.00000252924139863  0.00000257454577433  0.00000262128347174
  0.00000267090894823  0.00000272037943070  0.00000277095764247  0.00000281938488684
  0.00000286704536628  0.00000291532097910  0.00000296831353542  0.00000302644231046
  0.00000308343747541  0.00000313991209138  0.00000319636434942  0.00000325425190493
  0.00000331216423254  0.00000337321205325  0.00000343415534315  0.00000349538569688
  0.00000355678574233  0.00000361686942705  0.00000367276645901  0.00000373169447880
  0.00000379572976509  0.00000386390369967  0.00000393312452588  0.00000400337005104
  0.00000407560591877  0.00000414886582666  0.00000422241187904  0.00000429639080337
  0.00000437102433174  0.00000444707700152  0.00000452635292543  0.00000460930475319
  0.00000469367784997  0.00000477845124060  0.00000486682365394  0.00000496024940369
  0.00000505519511523  0.00000515155103231  0.00000525211196554  0.00000535427774258
  0.00000545593070901  0.00000556147217357  0.00000567455851046  0.00000579396502609
  0.00000591870278599  0.00000604848742029  0.00000618396542841  0.00000632531801948
  0.00000647288454142  0.00000662827275544  0.00000679091835717  0.00000696148915448
  0.00000713626238156  0.00000731763903585  0.00000750557946624  0.00000769310755130
  0.00000788348214278  0.00000809587644973  0.00000832971905212  0.00000857618296856
  0.00000882716660476  0.00000907918865024  0.00000933815792483  0.00000961914343372
  0.00000993249160374  0.00001027593080305  0.00001063829493095  0.00001100684879029
  0.00001138341960577  0.00001179013847547  0.00001224761325266  0.00001272892289419
  0.00001320069231939  0.00001366465814803  0.00001414172266186  0.00001468763330157
  0.00001523507609698  0.00001576552932636  0.00001636845503674  0.00001707417281049
  0.00001786068084115  0.00001880343675221  0.00001999294543923  0.00002143227070629
  0.00002648825905321  0.00004940561351186  0.00009937394196640  1.00000000000000000
  0.00000019023670175  0.00000020943112813  0.00000022238426628  0.00000023479176760
  0.00000024733032074  0.00000026063142567  0.00000027530742362  0.00000029116038134
  0.00000030795997674  0.00000032602522470  0.00000034247775305  0.00000035761732544
  0.00000037375131686  0.00000039300938568  0.00000041307457581  0.00000043314250957
  0.00000045312135313  0.00000047622340628  0.00000049956215103  0.00000052353332936
  0.00000054842823602  0.00000057578540757  0.00000060558745774  0.00000063669979688
  0.00000066625756455  0.00000069581284731  0.00000072608146743  0.00000075708525882
  0.00000079066696635  0.00000082858132525  0.00000086533277426  0.00000090332552189
  0.00000094364794362  0.00000098547760568  0.00000102764957157  0.00000106870498281
  0.00000110929586011  0.00000115413779000  0.00000120201715374  0.00000125232358000
  0.00000130430020998  0.00000135833001807  0.00000141488286155  0.00000147290026378
  0.00000153224152799  0.00000159415681703  0.00000165656293863  0.00000171936110114
  0.00000178389797428  0.00000184916885603  0.00000191751275349  0.00000199379118260
  0.00000206593129429  0.00000213900879154  0.00000221690262824  0.00000230303395470
  0.00000239625013796  0.00000249436181192  0.00000259854485548  0.00000270529418310
  0.00000281820925724  0.00000293751065626  0.00000307075005725  0.00000321495990731
  0.00000336233716101  0.00000351955157648  0.00000370099881757  0.00000390767056684
  0.00000413613985553  0.00000437292690766  0.00000462401229195  0.00000489570707527
  0.00000520126097020  0.00000554753000878  0.00000592312325342  0.00000630576949335
  0.00000671038146454  0.00000715666874207  0.00000762688891421  0.00000810954090466
  0.00000863251516334  0.00000925178257224  0.00000992326269016  0.00001059029205155
  0.00001135682007958  0.00001236239596049  0.00001348657683975  0.00001474010175994
  0.00001613048152679  0.00001790357916476  0.00001967061950893  0.00002408167390069
  0.00003757930763249  0.00005730572239307  0.00008022000693725  1.00000000000000000
 -0.00211000802719439  0.01033041875625590  0.02156525043163772  0.02971239453221926
  0.03731753635975226  0.04793587672303802  0.05971305525908149  0.07040873780095748
  0.08086811903376875  0.09063961121636142  0.10028873864516841  0.11002843337735513
  0.11995321718568690  0.13016087477151148  0.14055385618360697  0.15089864949586834
  0.16099489630427852  0.17088699062330942  0.18108427338322239  0.19148274039153249
  0.20167676242440793  0.21155720322862775  0.22122645525764348  0.23076703400194759
  0.24072841028863234  0.25128703212245046  0.26192768411609479  0.27229531925914557
  0.28234756252531318  0.29211922900774517  0.30150783828734101  0.31084133159394806
  0.32019854543180720  0.32938411274936624  0.33824723973705095  0.34707019140888923
  0.35694061550550749  0.36780758352031862  0.37897716890481370  0.39000087714142490
  0.40092624775627905  0.41196108216511529  0.42297772607463902  0.43409932591815448
  0.44558701904808451  0.45696310665628853  0.46779341116846945  0.47843417769338104
  0.48946820634646887  0.50091699343041918  0.51249930793183429  0.52401882888420981
  0.53530621749510154  0.54614497975049558  0.55667328756037848  0.56755053419363932
  0.57867287988594751  0.58943353376792473  0.59962389050378262  0.60971908426527754
  0.61982658993086481  0.62994169987454451  0.64012017531325349  0.65060314003473096
  0.66162679099925936  0.67244912418829450  0.68248823615851517  0.69249691304621630
  0.70315722212732257  0.71364828852458850  0.72395546069997818  0.73441083133723384
  0.74547622137281766  0.75739333758448846  0.76967094910737432  0.78141177636558501
  0.79332353094498498  0.80522242108713826  0.81661191842971192  0.82743137038538905
  0.83844227453737408  0.84969072678706725  0.86071337286785410  0.87145778559961729
  0.88219765930322513  0.89276293685993580  0.90287137948987695  0.91294971664810420
  0.92328642817483519  0.93258141539596096  0.94344341485334515  0.95591299566271970
  0.96546554503214599  0.97557292561693321  0.98704444609243969  1.00000000000000000
 -0.00133222586625489  0.00658079175732324  0.01586869146380875  0.02505562068641395
  0.03462315089987765  0.04476791431513259  0.05476851442652836  0.06493600244658465
  0.07614487358078990  0.08833572207200192  0.10079479245900448  0.11290197701489801
  0.12392082462686638  0.13407357987925855  0.14422020912544126  0.15484752778515165
  0.16513759818498533  0.17443985212139015  0.18378588016832267  0.19495921005470754
  0.20590937126606884  0.21629167056794393  0.22674638569305097  0.23879325319045211
  0.25123220212500835  0.26347873698368246  0.27531662332698675  0.28687919463679101
  0.29864164548081756  0.31040262497802174  0.32223199455360441  0.33385987439823617
  0.34522400728323638  0.35625538323243600  0.36751929610298778  0.37877664454924576
  0.38992363590490370  0.40109568058625206  0.41171074083617021  0.42221435983817773
  0.43279233384606303  0.44322587033308741  0.45348889301319989  0.46371198217773540
  0.47407606306099243  0.48482641158529205  0.49573282600626223  0.50630037646414006
  0.51619707704161044  0.52622156608340986  0.53622196799159183  0.54616635246659928
  0.55598076669901042  0.56612527128298140  0.57656743512071351  0.58715107093801766
  0.59741828229555027  0.60784269489607534  0.61829318861009142  0.62872607500779965
  0.63941276468243602  0.65068985921387335  0.66255974956417485  0.67426896537954817
  0.68590961963128882  0.69694460836219640  0.70764147807072586  0.71773952095758475
  0.72784705995964116  0.73804717296067801  0.74895365461813801  0.75960802205529232
  0.76997330002796582  0.78032732294644069  0.79082895959265531  0.80108613801986839
  0.81044121594733520  0.81956172045589193  0.82881430546091162  0.83876846745131639
  0.84888271354983147  0.85947177763016125  0.86982019361653251  0.87952954426626073
  0.88912080601096455  0.89876819321565360  0.90873475016836847  0.91844370360700689
  0.92729699623125350  0.93641707711756095  0.94704092563314202  0.95794033430282233
  0.96859986631614847  0.97901233893751172  0.98957994048961506  1.00000000000000000
 -0.00038829773385191  0.00568713793025314  0.02187072180016857  0.04632980883968507
  0.06940930333472782  0.08850826698263568  0.10810603058425605  0.12539527815509255
  0.14210454086910090  0.15733089082048737  0.17163977065652933  0.18591487378422744
  0.20089947626368124  0.21525093901249945  0.22824084306354389  0.23967687520419406
  0.25142470284582547  0.26395698042336552  0.27623307800528690  0.28810762256626926
  0.30001669759114824  0.31242448840629167  0.32501153081471451  0.33718468707641175
  0.34918529233443402  0.36130247400035570  0.37366830858211286  0.38595074653702066
  0.39788777908608824  0.41024198296808057  0.42261152468372343  0.43443067503296340
  0.44573603111217341  0.45675784148030601  0.46765615477805761  0.47851201861715037
  0.48926870697395769  0.49997772034563187  0.51082868820296745  0.52181409471355444
  0.53263104319503707  0.54341129147807821  0.55423672591651896  0.56496441659376229
  0.57531012433017248  0.58508350266232556  0.59454913018647204  0.60395644088868861
  0.61304639039745290  0.62185053269459856  0.63088597757829989  0.64019893158273677
  0.64942218187293677  0.65870786670046999  0.66757285112114562  0.67541281496776584
  0.68314135062181269  0.69221942224964250  0.70205773092094159  0.71182570358263042
  0.72143169607061131  0.73087459820284406  0.74063474652547978  0.75030989287830196
  0.75937725274134438  0.76815676385434206  0.77665931492739881  0.78525074455093580
  0.79366835221506693  0.80174673479829450  0.80988156765441310  0.81830991031754308
  0.82658550740763503  0.83453598072587643  0.84273059508342918  0.85110034491404696
  0.85918519095824875  0.86693617180437021  0.87465618573528980  0.88271070557857090
  0.89087968246298366  0.89852884980465542  0.90585312304918186  0.91339126474450782
  0.92097537496307336  0.92819587622542499  0.93500591440641412  0.94170102138381850
  0.94847672082500500  0.95523798367250679  0.96191501510333233  0.96876511199109028
  0.97544313114678616  0.98232250315747660  0.99028844950034611  1.00000000000000000
 -0.00162579150243601  0.00692591823254326  0.01679467429856900  0.02648733937564529
  0.03641864736757297  0.04672156971613532  0.05667077531842098  0.06598131097053589
  0.07521034202575327  0.08471154893126985  0.09427557737854797  0.10406240065095879
  0.11478776427405991  0.12632428796868575  0.13782750273346778  0.14882065115801746
  0.15936740845127553  0.17033490085963288  0.18152335601047342  0.19367643343161342
  0.20623751680261385  0.21858370678511482  0.23055010814949195  0.24185798698605407
  0.25255461689388664  0.26345940321580263  0.27500576102094287  0.28612397714775445
  0.29704707426049487  0.30739748116760762  0.31752155398664544  0.32773595785793103
  0.33803601295315905  0.34907330426597644  0.36068746598522694  0.37257826009452605
  0.38382918121303722  0.39458055940112691  0.40479145738707439  0.41484273902048263
  0.42471653596394765  0.43432321011181063  0.44422587381054524  0.45423333721675369
  0.46420868766805312  0.47466699407119028  0.48587403436305365  0.49780804682869279
  0.50885269221149110  0.51968767347475109  0.53059409311511474  0.54146972313740804
  0.55195476912749153  0.56267778201303897  0.57368804524944828  0.58426334851716122
  0.59452640286016167  0.60560049825270124  0.61700053425003554  0.62810164713903838
  0.63886068238358906  0.64954230285323344  0.66019320756477606  0.67050602343316623
  0.68043288274269775  0.69022940934420707  0.70025379230207963  0.71094194571325997
  0.72229978007108553  0.73427607068184519  0.74670490418074953  0.75931410374101571
  0.77176577876067465  0.78374331978883960  0.79516165828806529  0.80605870871585938
  0.81670398976027536  0.82712737255491697  0.83707905504731039  0.84703296042634979
  0.85762261621192104  0.86821853335229271  0.87826868303793082  0.88790891625971569
  0.89740072829766393  0.90679752969880356  0.91639987864132255  0.92600208109245430
  0.93512057166846485  0.94414114622968337  0.95345104968960037  0.96286674236415648
  0.97140205581480521  0.97964642260110291  0.98974575589985925  1.00000000000000000
 -0.00056651083606672  0.00324997562221187  0.00827135239202828  0.01712751874267884
  0.02817543306160095  0.03990085138247854  0.05085850136431033  0.06179218203251365
  0.07276893964855330  0.08340226684741067  0.09346612677903225  0.10328119933390828
  0.11391722142848794  0.12480408970884634  0.13598154223355008  0.14743107893597576
  0.15935678969390416  0.17061631097909960  0.18205777364135903  0.19297484093341571
  0.20411012919444838  0.21513805082927917  0.22628965988406718  0.23762586812251302
  0.24914830871458199  0.26120364642496119  0.27324732518651978  0.28450086693198656
  0.29510552331807233  0.30560434805205350  0.31600232126550098  0.32649680814612192
  0.33727369662781997  0.34804543930910037  0.35848404886294299  0.36843951758764043
  0.37871166721807487  0.38931053026920481  0.39980185922711270  0.40991280367842337
  0.42031182397176919  0.43172561627833750  0.44295277475806538  0.45373015314078857
  0.46428555751694844  0.47470958324110513  0.48501667362935658  0.49528262543365864
  0.50456432943912999  0.51268942300409293  0.52176888989245285  0.53180643428827434
  0.54267858563393045  0.55402535748988813  0.56515716742915822  0.57544001784571353
  0.58569679046704015  0.59566172038070042  0.60594454371342976  0.61602787988115781
  0.62666860422549908  0.63822451826580084  0.64991380752025885  0.66062386698513087
  0.67070203268865314  0.68074730837656328  0.69104189142582251  0.70082772672780747
  0.71093482587498380  0.72187371939633049  0.73312139773593488  0.74411676500854074
  0.75500543076197968  0.76606461271060555  0.77719069761156923  0.78780583261953696
  0.79828860117290212  0.80856771754946666  0.81901606375791125  0.82935372720302136
  0.83997599574754545  0.85016037006525891  0.86087094838497569  0.87180076061496714
  0.88238046424628147  0.89267472249925039  0.90250847619349306  0.91272020064215076
  0.92322060382527826  0.93475005163525282  0.94669687945996006  0.95924855412704380
  0.97041935423555847  0.98064740407070672  0.99034627475844617  1.00000000000000000
  0.70879334905700997  0.72433954786179500  0.73380652141176139  0.74151543851285917
  0.74894373140826442  0.75553945236463682  0.76185771366652610  0.76792057738232877
  0.77412912841907278  0.78014240899996568  0.78545417218900737  0.79035373620676941
  0.79518416154429983  0.79972370741211984  0.80396590397723811  0.80828753564406663
  0.81264555962020435  0.81676192189352559  0.82079025748206025  0.82450501343541038
  0.82805389610379954  0.83175443199424237  0.83562696520645174  0.83944703145418553
  0.84332226828487011  0.84710795961383434  0.85069454196047067  0.85412111351009123
  0.85751368166795949  0.86088644711643425  0.86415669190802935  0.86731630676478955
  0.87037676349588911  0.87336944907749658  0.87631922890435632  0.87922602644760661
  0.88205801007583828  0.88485066266251156  0.88766084081115471  0.89040981926946616
  0.89308908677164767  0.89577133552344346  0.89846927994739700  0.90117912912877862
  0.90380958220504248  0.90644046938122802  0.90903027432823824  0.91137005775464264
  0.91352807844225603  0.91577155501718455  0.91815394306462828  0.92056761585134428
  0.92294726448983722  0.92523288446225982  0.92733746464907130  0.92924570657835170
  0.93103334596942489  0.93286429763148815  0.93471490280212788  0.93668497361748160
  0.93874762884779417  0.94078438266247089  0.94274628071367572  0.94464868088253295
  0.94652206843880116  0.94840588051183550  0.95027318022339402  0.95201816458023769
  0.95370849967043747  0.95531773585205770  0.95692718775423380  0.95835635171181510
  0.95978607797512927  0.96122768378038581  0.96273791101028394  0.96425428845658634
  0.96563502165243220  0.96698678242228076  0.96834898999824759  0.96978380300370715
  0.97092817859935987  0.97233914697655699  0.97391587906921906  0.97569851794294360
  0.97767012372065121  0.97989513336707934  0.98219842085113096  0.98438084027217165
  0.98631597003124438  0.98805682807295503  0.98962541548431981  0.99045776819296849
  0.99134282605434954  0.99236485459213664  0.99373685675955847  1.00000000000000000
  0.25490735926185754  0.26518460360995988  0.27420278159219308  0.28156399986361247
  0.28697829756411264  0.29142737151206660  0.29734484690872975  0.30353425908262138
  0.30940594254372900  0.31559652515050618  0.32145925641417011  0.32683212079948787
  0.33269088845174721  0.33928028557886797  0.34573361809437442  0.35203220800276736
  0.35830347077023761  0.36476954640253173  0.37146011463316286  0.37859700670873336
  0.38556571171771031  0.39210393638328228  0.39856672168738222  0.40482104960104226
  0.41100345752158135  0.41734296694021472  0.42396492265715624  0.43075546189390135
  0.43744449328739288  0.44413442174677836  0.45077512561866651  0.45712868485814673
  0.46291579569087993  0.46817843127783337  0.47342963130845084  0.47896323311011185
  0.48467990808661454  0.49042797263225113  0.49602425853697446  0.50151465436113574
  0.50701804009671025  0.51255257689098532  0.51798706990542120  0.52338505225426502
  0.52862057233572246  0.53404401059653883  0.53926673845302575  0.54421966619099382
  0.54886966426659933  0.55376754496256675  0.55908771841911686  0.56445593720860887
  0.56987927064291488  0.57528903235000128  0.58078342013743078  0.58593439893089005
  0.59078234668816398  0.59555794155049924  0.60041322596106494  0.60532655531362811
  0.61030289982424923  0.61535711768440737  0.62032205556581899  0.62510296113649877
  0.62983657651324831  0.63488971413493789  0.63994977885412352  0.64486521775873695
  0.64991190015425859  0.65503129660819304  0.65992986246031660  0.66443732412812651
  0.66861067889464398  0.67258948517170558  0.67660783667196678  0.68079352523264369
  0.68490624911735154  0.68871799956660029  0.69239737111574440  0.69600029442893807
  0.69852366058979554  0.70197141750785796  0.70619333877460910  0.71036142806464064
  0.71396121404087454  0.71652289865110763  0.71916287568565629  0.72214170477373973
  0.72523414440959555  0.72699801555712018  0.72823437805862556  0.72973690760269017
  0.73174564501347639  0.73373996594735202  0.73595669383292261  1.00000000000000000
   1.7902796653812940E-012  -1.0000000000000000     
  <DiscreteSampler_grid>
  Helicity
  1 # 1 for a reference and 2 for a running grid.
  40 # Attribute 'min_bin_probing_points' of the grid.
  1 # Attribute 'grid_mode' of the grid. 1=='default',2=='initialization'
  0.0000000000000000 # Attribute 'small_contrib_threshold' of the grid.
  0.5000000000000000 # Attribute 'damping_power' of the grid.
 # binID   n_entries weight   weight_sqr   abs_weight
    1   618   3.446580025552446E-011   3.662146618605505E-020   3.446580025552446E-011
    2   684   4.157305546304447E-011   7.169038763317405E-020   4.157305546304447E-011
    3   222   1.251617670940943E-011   4.093101859830926E-021   1.251617670940943E-011
    5   4525   2.575541098309535E-010   1.006634811043699E-017   2.575541098309535E-010
    6   249   1.287732455630168E-011   2.463663743860250E-021   1.287732455630168E-011
    7   31   1.767126062803859E-012   1.925693476024786E-023   1.767126062803859E-012
    9   40066   2.365341231574354E-009   2.693974393045567E-015   2.365341231574354E-009
    10   19499   1.152899295073675E-009   2.736009352109514E-016   1.152899295073675E-009
    11   8992   5.234327846571096E-010   3.035644649981023E-017   5.234327846571096E-010
    12   1223   7.413858702383847E-011   1.291173295098818E-019   7.413858702383847E-011
    13   20   1.147863470684103E-012   4.796671166926668E-024   1.147863470684103E-012
    14   2330   1.436342421725876E-010   1.753494655630184E-018   1.436342421725876E-010
    17   325   1.990408065421667E-011   6.765887836024032E-021   1.990408065421667E-011
    18   41   1.812758462233088E-012   2.076389364463828E-023   1.812758462233088E-012
    19   304   1.700137892605743E-011   5.348151445754778E-021   1.700137892605743E-011
    20   1922   1.097705820708007E-010   8.264660599384467E-019   1.097705820708007E-010
    21   16   1.009032926424661E-012   7.538842601860021E-024   1.009032926424661E-012
    22   2   2.976704224544077E-014   1.261919297538583E-027   2.976704224544077E-014
    23   609   3.414482895140762E-011   4.603655716403189E-020   3.414482895140762E-011
    24   20232   1.173311145296332E-009   1.487818417104828E-016   1.173311145296332E-009
    26   1851   1.044884454787612E-010   3.912805646085653E-019   1.044884454787612E-010
    27   23335   1.367895081928979E-009   1.917939315274590E-016   1.367895081928979E-009
    29   729   4.299842000960044E-011   7.729573358662543E-020   4.299842000960044E-011
    31   845   5.163623756106671E-011   1.919741148444120E-019   5.163623756106671E-011
    32   529   3.207968429604740E-011   1.344312154855741E-020   3.207968429604740E-011
    33   4507   2.681646499814619E-010   4.625328658600056E-018   2.681646499814619E-010
    34   1565   9.029954004447947E-011   7.105528423250283E-019   9.029954004447947E-011
    35   1   4.887615447866688E-015   2.388878476622508E-029   4.887615447866688E-015
    36   7   2.893309522389906E-013   1.795145211979800E-025   2.893309522389906E-013
    37   222   1.353705526724425E-011   4.936291984111185E-021   1.353705526724425E-011
    38   420   2.623831753752663E-011   3.395344708533892E-020   2.623831753752663E-011
    39   15991   9.379582681589272E-010   1.070452244837486E-016   9.379582681589272E-010
    40   546   3.429706974193777E-011   3.716277798118614E-020   3.429706974193777E-011
    41   4940   2.916190000309277E-010   6.584387363257866E-018   2.916190000309277E-010
    42   145   1.041519473962294E-011   2.229133458150031E-021   1.041519473962294E-011
    43   5879   3.461313597242808E-010   2.238347646595099E-017   3.461313597242808E-010
    44   351   1.922047767820054E-011   1.163974496502964E-020   1.922047767820054E-011
    45   24   1.680812364479328E-012   2.211317064146828E-023   1.680812364479328E-012
    46   15337   9.107425274218029E-010   7.506425437975549E-017   9.107425274218029E-010
    47   50   1.950716113819505E-012   5.798603807953105E-023   1.950716113819505E-012
    48   25487   1.500932365155290E-009   2.026653641485042E-016   1.500932365155290E-009
    49   4536   2.683088927385082E-010   5.068062809259029E-018   2.683088927385082E-010
    51   10074   5.903685608288750E-010   3.338291531509451E-017   5.903685608288750E-010
    53   632   3.653282133935751E-011   3.612011866422559E-020   3.653282133935751E-011
    54   12   6.663073656538434E-013   1.586156728268398E-024   6.663073656538434E-013
    55   4   3.052376256338544E-014   2.918590306039004E-027   3.052376256338544E-014
    56   155   8.646676695654129E-012   1.143165130761327E-021   8.646676695654129E-012
    58   16656   9.896430814991691E-010   1.208157007593435E-016   9.896430814991691E-010
    59   224   1.376886398254345E-011   3.263773563735782E-021   1.376886398254345E-011
    60   3597   2.135181410181685E-010   6.333574139556272E-018   2.135181410181685E-010
    62   126   7.015162530517227E-012   8.678700087342691E-022   7.015162530517227E-012
    63   5   1.170548314717914E-013   6.158484961113632E-026   1.170548314717914E-013
  </DiscreteSampler_grid>
  <DiscreteSampler_grid>
  grouped_processes
  1 # 1 for a reference and 2 for a running grid.
  10 # Attribute 'min_bin_probing_points' of the grid.
  1 # Attribute 'grid_mode' of the grid. 1=='default',2=='initialization'
  0.0000000000000000 # Attribute 'small_contrib_threshold' of the grid.
  0.5000000000000000 # Attribute 'damping_power' of the grid.
 # binID   n_entries weight   weight_sqr   abs_weight
    13   10   1.360756538246854E-003   1.242296652593690E-005   1.360756538246854E-003
    14   10   1.360756538246854E-003   1.242296652593689E-005   1.360756538246854E-003
    16   10   1.565546561453327E-003   2.302472651915076E-005   1.565546561453327E-003
    17   10   1.565546561453329E-003   2.302472651915080E-005   1.565546561453329E-003
    22   10   1.004489456468412E-002   9.303278306628726E-004   1.004489456468412E-002
    23   10   1.004489456468413E-002   9.303278306628745E-004   1.004489456468413E-002
    25   10   7.493873432852636E-005   2.821862332144668E-008   7.493873432852636E-005
    26   10   7.493873432852643E-005   2.821862332144669E-008   7.493873432852643E-005
    31   10   1.360756538246855E-003   1.242296652593691E-005   1.360756538246855E-003
    32   10   1.360756538246855E-003   1.242296652593690E-005   1.360756538246855E-003
    34   10   1.565546561453327E-003   2.302472651915076E-005   1.565546561453327E-003
    35   10   1.565546561453329E-003   2.302472651915081E-005   1.565546561453329E-003
    40   10   1.004489456468412E-002   9.303278306628728E-004   1.004489456468412E-002
    41   10   1.004489456468413E-002   9.303278306628745E-004   1.004489456468413E-002
    43   10   7.493873432852641E-005   2.821862332144671E-008   7.493873432852641E-005
    44   10   7.493873432852647E-005   2.821862332144674E-008   7.493873432852647E-005
  </DiscreteSampler_grid>
