  0.00000071880345642  0.00000073639377076  0.00000074515890519  0.00000075483495083
  0.00000076629547959  0.00000077774690598  0.00000078920276488  0.00000080083048552
  0.00000081271911037  0.00000082452690110  0.00000083644983544  0.00000084817002982
  0.00000086131959720  0.00000087503131823  0.00000088899166456  0.00000090278938740
  0.00000091694271786  0.00000093114747126  0.00000094535030546  0.00000095951854827
  0.00000097375134360  0.00000098790898347  0.00000100231358885  0.00000101723268421
  0.00000103243935954  0.00000104772630442  0.00000106322215256  0.00000107901487058
  0.00000109484402215  0.00000111068424816  0.00000112658844532  0.00000114240619312
  0.00000115806282697  0.00000117381383993  0.00000119055266201  0.00000120921637389
  0.00000122765093746  0.00000124620207019  0.00000126485967537  0.00000128398316513
  0.00000130308133480  0.00000132244277620  0.00000134174450780  0.00000136147736595
  0.00000138152721357  0.00000140171836164  0.00000142173438623  0.00000144202503404
  0.00000146253246418  0.00000148330385912  0.00000150410848408  0.00000152504463152
  0.00000154591383822  0.00000156742390912  0.00000158896214540  0.00000161095191252
  0.00000163318216162  0.00000165626298442  0.00000168118072406  0.00000170466200876
  0.00000172828161230  0.00000175205080156  0.00000177650191343  0.00000180080675416
  0.00000182531584525  0.00000184973745152  0.00000187424192734  0.00000189861299412
  0.00000192319693930  0.00000194924459582  0.00000197745866861  0.00000200588891056
  0.00000203459297645  0.00000206325558869  0.00000209257098995  0.00000212177008372
  0.00000215087371392  0.00000218006630718  0.00000221005861251  0.00000224010172599
  0.00000226970820591  0.00000230259948824  0.00000233750223603  0.00000237186861775
  0.00000240600650195  0.00000244049368357  0.00000247535055176  0.00000250975142023
  0.00000254426026886  0.00000257899256742  0.00000261354488481  0.00000264837468386
  0.00000268597612556  0.00000271663348165  0.00000272245291435  1.00000000000000000
  0.00000019878195126  0.00000022289000660  0.00000023976315084  0.00000025475083735
  0.00000026889924799  0.00000028353809032  0.00000029911429555  0.00000031563253673
  0.00000033245895308  0.00000034908155758  0.00000036590198371  0.00000038308800271
  0.00000040033464306  0.00000041785977184  0.00000043611845196  0.00000045617955556
  0.00000047638450677  0.00000049672013970  0.00000051770921655  0.00000053952266378
  0.00000056204021925  0.00000058462028406  0.00000060746766752  0.00000063017900909
  0.00000065648241960  0.00000068359292189  0.00000071149802776  0.00000073957150751
  0.00000076945825344  0.00000080191824633  0.00000083554912861  0.00000086928904778
  0.00000090339015524  0.00000094013891880  0.00000098135252184  0.00000102482888589
  0.00000106825159883  0.00000111266098625  0.00000115908521772  0.00000120735349334
  0.00000125655186917  0.00000130648885145  0.00000135698251090  0.00000141407930453
  0.00000147191593696  0.00000152995509898  0.00000158834212058  0.00000164877024584
  0.00000171288012059  0.00000177920313836  0.00000184615399065  0.00000191399532588
  0.00000198787574040  0.00000207065352101  0.00000215886614025  0.00000224806791253
  0.00000233965208348  0.00000243911183854  0.00000255087235071  0.00000267218381490
  0.00000279611790076  0.00000292577060330  0.00000306660552421  0.00000321383174596
  0.00000336563203837  0.00000352415673995  0.00000369400273244  0.00000387536417692
  0.00000406441044083  0.00000426934556038  0.00000449692343947  0.00000473787138151
  0.00000497831104029  0.00000525779203583  0.00000558027605784  0.00000592167021795
  0.00000627798919517  0.00000669275067378  0.00000711370445410  0.00000756439867629
  0.00000808753320546  0.00000865541726806  0.00000923417520146  0.00000986504994368
  0.00001056084542827  0.00001139807556289  0.00001229823165495  0.00001322979127454
  0.00001435048343032  0.00001553232384675  0.00001703679764721  0.00002126955749870
  0.00002813470129659  0.00003547176346225  0.00004267645447054  1.00000000000000000
  0.00000034014279405  0.00000037486796735  0.00000039682207026  0.00000041728699958
  0.00000043769907046  0.00000045806015383  0.00000047847994886  0.00000049931599478
  0.00000052083144681  0.00000054294949604  0.00000056534400166  0.00000058770238868
  0.00000061014282774  0.00000063296163005  0.00000065696883109  0.00000068126319647
  0.00000070565288260  0.00000072998721523  0.00000075385002915  0.00000078118773874
  0.00000081014698717  0.00000084020833179  0.00000087075473506  0.00000090156669725
  0.00000093327666082  0.00000096760128627  0.00000100479192793  0.00000104210868717
  0.00000108125722425  0.00000112111560853  0.00000116285186975  0.00000120562741488
  0.00000124869422844  0.00000129239134044  0.00000133643970987  0.00000138357783426
  0.00000143226946687  0.00000148210107050  0.00000153290859287  0.00000158392238663
  0.00000163750324791  0.00000169664667006  0.00000175984861856  0.00000182408859805
  0.00000188929871607  0.00000195630143625  0.00000202763205783  0.00000210679418658
  0.00000218679050767  0.00000226865743906  0.00000235260365600  0.00000244250898881
  0.00000255061072729  0.00000265936115548  0.00000277368995477  0.00000289088556765
  0.00000302292782182  0.00000316607965212  0.00000331473100424  0.00000346890118522
  0.00000364596204418  0.00000385376601901  0.00000405996323603  0.00000428087253336
  0.00000454787392230  0.00000482648863781  0.00000510108627004  0.00000547003529352
  0.00000586405857595  0.00000627066729822  0.00000666496285985  0.00000707223365701
  0.00000750137727785  0.00000794360235955  0.00000839997455314  0.00000888602150895
  0.00000943410259620  0.00001004552521145  0.00001066165480052  0.00001141632038201
  0.00001231402821176  0.00001333404647263  0.00001514549080370  0.00001687263407672
  0.00001840204159221  0.00002018569031766  0.00002204215084571  0.00002390933579238
  0.00002589657235015  0.00002828833865404  0.00003113825683492  0.00003317796673888
  0.00004443880636767  0.00005863867257476  0.00007048367766240  1.00000000000000000
  0.00085140353143281  0.00794836286159892  0.01276835522370951  0.01762564600789658
  0.02283494836597867  0.02838038121820286  0.03407116930803774  0.03987316248383224
  0.04586787457146602  0.05197473346479127  0.05809653684957276  0.06438612111127251
  0.07090725839998560  0.07742508608625785  0.08398086053082371  0.09099510024288468
  0.09821273345264624  0.10550778870786322  0.11284433983026278  0.12039282255359787
  0.12749487351030828  0.13443100702272884  0.14150081054419916  0.14872105978217443
  0.15602478152075028  0.16338960513770295  0.17100316987235278  0.17882637762758161
  0.18713431921867774  0.19612802802633131  0.20552332982238775  0.21554889544246494
  0.22592171569637520  0.23575643336987917  0.24521489107182087  0.25511932380510111
  0.26512224123629707  0.27504149108952058  0.28481812453047201  0.29489659051647071
  0.30914591534543373  0.32692568925419258  0.34434963969470467  0.35501660232385462
  0.36739572117057973  0.37923854894376130  0.39010736804703283  0.40070986071131420
  0.41060258607146083  0.42074599458273626  0.43087350905346500  0.44099921211969578
  0.45112416966925972  0.46185077938260061  0.47361654900087485  0.48528950894618866
  0.49688481155707942  0.50865506374203096  0.52054215778378266  0.53230312695368776
  0.54463726608507346  0.55784424553471135  0.57127689576498597  0.58516069212179000
  0.59936310707805573  0.61289648035317235  0.62555999249415517  0.63832180279773365
  0.65123483907902890  0.66454692374510715  0.67819378247812068  0.69192529252586099
  0.70535077444424887  0.71859108651189552  0.73219645522636989  0.74683078155320082
  0.76447798694376412  0.78103177068086294  0.79383026406854817  0.80591341854033827
  0.81772302372265671  0.82911347624231169  0.84064928220212631  0.85278164087911068
  0.86588337327916864  0.87845631437570526  0.88961723623272582  0.90064910320729386
  0.91174200898961821  0.92301420693645697  0.93428332603898856  0.94857851674359617
  0.96271550659861393  0.97562569718064429  0.98776519887683911  1.00000000000000000
 -0.00226146013428097  0.00959789295390278  0.01933110358139279  0.02913588058409059
  0.03917813100162243  0.04925798532410579  0.05932748442948668  0.06913066868755398
  0.07910079827809978  0.08922030768384417  0.09982491495287713  0.11117522967384941
  0.12384901032742349  0.13545572568864861  0.14735314222334878  0.16113815461784753
  0.17490649022765209  0.18741448168726660  0.20020539103003207  0.21345716698378545
  0.22668279433328611  0.23946277215937478  0.25160345505712400  0.26299936003414021
  0.27369539135165244  0.28384876370924467  0.29431136243516060  0.30502667338347983
  0.31570422214501137  0.32646510251418204  0.33742632326971261  0.34844719875035129
  0.35931513159892875  0.37000875486338319  0.38065777816246682  0.39212201135634733
  0.41406502199511308  0.42600515382730664  0.43670492163047192  0.44765389830655561
  0.45842857789172153  0.46845366472448102  0.47794388803697385  0.48697381218259528
  0.49599686658857461  0.50524032621614900  0.51444480967516781  0.52366033060406869
  0.53338091037590396  0.54314762681352036  0.55320918460550972  0.56291881596798632
  0.57218285941925273  0.58150087540944673  0.59072334043276542  0.59972435665458301
  0.60903244546507618  0.61891728457117401  0.62942887741079734  0.64043778143671193
  0.65120449860903162  0.66146394938768238  0.67113470053296431  0.68037096159195709
  0.68953033967739108  0.69873350835450421  0.70811968509123147  0.71782474840479971
  0.72766090165825970  0.73771593201113128  0.74796138870403006  0.75840791240448324
  0.76855104740743263  0.77747270184299688  0.78594993353243936  0.79447680165130397
  0.80277741971423322  0.81102571074231178  0.81922831642189242  0.82748391423618939
  0.83598591168071368  0.84487605084827422  0.85428012351569760  0.86462458832516131
  0.87556011969017000  0.88692579451684994  0.89819414087319860  0.90890349307801188
  0.91951172050407759  0.93011806601705682  0.94058395275692830  0.95108411868620080
  0.96204394100401358  0.97369485852098259  0.98610617041915438  1.00000000000000000
 -0.00252194529040228  0.01040845145515389  0.02111994592846446  0.03135552795711532
  0.04169802654174267  0.05169253935337187  0.06199865187989726  0.07226745053391008
  0.08250983359301371  0.09413604889115355  0.10579589961537600  0.11611709793252624
  0.12691043954784270  0.13783248421872304  0.14859430222962616  0.15877916374057371
  0.16894627744314553  0.18207140279006770  0.19373066919189968  0.20474875173905283
  0.21583174508689376  0.22695092135596706  0.23748876028832910  0.24767685754488555
  0.25961037782165164  0.27106725324593595  0.28122856012245623  0.29123804681499088
  0.30067323099699683  0.31029113381444284  0.31902525497753276  0.32753177962795849
  0.33642010799314009  0.34610231986733281  0.35599835268990571  0.36619396755489575
  0.37657041003795311  0.38715006207858305  0.39757407041870640  0.40763848042955914
  0.41760131716106502  0.42742201029419291  0.43715804048330498  0.44722387325971408
  0.45765691107561485  0.46859330103740976  0.47939531555722870  0.48906840526161205
  0.49821487886339250  0.50714521229564469  0.51594060346095250  0.52475596448260020
  0.53347014341002685  0.54164251335061864  0.55236592132349605  0.56269112313856273
  0.57275006009554508  0.58269555962434083  0.59262173238751004  0.60282732968060437
  0.61291143337070142  0.62271291250851324  0.63294283761645287  0.64383801462005097
  0.65486793354158324  0.66619660105609768  0.67785838831670664  0.68939109605976079
  0.69961435782818959  0.70998530449750918  0.71991070059168949  0.72973390946550554
  0.74010233854647001  0.75028631295504178  0.76132624367716994  0.77296930622327698
  0.78505955949562234  0.79699428556862872  0.80849888921573509  0.81953035018217224
  0.83032805956296396  0.84125430649831201  0.85243741535753359  0.86414941717162419
  0.87644255686439632  0.88915018809489021  0.90220647369303897  0.91474573289035044
  0.92659128842704375  0.93824810043072526  0.94920094813137257  0.95976944853215340
  0.96991125585043558  0.98001851877430146  0.98990002891708839  1.00000000000000000
 -0.00000496192343083  0.00000944441162781  0.00002226156844980  0.00003558349294850
  0.00004973839228953  0.00006380609009484  0.00006518985458337  0.00006657361907190
  0.00006811483514053  0.00006968213165547  0.00007110421674783  0.00007252034711196
  0.00007382829320219  0.00007511874352678  0.00007639677293041  0.00007766490226503
  0.00007892330290827  0.00008014545231334  0.00008136760171842  0.00008252881585666
  0.00008367269093349  0.00008481586448395  0.00008595581792740  0.00008709577137084
  0.00008825435153536  0.00008942696360887  0.00009060038354082  0.00009179644117334
  0.00009299249880586  0.00009419347558914  0.00009539850524024  0.00009660848239669
  0.00009787488950314  0.00009914129660958  0.00010049404734861  0.00010187832386507
  0.00010335246768012  0.00010489052115949  0.00010653215164571  0.00010822930027590
  0.00011001908924093  0.00011170626601957  0.00011304903968948  0.00011438267792249
  0.00011544491944898  0.00011650716097548  0.00011758760536904  0.00011872790788043
  0.00011986821039182  0.00012104116881729  0.00012223368352529  0.00012347494714450
  0.00012503710819641  0.00012669322439211  0.00012866683106766  0.00013024685988032
  0.00013100881499797  0.00013177077011562  0.00013253272523327  0.00013329468035092
  0.00013405663546857  0.00013471858892203  0.00013529953378493  0.00013588047864783
  0.00013646142351072  0.00013704236837362  0.00013762331323652  0.00013820425809942
  0.00013878520296232  0.00013936614782521  0.00013994709268811  0.00014052803755101
  0.00014110898241391  0.00014168992727680  0.00014227087213970  0.00014285181700260
  0.00014357285200850  0.00014449494608332  0.00014541704015813  0.00014633913423295
  0.00014726122830777  0.00015295382946582  0.00015478564418882  0.00015661745891182
  0.00015844927363482  0.00016028108835782  0.00016211290308081  0.00016394471780381
  0.00017101025212843  0.00017788184106165  0.00019145703244618  0.00019262999661831
  0.00019262999669810  0.00019262999677389  0.00019262999679009  1.00000000000000000
  0.19508846333535668  0.20766596789769731  0.22132040737734046  0.23407417863500524
  0.24459654906217931  0.25330905732810127  0.26087485665989452  0.26833830919258628
  0.27521945939877013  0.28177167172461492  0.28838443881041503  0.29476708903241572
  0.30116446727500257  0.30738905452795023  0.31347926621313826  0.31957831507991619
  0.32564682693080954  0.33160634549647272  0.33774379141154637  0.34403760628295305
  0.35019327076323836  0.35632935278269162  0.36231515363793865  0.36831156307318547
  0.37410536854072141  0.37967755452163587  0.38511768621560061  0.39063492346503415
  0.39605686280303282  0.40134374036113768  0.40658078299821182  0.41183639172655750
  0.41714413662923272  0.42259385145218620  0.42799794163467647  0.43338440490282854
  0.43881360418893955  0.44427047218917343  0.44963003226794623  0.45499077057672421
  0.46057786529990363  0.46613538958274625  0.47154141232626717  0.47684468820780845
  0.48249682647073300  0.48839206328366791  0.49422251128428196  0.50014832194380665
  0.50628819914843037  0.51264159371196905  0.51905528346633933  0.52522375359913887
  0.53112690933943330  0.53714205272704252  0.54294480072207763  0.54835874509131122
  0.55361460860612699  0.55901667704489433  0.56463651083990318  0.57035744155014600
  0.57602159495132088  0.58152170980404394  0.58675077545395748  0.59195906182179192
  0.59715571813813173  0.60233316221702904  0.60762617701932986  0.61308986636476825
  0.61875859077778783  0.62456081645910067  0.63031379217962757  0.63602769966238237
  0.64173579330361208  0.64754386729346713  0.65349749566160364  0.65951508630962352
  0.66559737161968824  0.67155598990113374  0.67755726520568793  0.68360576290906583
  0.68982577784489130  0.69628202085188273  0.70291631809273480  0.70979850450999660
  0.71701734650114923  0.72435942570062906  0.73224330734938603  0.74090847224279166
  0.74976713471734302  0.75924711289997693  0.77052703652595111  0.78653344016253790
  0.80128253007803318  0.80465069759303054  0.80830647402503475  1.00000000000000000
  0.71091852147212520  0.71490460411477252  0.71918861574357817  0.72370499120147247
  0.72823697879589788  0.73226561099719145  0.73574226563547929  0.73952972127864791
  0.74329735773715910  0.74719268832173791  0.75103561378182382  0.75476010266268989
  0.75841905251818309  0.76200184484155664  0.76546397205936134  0.76883144836551476
  0.77197946495062753  0.77493003544317729  0.77792954908788647  0.78092930318152276
  0.78387349066693324  0.78677733047976828  0.78965043135161261  0.79249624714740985
  0.79532661734031207  0.79821478866662310  0.80114238305900454  0.80409813638016736
  0.80703491127789484  0.80990511449383507  0.81274467418656648  0.81551970393092910
  0.81837151717362655  0.82118538619914450  0.82402297223282583  0.82686414298507127
  0.82971401780384357  0.83252253356595285  0.83528782340021213  0.83805498816287716
  0.84081839650140977  0.84358270140641778  0.84635385026657373  0.84915829266061282
  0.85201461036125370  0.85486864515618344  0.85768871261067769  0.86046841732999846
  0.86326882189390119  0.86608426984347708  0.86891943389787263  0.87177071264178219
  0.87457200685461989  0.87739792104206349  0.88018497374746330  0.88298576801955952
  0.88572954117793112  0.88852793947240882  0.89133111663440301  0.89420836294947303
  0.89704674187509215  0.89984091898246799  0.90262737010486382  0.90540063273085691
  0.90819440693821785  0.91100182729563484  0.91378567760200713  0.91651826571918160
  0.91923271462529099  0.92196368468570999  0.92471329809285707  0.92738799072629929
  0.93004550931658936  0.93272474274292483  0.93543401737522991  0.93814762082379832
  0.94071681181646838  0.94327559509420889  0.94576748972855973  0.94830902119219551
  0.95074406827325220  0.95322655131048928  0.95562374760239177  0.95812806431521425
  0.96070477452260761  0.96309497239376918  0.96508436984185253  0.96697312006019043
  0.96908359481471362  0.97155643754281029  0.97469498892937845  0.97796828054963036
  0.98157231954861923  0.98611174769989929  0.99187970901046141  1.00000000000000000
  0.30197880697781571  0.30771014795362273  0.31221897348778910  0.31781975569975091
  0.32383929930800631  0.32987615171511436  0.33573266907874372  0.34124494248799730
  0.34683736120688546  0.35261022464814501  0.35835180198434274  0.36395892973828375
  0.36954945948729345  0.37513003227620173  0.38062760276397878  0.38598633052766446
  0.39127810928154255  0.39653423541925148  0.40187890949401101  0.40726892181983959
  0.41276592804942425  0.41820687173043475  0.42344641122557780  0.42860734582467269
  0.43374575852261582  0.43895351527310250  0.44426505465936350  0.44938683427887605
  0.45438718123664917  0.45922609747201204  0.46386777360011261  0.46854762609437400
  0.47329146023813234  0.47810084397124825  0.48294419033019664  0.48777340718096146
  0.49259305972884943  0.49744439289488235  0.50238147230985586  0.50733738931230710
  0.51234614966204017  0.51724071382453218  0.52220299086804334  0.52762751009659858
  0.53294349792742624  0.53828338843186507  0.54335943454828051  0.54817642410468970
  0.55283768814322343  0.55747343049093034  0.56214223203503466  0.56679021482645575
  0.57153895958870671  0.57618882357816104  0.58078940196643758  0.58531324875788249
  0.58970848451842539  0.59409479444288726  0.59848107830665431  0.60283708327969365
  0.60725882100463491  0.61178898107441171  0.61625851011742683  0.62085527349929637
  0.62541361279524044  0.62986828933264716  0.63425925344867062  0.63863013623445142
  0.64300743107483671  0.64733358896343407  0.65166792694824982  0.65606282592136211
  0.66044068402315348  0.66475189270206425  0.66898432274937703  0.67320549481963921
  0.67737502024556095  0.68145936569407384  0.68545527723923716  0.68962554501377282
  0.69385952567180320  0.69799294525325939  0.70217223795860872  0.70649356275479502
  0.71070842805907641  0.71470251194914169  0.71865215104600910  0.72259222549106294
  0.72677371070006647  0.73073337087430101  0.73440890288192340  0.73789335966044511
  0.74127996254771200  0.74558121996112114  0.75468440229704781  1.00000000000000000
   2.4431228793936920E-010  -1.0000000000000000     
  <DiscreteSampler_grid>
  Helicity
  1 # 1 for a reference and 2 for a running grid.
  40 # Attribute 'min_bin_probing_points' of the grid.
  1 # Attribute 'grid_mode' of the grid. 1=='default',2=='initialization'
  0.0000000000000000 # Attribute 'small_contrib_threshold' of the grid.
  0.5000000000000000 # Attribute 'damping_power' of the grid.
 # binID   n_entries weight   weight_sqr   abs_weight
    1   393   1.912234624306038E-009   3.320334359226580E-016   1.912234624306038E-009
    2   642   2.972878827220723E-009   5.699861433013240E-016   2.972878827220723E-009
    3   424   1.747223657741723E-009   2.123642687503316E-016   1.747223657741723E-009
    4   50   1.148410376340048E-010   6.082984950629394E-020   1.148410376340048E-010
    5   1062   4.681215570162974E-009   3.122212334030005E-015   4.681215570162974E-009
    6   821   3.941135080542731E-009   7.276442145233099E-016   3.941135080542731E-009
    7   330   1.550716122532349E-009   1.443216012998434E-016   1.550716122532349E-009
    9   492   1.952255926552211E-009   4.600550123149175E-016   1.952255926552211E-009
    10   460   2.232853067946139E-009   3.048350633726022E-016   2.232853067946139E-009
    12   1   4.521469322854605E-011   2.044368483751528E-021   4.521469322854605E-011
    13   393   1.862068751397521E-009   2.243115753080964E-016   1.862068751397521E-009
    14   714   3.080637840654590E-009   1.596516518446549E-015   3.080637840654590E-009
    15   53   2.347812750770524E-010   5.851058367520746E-019   2.347812750770524E-010
    16   644   3.100341431214127E-009   4.749974430281622E-016   3.100341431214127E-009
    17   565   2.529702662460418E-009   4.103473699996321E-016   2.529702662460418E-009
    18   580   2.697536100159178E-009   3.916511641139082E-016   2.697536100159178E-009
    19   451   1.847721613895546E-009   1.968885276815071E-016   1.847721613895546E-009
    20   105   3.072580237936449E-010   4.235933889531597E-019   3.072580237936449E-010
    21   1010   4.366348761067271E-009   1.645352101224850E-015   4.366348761067271E-009
    23   1045   3.932958334471833E-009   9.069018247714069E-016   3.932958334471833E-009
    24   169   7.187923306480217E-010   2.414568557165286E-017   7.187923306480217E-010
    25   146   4.308905800882547E-010   1.448147978652451E-018   4.308905800882547E-010
    26   113   5.189486547652809E-010   9.839694876240345E-018   5.189486547652809E-010
    27   1453   6.232302990588939E-009   3.081705256198509E-015   6.232302990588939E-009
    28   426   1.168792044815772E-009   8.504877887978799E-018   1.168792044815772E-009
    29   476   1.586842783793805E-009   6.252045510934781E-017   1.586842783793805E-009
    30   505   2.067697084818933E-009   2.473610838906628E-016   2.067697084818933E-009
    32   371   1.664049927218135E-009   1.777581879277496E-016   1.664049927218135E-009
    33   682   2.971391454274169E-009   6.146979440380758E-016   2.971391454274169E-009
    35   752   3.206586759306325E-009   6.476581166023519E-016   3.206586759306325E-009
    36   474   2.072813314035703E-009   4.044931316776857E-016   2.072813314035703E-009
    37   757   3.332128016157382E-009   8.449556478637783E-016   3.332128016157382E-009
    38   535   2.381364354112450E-009   4.207598629496575E-016   2.381364354112450E-009
    39   1255   4.901600979701281E-009   1.446850125513579E-015   4.901600979701281E-009
    41   457   1.814137753983263E-009   3.733631501254367E-016   1.814137753983263E-009
    42   462   2.098028337125813E-009   2.462824128221953E-016   2.098028337125813E-009
    43   556   2.502758056505155E-009   3.702732148667183E-016   2.502758056505155E-009
    44   329   1.618488045718336E-009   1.947422954840226E-016   1.618488045718336E-009
    45   563   2.276957685249877E-009   6.989491952366159E-016   2.276957685249877E-009
    46   2540   1.020563539563824E-008   2.452865272701058E-015   1.020563539563824E-008
    47   452   1.993449129209806E-009   2.392010337282240E-016   1.993449129209806E-009
    50   516   2.301638903682186E-009   5.337964841493849E-016   2.301638903682186E-009
    52   917   4.223192710817422E-009   1.482725030288118E-015   4.223192710817422E-009
    55   359   1.320916121653288E-009   1.319759375731347E-016   1.320916121653288E-009
    56   874   4.054526034626661E-009   1.367815775614598E-015   4.054526034626661E-009
    57   720   3.245285736138377E-009   7.739018876597539E-016   3.245285736138377E-009
    58   408   1.791782180964519E-009   2.507289767202242E-016   1.791782180964519E-009
    59   717   2.810436414626725E-009   7.367131455218512E-016   2.810436414626725E-009
    60   491   2.328953579070980E-009   3.364484186647425E-016   2.328953579070980E-009
    61   410   1.662026089095393E-009   2.205412489872523E-016   1.662026089095393E-009
    62   990   4.210887330571308E-009   1.392341063634120E-015   4.210887330571308E-009
  </DiscreteSampler_grid>
  <DiscreteSampler_grid>
  grouped_processes
  1 # 1 for a reference and 2 for a running grid.
  10 # Attribute 'min_bin_probing_points' of the grid.
  1 # Attribute 'grid_mode' of the grid. 1=='default',2=='initialization'
  0.0000000000000000 # Attribute 'small_contrib_threshold' of the grid.
  0.5000000000000000 # Attribute 'damping_power' of the grid.
 # binID   n_entries weight   weight_sqr   abs_weight
    13   10   3.869402414436588E-001   4.099816663683509E-001   3.869402414436588E-001
    14   10   3.869402414436587E-001   4.099816663683507E-001   3.869402414436587E-001
    16   10   2.662607875871563E-002   2.919452269207659E-003   2.662607875871563E-002
    17   10   2.662607875871562E-002   2.919452269207657E-003   2.662607875871562E-002
    22   10   3.869402414436589E-001   4.099816663683508E-001   3.869402414436589E-001
    23   10   3.869402414436588E-001   4.099816663683508E-001   3.869402414436588E-001
    25   10   2.662607875871563E-002   2.919452269207661E-003   2.662607875871563E-002
    26   10   2.662607875871562E-002   2.919452269207656E-003   2.662607875871562E-002
  </DiscreteSampler_grid>
