  0.00000071897442973  0.00000072279961075  0.00000073809324544  0.00000074645700360
  0.00000075696369460  0.00000076815640210  0.00000077948547723  0.00000079073513637
  0.00000080187040316  0.00000081246895887  0.00000082340716560  0.00000083448892472
  0.00000084584744819  0.00000085803596122  0.00000087144346954  0.00000088468761031
  0.00000089798332766  0.00000091132526796  0.00000092450344894  0.00000093788804256
  0.00000095105670349  0.00000096336583915  0.00000097574216419  0.00000098826042573
  0.00000100163311021  0.00000101715956380  0.00000103321698219  0.00000104930166768
  0.00000106584440529  0.00000108258345227  0.00000109887083017  0.00000111478635317
  0.00000113045161415  0.00000114651154047  0.00000116332539365  0.00000118126745383
  0.00000120016959848  0.00000122015808169  0.00000124005723353  0.00000125961120896
  0.00000127854596770  0.00000129734660945  0.00000131625372621  0.00000133495450866
  0.00000135389713793  0.00000137322705709  0.00000139263429607  0.00000141370433652
  0.00000143581057054  0.00000145813811788  0.00000148104082063  0.00000150436229966
  0.00000152569928002  0.00000154481138406  0.00000156414913473  0.00000158356578644
  0.00000160375809238  0.00000162612065154  0.00000165025913650  0.00000167543992014
  0.00000170140047906  0.00000172731318283  0.00000175305064992  0.00000177901155412
  0.00000180532852490  0.00000183206540403  0.00000185912541311  0.00000188613868662
  0.00000191311647193  0.00000193994732769  0.00000196705842571  0.00000199482349914
  0.00000202298342749  0.00000205188868670  0.00000208156308301  0.00000211104534934
  0.00000214021836058  0.00000216966667186  0.00000219972800431  0.00000223062085704
  0.00000226133597529  0.00000229382115701  0.00000232873996507  0.00000236451697056
  0.00000240065619124  0.00000243747609585  0.00000247458433153  0.00000251022072430
  0.00000254596161554  0.00000258168191328  0.00000261770638731  0.00000265586796731
  0.00000269593390533  0.00000271813733449  0.00000272235621857  1.00000000000000000
  0.00000019536498708  0.00000020720781940  0.00000021394107245  0.00000022035983465
  0.00000022707665676  0.00000023392905765  0.00000024090693162  0.00000024834662584
  0.00000025629121012  0.00000026434609203  0.00000027243205115  0.00000028111946029
  0.00000028919354852  0.00000029736625981  0.00000030594914262  0.00000031530354988
  0.00000032527784784  0.00000033546461955  0.00000034553015240  0.00000035592152044
  0.00000036753849030  0.00000038037895182  0.00000039310973742  0.00000040589656689
  0.00000041865349879  0.00000043152854687  0.00000044583228299  0.00000046139894165
  0.00000047704763669  0.00000049289428086  0.00000050865577209  0.00000052476238137
  0.00000054337116009  0.00000056291690243  0.00000058218801965  0.00000060160809073
  0.00000062121779052  0.00000064189578742  0.00000066618301183  0.00000069115516017
  0.00000071595784993  0.00000074029532314  0.00000076400474227  0.00000078823207849
  0.00000081396198670  0.00000084061808453  0.00000086824273374  0.00000089723371725
  0.00000092676991977  0.00000095860266438  0.00000099117310932  0.00000102399400287
  0.00000105700671026  0.00000109007668567  0.00000112356089067  0.00000115916229823
  0.00000119655000385  0.00000123445349661  0.00000127307583856  0.00000131265724199
  0.00000135396540234  0.00000139946200061  0.00000144972669035  0.00000149952114631
  0.00000155149368679  0.00000160465027582  0.00000166407736845  0.00000172821179821
  0.00000179605969819  0.00000186728484915  0.00000194281050175  0.00000202697781076
  0.00000212163804129  0.00000222077017189  0.00000232342288976  0.00000243846439076
  0.00000257257329095  0.00000271948404031  0.00000288348404833  0.00000311602153249
  0.00000339651000532  0.00000371398293964  0.00000406025201338  0.00000447002100581
  0.00000497549746870  0.00000555826874665  0.00000608460543323  0.00000668799418148
  0.00000731793289679  0.00000887311203094  0.00001058843826901  0.00001281785331991
  0.00001657954583941  0.00002420838263305  0.00003437619082632  1.00000000000000000
  0.00000112893479689  0.00000119008486671  0.00000123270131237  0.00000127526568721
  0.00000131696711815  0.00000135926251025  0.00000140632740777  0.00000145346759111
  0.00000150075460461  0.00000154984043897  0.00000159979188476  0.00000165100177786
  0.00000170518754120  0.00000176180900892  0.00000181911993556  0.00000187763245215
  0.00000193514817034  0.00000199166217350  0.00000206405826764  0.00000213913270625
  0.00000221662434744  0.00000229475114049  0.00000237581868105  0.00000246387956674
  0.00000256648864134  0.00000266812227953  0.00000276834178783  0.00000287247484615
  0.00000298556432418  0.00000310858474931  0.00000323767173667  0.00000337102236444
  0.00000350717379872  0.00000365462689153  0.00000381046928720  0.00000396996733617
  0.00000413597645448  0.00000430908456968  0.00000448989626025  0.00000467451051062
  0.00000486095286422  0.00000505017521068  0.00000524859763725  0.00000545821330868
  0.00000567662489526  0.00000590128820818  0.00000612560037294  0.00000637653090506
  0.00000664403525136  0.00000692410750316  0.00000721601249982  0.00000750977217925
  0.00000789126371412  0.00000829063544691  0.00000869144158548  0.00000909686817346
  0.00000963149961943  0.00001018648550780  0.00001071029966479  0.00001119042689476
  0.00001168213383122  0.00001218337728139  0.00001276374952938  0.00001348653097195
  0.00001427374464304  0.00001507173934468  0.00001590116550328  0.00001677854498405
  0.00001763362142895  0.00001847274214669  0.00001923340951584  0.00001996537586814
  0.00002291362408719  0.00002545542789183  0.00002755886719642  0.00002911086823117
  0.00003034331948305  0.00003150661624338  0.00003267713366909  0.00003379905478576
  0.00003496747019851  0.00003621145234602  0.00003761107766086  0.00003912324994322
  0.00004061197230878  0.00004226376034035  0.00004385548855913  0.00004551347441065
  0.00004716170851485  0.00004896004966760  0.00005098132782819  0.00005353517076941
  0.00005643427159978  0.00005986462663986  0.00006244572491772  1.00000000000000000
 -0.00099937625549094  0.00825729169098978  0.01488959748915848  0.02208311789132075
  0.02987846856695159  0.03750277861857915  0.04450448565740446  0.05100032784390215
  0.05743357932783098  0.06427999443405839  0.07165715624424193  0.07918132459304254
  0.08677869178925762  0.09441056323694803  0.10194427673782523  0.10976012487947133
  0.11809041362143403  0.12671258799068705  0.13550079444135074  0.14445557234621953
  0.15339641785444194  0.16219412158016208  0.17115256183864450  0.18005197677237897
  0.18909023218308035  0.19853560717073901  0.20804767011485156  0.21745367877852856
  0.22698482761006702  0.23695004130852904  0.24700792337790950  0.25678261493397503
  0.26651300829135277  0.27640932225747378  0.28628069082944141  0.29601147767160546
  0.30568819805141206  0.31514336586333797  0.32423340250601324  0.33357797289780339
  0.34358399150617408  0.35389169761828299  0.36404975676202067  0.37459122967464764
  0.38652271774283559  0.39734016035659553  0.40798145434540839  0.41811711420738418
  0.42871715005569161  0.44063444078337533  0.45245554673045274  0.46340256380996114
  0.47364423717693865  0.48498628707843650  0.49695410838565651  0.50811074503946907
  0.51913468852883682  0.53138490113203307  0.54404537759209948  0.55670482349437722
  0.56962412545742702  0.58264553881181314  0.59521633930932272  0.60732788679638683
  0.61921745382180693  0.63170797255418165  0.64450949051082762  0.65697202147091338
  0.66969396718968643  0.68337050236785790  0.69746852007095006  0.71069082828804808
  0.72099965708772862  0.73136429292764826  0.74192434428738185  0.75281645953847975
  0.76340510253630323  0.77575462702805875  0.78985779179692361  0.80380013905133385
  0.81659206432600717  0.82834394975970149  0.84075900636938361  0.85317594802931629
  0.86573528209879158  0.87979561829638642  0.89511428049116659  0.90852661372083354
  0.92109142489005325  0.93317770868727967  0.94489003198145716  0.95628922624406154
  0.96753658820196076  0.97881187206381659  0.98957904831624854  1.00000000000000000
 -0.00204152913642189  0.00847021443508917  0.01740686103101776  0.02732612397961996
  0.03731589340844557  0.04677205732181725  0.05556452676168604  0.06454998785343750
  0.07343922799915187  0.08232154591013717  0.09093145926938064  0.09930265893584465
  0.10788253465830597  0.11685790902023448  0.12615545695556768  0.13635446951118563
  0.14634220844007953  0.15528550948461689  0.16407242426355589  0.17309044905154525
  0.18217284467152592  0.19114032679218426  0.20043800076501550  0.21049974825312240
  0.22176658664192289  0.23300184938368107  0.24334208720561840  0.25340024623627511
  0.26333391077025164  0.27366836796109567  0.28490990833528435  0.29678823743785593
  0.30870007218785633  0.32060607060144780  0.33233410664372232  0.34365543934058090
  0.35553817942728322  0.36944420285590757  0.38416887875569378  0.39694150840642767
  0.40737863432017823  0.41702584275164006  0.42651080049794765  0.43600575336466540
  0.44541691280901063  0.45492826333041991  0.46516136431684080  0.47620973733536226
  0.48793630060636500  0.50049639216486208  0.51432850800589869  0.52934463999323178
  0.54389909251252577  0.55526168335723403  0.56717124828452603  0.57823877071731544
  0.58915733312366803  0.60034044654717111  0.61249211273995796  0.62589144761054549
  0.63833427444271351  0.64952992376989349  0.66008691980056822  0.67055512605976486
  0.68133148274738797  0.69189508890710927  0.70207446767921899  0.71180660292070164
  0.72173629877535750  0.73110072408421189  0.74038182210096126  0.75040684389408063
  0.76108721894300035  0.77132503552162512  0.78069074410880079  0.79001266122441050
  0.79998811129954539  0.81008108497305742  0.81976311460953422  0.82922048809239468
  0.83900958260065617  0.84969683699094811  0.86049411496247752  0.87314217600841459
  0.88479433862904655  0.89794457528839378  0.91210453512236755  0.92351107208439454
  0.93322197728299139  0.94311881347718363  0.95315374561205790  0.96308480425309162
  0.97118810624375129  0.97985297395824122  0.98952711981515618  1.00000000000000000
 -0.00240785499200910  0.00910038680209968  0.01806683511349801  0.02876433242955080
  0.03801727617702414  0.05311320139041071  0.06558136133036027  0.07550016874813062
  0.08523561172186932  0.09542947048025038  0.10548531111376011  0.11522180817668651
  0.12462602972010370  0.13449933440264134  0.14452463656670314  0.15534639263275732
  0.16610600278941551  0.17557822977389081  0.18472213100107529  0.19444534350489259
  0.20493356919401867  0.21457695690361281  0.22381365237526599  0.23362661435660365
  0.24499683887017590  0.25624429953692707  0.26788008953223336  0.28033518336215368
  0.29292375467908799  0.30397290584768866  0.31517226377938112  0.32645223494729120
  0.33755190859886552  0.34862161719921370  0.35956907657068171  0.37043732544265900
  0.38040820051050839  0.38987103735562278  0.39879846805807551  0.40695178641113866
  0.41541030657419176  0.42409804431066223  0.43248928131730030  0.44124718694235138
  0.45021818294346194  0.45986815560184757  0.47175746143726255  0.48377904429384283
  0.49478682296170318  0.50475409303362961  0.51409869226226879  0.52384875332234115
  0.53412385906308024  0.54448745831495826  0.55452853874606112  0.56344380570377761
  0.57238308096369805  0.58186692348499769  0.59239688674443824  0.60406273788422349
  0.61529969414061347  0.62620033622305959  0.63729008041964674  0.64860154770681566
  0.66018140850316409  0.67252430899856364  0.68562708979185105  0.69836258731925716
  0.71111437798543842  0.72473565032206311  0.73522121700685461  0.74520807996467520
  0.75519590247776847  0.76512714806534454  0.77513660195879197  0.78513760387968101
  0.79542104995667251  0.80602898618769803  0.81632992599255727  0.82675364469151780
  0.83636302527534256  0.84518338379104085  0.85466285761845540  0.86532464579851320
  0.87579384121111059  0.88568882555299433  0.89589693004137794  0.90718326399392213
  0.91909802642408478  0.93100599559033392  0.94288082835500298  0.95484255296473797
  0.96648258289341971  0.97828475222902445  0.98911663735282973  1.00000000000000000
 -0.00004050497898368 -0.00001980106782824  0.00000090284332720  0.00003863938825359
  0.00007831503618090  0.00008917083126863  0.00009835027119568  0.00010771198837668
  0.00011691942862309  0.00012599302767907  0.00013454304567046  0.00014296177657856
  0.00015130512668840  0.00015963595450193  0.00016759598913611  0.00017554819064506
  0.00018309967841790  0.00019065116619074  0.00019826115036117  0.00020587667291853
  0.00021346160409318  0.00022104007096523  0.00022867711594911  0.00023632450204749
  0.00024392201312834  0.00025151462739490  0.00025893187871943  0.00026634129827247
  0.00027380249582630  0.00028126609879579  0.00028858598904797  0.00029589972685470
  0.00030323099042493  0.00031056483259173  0.00031807526267904  0.00032563256207900
  0.00033383478698269  0.00034222931023693  0.00035059866499001  0.00035885508877594
  0.00036669079548194  0.00037414555433458  0.00038105047733202  0.00038748361578866
  0.00039309992034970  0.00039871622491074  0.00040459340386959  0.00041051512147865
  0.00041712592938966  0.00042450827852031  0.00043364472728250  0.00044523187551987
  0.00045501221490224  0.00046451523921596  0.00047365162071055  0.00048283882525163
  0.00049204824692968  0.00050414351010067  0.00051597259060368  0.00052729837892699
  0.00053750747877453  0.00054668821923621  0.00055507916085739  0.00056184428727618
  0.00056757937399876  0.00057389811204305  0.00058054074879615  0.00058817186445772
  0.00059613052458675  0.00060439542425024  0.00063224697124453  0.00064329458884880
  0.00065323176463584  0.00066126584874010  0.00066967985509024  0.00067691387752220
  0.00068483714705795  0.00069286980978692  0.00070212386278409  0.00071458706403165
  0.00075839392518318  0.00089974538915377  0.00092010612420651  0.00094046685925925
  0.00096082759431199  0.00100065114815060  0.00101616554874978  0.00103049818399968
  0.00104451408425720  0.00105578711576879  0.00107086422571202  0.00108498681536887
  0.00110210485902728  0.00114845038602312  0.00114930858599175  1.00000000000000000
  0.20312433131347746  0.21246192660140198  0.21694746970216880  0.22183983454985373
  0.22662064813313806  0.23164587347637897  0.23691870288949368  0.24215041347671890
  0.24735666449428600  0.25256961740562733  0.25783657737972293  0.26314261826358287
  0.26867249114082908  0.27477587250963981  0.28137905086922999  0.28804429740558818
  0.29465194280663248  0.30125804672206347  0.30795923884809911  0.31451949145210767
  0.32083106481407253  0.32714382662826902  0.33354281946101377  0.33994861848038993
  0.34635080860515838  0.35259573405488570  0.35890209574485199  0.36557362692734430
  0.37233796336874264  0.37957247061175625  0.38694156075409364  0.39458447479616365
  0.40206236189207545  0.40956430038337682  0.41678612665595333  0.42367184392740315
  0.43053366978701285  0.43797439315525427  0.44618303862954306  0.45449010972149995
  0.46333600045560408  0.47244333236320346  0.48110089132264477  0.48879505414014146
  0.49651278039361457  0.50422479734294579  0.51200874631824167  0.52005696314807237
  0.52773339671750585  0.53445253438896545  0.54021285850275713  0.54664079141868183
  0.55416426389091999  0.56226666493961963  0.57045765659637748  0.57863836143333869
  0.58649771795963423  0.59373324996588872  0.60097449078772525  0.60788053907941408
  0.61485434876303402  0.62181401719637508  0.62880713086743434  0.63577563107436552
  0.64271218164279664  0.64936112364552889  0.65579249701621900  0.66218258018190557
  0.66852888098961916  0.67478167510628051  0.68096190549396329  0.68693111539156848
  0.69293612715840958  0.69898076041520218  0.70506125810902120  0.71121894775729377
  0.71750069388001014  0.72359986062191473  0.72989027722714173  0.73654912682125862
  0.74310048368923964  0.74978910056014891  0.75709769126996573  0.76457524293383761
  0.77246193725778434  0.77583373774715836  0.77635150994118485  0.78021807357005157
  0.78551509592976021  0.78846986144234055  0.79040118256355585  0.79227669961190961
  0.79368229626377196  0.79508789291563431  0.79649348956749666  1.00000000000000000
  0.72635481419302894  0.73360091498557667  0.73815460510258146  0.74272233011979316
  0.74723341567974655  0.75222677653619796  0.75756778097408284  0.76282079563075278
  0.76783036441928043  0.77283177052901508  0.77775001697790092  0.78269761545577810
  0.78764728660894889  0.79251074198049720  0.79702655012145429  0.80166743323302758
  0.80628488189936698  0.81075449426379709  0.81498916181414782  0.81888299277009369
  0.82253045075802711  0.82608768509809716  0.82974730282395026  0.83349837634334945
  0.83720047269528908  0.84095093697653045  0.84468776099413911  0.84834625752991311
  0.85201347712495790  0.85555203442552885  0.85893992541905106  0.86227792167970774
  0.86557507465030503  0.86881927149206084  0.87200909329955623  0.87517740352078766
  0.87811009491444225  0.88094917937901462  0.88372719021066015  0.88647761135498460
  0.88921527719927995  0.89192438150330589  0.89461397640087614  0.89717936906416840
  0.89969375429606602  0.90217862543154570  0.90463307535684800  0.90696764851467915
  0.90926727801859730  0.91155690042460757  0.91388056978121102  0.91619527954008284
  0.91844401082359450  0.92064301234291279  0.92282248902648478  0.92498232020784121
  0.92712269487186771  0.92924947769938071  0.93136227300949415  0.93345502572866179
  0.93551652390493467  0.93752982513764027  0.93948797889319746  0.94142629735690808
  0.94336960553215943  0.94526840890046615  0.94708903240746989  0.94896390054878621
  0.95084913709140417  0.95278977284535404  0.95466906655061112  0.95647280335946305
  0.95823746102522700  0.95995035193170530  0.96166665972881138  0.96341199862279203
  0.96517563850109900  0.96690720023466070  0.96856073146633148  0.97010550501341974
  0.97157627199758956  0.97310222926188061  0.97469124447385247  0.97649233682110392
  0.97846557169486381  0.98024010282146368  0.98193639017762646  0.98365584273858786
  0.98539072780853487  0.98740698124381510  0.98947393165245989  0.99148049445936515
  0.99353380036269057  0.99567156732398243  0.99783615892464428  1.00000000000000000
  0.26756049431166079  0.29181008662279007  0.30119688825432811  0.30810619999226380
  0.31582333405890922  0.32361504826881232  0.33102780093766149  0.33752230044323667
  0.34350606292752389  0.34944725264252097  0.35528611838945989  0.36105660381153054
  0.36681752814163593  0.37247002842059107  0.37821242844224789  0.38408466326025703
  0.38998901463915164  0.39589720835264952  0.40209499943791333  0.40820570596691297
  0.41406637362344434  0.41950660070585377  0.42480114672248720  0.43015690609677310
  0.43580829825589490  0.44068986015087541  0.44557590624277216  0.45026025136484077
  0.45495426970751918  0.45969653526850435  0.46454462881777869  0.46936080015181869
  0.47401836773066591  0.47861125510247926  0.48313500388494390  0.48762690902476719
  0.49212284751463764  0.49660005557884285  0.50122333498973104  0.50605868164194323
  0.51087039581656490  0.51561994348741935  0.52013516837693574  0.52467516703371320
  0.52927350008428109  0.53407619369712411  0.53878865593599023  0.54371395387479815
  0.54889983452398394  0.55416393948152320  0.55943579562549928  0.56470701861454575
  0.56995664956753789  0.57474292096246515  0.57923406297522362  0.58385565202595202
  0.58881507795265164  0.59419239397871759  0.59963877633753260  0.60490806668924690
  0.61003419027685546  0.61511532204317432  0.62024287205607787  0.62530790596203223
  0.63041602974637223  0.63539398111485268  0.64035264863802333  0.64522438459782105
  0.64955602232727039  0.65376327597243966  0.65795289702461424  0.66201310827967075
  0.66601752539248926  0.67007726794223199  0.67427709410846726  0.67862061471943247
  0.68301712216375943  0.68722606222574290  0.69098121543463087  0.69450337259232686
  0.69801142662607440  0.70148936299581899  0.70502414787024048  0.70843035880874006
  0.71172908737490037  0.71477291402020549  0.71743200412162256  0.72003306336253337
  0.72114140192668008  0.72163186644307320  0.72394963396132994  0.73180313798423091
  0.73907732176034513  0.74636960164888011  0.75583677933889382  1.00000000000000000
   1.2883763095697844E-010  -1.0000000000000000     
  <DiscreteSampler_grid>
  Helicity
  1 # 1 for a reference and 2 for a running grid.
  40 # Attribute 'min_bin_probing_points' of the grid.
  1 # Attribute 'grid_mode' of the grid. 1=='default',2=='initialization'
  0.0000000000000000 # Attribute 'small_contrib_threshold' of the grid.
  0.5000000000000000 # Attribute 'damping_power' of the grid.
 # binID   n_entries weight   weight_sqr   abs_weight
    2   1033   2.339141429202556E-009   6.019325827381774E-016   2.339141429202556E-009
    3   1281   2.699208770441685E-009   6.757005784188890E-016   2.699208770441685E-009
    4   554   8.199177860468265E-010   2.085540370693839E-018   8.199177860468265E-010
    6   45   6.494646756465309E-011   9.879997412514088E-021   6.494646756465309E-011
    9   496   1.049938670527341E-009   7.109827308403248E-017   1.049938670527341E-009
    11   180   2.456946728995553E-010   4.336258433670756E-019   2.456946728995553E-010
    12   1050   2.219741937414716E-009   3.215182716831513E-016   2.219741937414716E-009
    13   461   7.835838282659421E-010   7.581439089829429E-018   7.835838282659421E-010
    14   189   3.116451905510476E-010   9.038062592426872E-019   3.116451905510476E-010
    15   288   6.744843537069791E-010   2.803985427279627E-017   6.744843537069791E-010
    16   723   1.512294054891703E-009   2.228873385597326E-016   1.512294054891703E-009
    18   876   1.997613266256276E-009   2.770982870884970E-016   1.997613266256276E-009
    20   493   1.167323844240405E-009   7.702184884651820E-017   1.167323844240405E-009
    21   106   2.039922481476865E-010   1.031406755689044E-018   2.039922481476865E-010
    23   1272   2.651264355656452E-009   5.513298682236332E-016   2.651264355656452E-009
    24   100   1.516254117884010E-010   8.082204806402479E-020   1.516254117884010E-010
    25   268   4.214547765094900E-010   7.720060506776798E-018   4.214547765094900E-010
    26   1342   2.966341731682362E-009   6.986305961197308E-016   2.966341731682362E-009
    27   492   1.127782248078625E-009   1.475705675065813E-016   1.127782248078625E-009
    29   533   9.594709797983516E-010   1.020316520384223E-016   9.594709797983516E-010
    30   1280   2.659495631818279E-009   2.303328633577375E-016   2.659495631818279E-009
    31   674   1.376675142668427E-009   1.535888425751266E-016   1.376675142668427E-009
    35   1481   3.124201726431629E-009   7.016511646708832E-016   3.124201726431629E-009
    36   696   1.415940764843212E-009   2.100329782756874E-016   1.415940764843212E-009
    37   1120   2.316446163219126E-009   6.568812094642589E-016   2.316446163219126E-009
    38   695   1.302311121161323E-009   1.587261399500898E-016   1.302311121161323E-009
    39   858   1.851173322635985E-009   5.038370603066802E-016   1.851173322635985E-009
    43   171   3.369369134612858E-010   5.663230083185159E-018   3.369369134612858E-010
    44   623   1.323028448016699E-009   8.112906066821249E-017   1.323028448016699E-009
    45   912   1.968485009080804E-009   2.793131309942403E-016   1.968485009080804E-009
    46   440   8.032597190206876E-010   3.732895174076263E-017   8.032597190206876E-010
    47   1018   2.280611098800179E-009   3.620904663054199E-016   2.280611098800179E-009
    48   857   1.900715056550107E-009   1.597026415440087E-016   1.900715056550107E-009
    50   105   2.134039902140215E-010   7.438554566998056E-019   2.134039902140215E-010
    51   873   1.912906871662849E-009   1.341974258657120E-016   1.912906871662849E-009
    52   6   1.240347418326465E-011   5.891810395235924E-022   1.240347418326465E-011
    53   1376   2.917596849657599E-009   2.594208536222246E-016   2.917596849657599E-009
    54   546   1.201899148308710E-009   2.000970437239395E-016   1.201899148308710E-009
    55   1961   4.310886949779647E-009   1.903809105062812E-015   4.310886949779647E-009
    57   532   1.014599150917659E-009   1.143448278373736E-016   1.014599150917659E-009
    58   603   1.126544147120780E-009   1.062608491616591E-016   1.126544147120780E-009
    59   214   3.109382444553189E-010   1.224429888795318E-018   3.109382444553189E-010
    60   19   3.530919606647242E-011   2.741673706951055E-021   3.530919606647242E-011
    61   881   1.917649265826476E-009   2.847826571316454E-016   1.917649265826476E-009
    63   51   8.615160928293474E-011   2.329009227574991E-020   8.615160928293474E-011
    64   331   4.669713514732457E-010   1.066239614435064E-018   4.669713514732457E-010
  </DiscreteSampler_grid>
  <DiscreteSampler_grid>
  grouped_processes
  1 # 1 for a reference and 2 for a running grid.
  10 # Attribute 'min_bin_probing_points' of the grid.
  1 # Attribute 'grid_mode' of the grid. 1=='default',2=='initialization'
  0.0000000000000000 # Attribute 'small_contrib_threshold' of the grid.
  0.5000000000000000 # Attribute 'damping_power' of the grid.
 # binID   n_entries weight   weight_sqr   abs_weight
    13   10   2.399751689531284E-002   1.303110564248513E-003   2.399751689531284E-002
    14   10   2.399751689531284E-002   1.303110564248513E-003   2.399751689531284E-002
    16   10   3.040373710353907E-003   4.754733863279933E-005   3.040373710353907E-003
    17   10   3.040373710353909E-003   4.754733863279938E-005   3.040373710353909E-003
    22   10   2.399751689531285E-002   1.303110564248513E-003   2.399751689531285E-002
    23   10   2.399751689531284E-002   1.303110564248513E-003   2.399751689531284E-002
    25   10   3.040373710353907E-003   4.754733863279933E-005   3.040373710353907E-003
    26   10   3.040373710353907E-003   4.754733863279934E-005   3.040373710353907E-003
  </DiscreteSampler_grid>
