  0.00000030736470979  0.00000032609176095  0.00000033597188167  0.00000034449559691
  0.00000035473987114  0.00000036366755130  0.00000037455189589  0.00000039008483734
  0.00000040221964349  0.00000041457891526  0.00000042715047675  0.00000044037659117
  0.00000045507160755  0.00000047065806674  0.00000048614908732  0.00000049948522722
  0.00000051017732620  0.00000051914057328  0.00000052585131847  0.00000053256206367
  0.00000054244559903  0.00000055309593307  0.00000056369061137  0.00000057412798011
  0.00000058456534886  0.00000061325418495  0.00000065112066138  0.00000068327712916
  0.00000071518575903  0.00000074939833836  0.00000078398607104  0.00000081345802734
  0.00000084238405077  0.00000087597688946  0.00000091073340096  0.00000094105115885
  0.00000096074852924  0.00000096633945105  0.00000097803882478  0.00000100309345477
  0.00000101575758098  0.00000102545131112  0.00000103474231567  0.00000104536260892
  0.00000105781473261  0.00000107540088024  0.00000109573647788  0.00000111524499311
  0.00000113513668373  0.00000115471687964  0.00000117307738796  0.00000119564326611
  0.00000122097330713  0.00000125086421346  0.00000127839932823  0.00000130643303144
  0.00000134028640979  0.00000137583745058  0.00000141628330101  0.00000147074822588
  0.00000152472985431  0.00000156234309454  0.00000159622825037  0.00000163053817259
  0.00000165810703755  0.00000167949534678  0.00000170383656991  0.00000172807415810
  0.00000175202045578  0.00000178500356631  0.00000183158126570  0.00000187276064551
  0.00000191218221515  0.00000195726831417  0.00000199973484022  0.00000203503848147
  0.00000206489865442  0.00000212446348469  0.00000219558025678  0.00000225722545362
  0.00000229233619946  0.00000231707722433  0.00000234615441607  0.00000237560828827
  0.00000239815267399  0.00000245225770751  0.00000254886291766  0.00000266481649785
  0.00000278807468575  0.00000291331766826  0.00000312396606431  0.00000382052186961
  0.00000544337221388  0.00000901319671342  0.00001668367837790  1.00000000000000000
  0.00000027511397277  0.00000033036096427  0.00000037012904482  0.00000040415929592
  0.00000043565051079  0.00000045779939860  0.00000047559249543  0.00000049388447107
  0.00000051280243072  0.00000052843661466  0.00000054200079882  0.00000055471496679
  0.00000056739580754  0.00000057651715158  0.00000057842758778  0.00000058091414748
  0.00000058693647380  0.00000059455311545  0.00000060284870559  0.00000061098946373
  0.00000061887966848  0.00000062660424636  0.00000063393058274  0.00000063910199737
  0.00000064738840712  0.00000065791406870  0.00000067015458493  0.00000067980226430
  0.00000068794208543  0.00000069686222612  0.00000070258070349  0.00000070727874496
  0.00000071283964028  0.00000072227576655  0.00000073637287046  0.00000074784082835
  0.00000076060205530  0.00000078178979414  0.00000080669264649  0.00000083317794161
  0.00000085961598487  0.00000088579212728  0.00000091196826969  0.00000093871861058
  0.00000096577361564  0.00000099716072340  0.00000104400221569  0.00000108811461931
  0.00000112755751740  0.00000116429987813  0.00000120069024628  0.00000123522655949
  0.00000127062899885  0.00000131057997890  0.00000135583205755  0.00000141183112630
  0.00000147431109979  0.00000154601518408  0.00000164587227564  0.00000178864329531
  0.00000192030565804  0.00000202649739001  0.00000208435905742  0.00000212866882268
  0.00000217534077114  0.00000223139434799  0.00000229272898476  0.00000233914700341
  0.00000237570089203  0.00000240882957657  0.00000244720662129  0.00000253588183027
  0.00000262449072202  0.00000270969936077  0.00000280688292519  0.00000288954459664
  0.00000297100673638  0.00000307212149991  0.00000314658419042  0.00000321449472877
  0.00000328625961906  0.00000340933886146  0.00000352081925503  0.00000367447578076
  0.00000387074730100  0.00000410613236888  0.00000432782679866  0.00000454724696874
  0.00000477358894816  0.00000506990677731  0.00000538246339159  0.00000644539596825
  0.00000883529270731  0.00001250240030152  0.00001786718189145  1.00000000000000000
 -0.00002020753498621  0.00053975346820150  0.00391490899930518  0.01144587338122363
  0.02241200246909486  0.05516279904664888  0.08261863286842192  0.09837987876979666
  0.11483582536980970  0.12895346208486513  0.13816202448162132  0.14638658096707854
  0.15997488859188447  0.18567311008266921  0.20530830000482522  0.22082196700275919
  0.23708435778017478  0.25617709533307320  0.28034689608207564  0.30357191137892786
  0.32156829461547487  0.33833135554149618  0.35437580349622050  0.36766892611969887
  0.37861390456029181  0.38726984606428400  0.39567793287570663  0.40377704791673102
  0.41163608811898150  0.41765909816951641  0.42097706705877291  0.42328979484235107
  0.42796726008179309  0.43451585614839677  0.44192105602391130  0.44885449780345210
  0.45287108448728419  0.45699071782565970  0.46147126684853895  0.46677170273675050
  0.47250271341684580  0.47730804221911305  0.48152885347059604  0.48598389137376902
  0.49087713513944170  0.49715019077880385  0.50501682842559292  0.50970761734603243
  0.51407531306164156  0.51836579470729105  0.52243724490504395  0.52895607231327180
  0.53474735781983584  0.53868899588537822  0.54272813605383718  0.54678236300746730
  0.55083274163658436  0.55573975007844201  0.56118486612356522  0.56703475718772545
  0.57415599418325947  0.58124669491751357  0.58867652461897579  0.59689990622972211
  0.60492034983248255  0.61234388981043431  0.61909427096136915  0.62468278452016568
  0.63213710241453924  0.63835871985557879  0.64196914486715950  0.64567012579644179
  0.65029657557734522  0.65487861088715971  0.65904654937503515  0.66395461743455275
  0.67288271643022979  0.68393671910870379  0.69310990592450639  0.69864665518166713
  0.70188144577695566  0.70542772962548594  0.71013696383288805  0.71481517128667815
  0.72112885628445966  0.72704003555849517  0.73058324890005932  0.73511574312719563
  0.76861580597452483  0.80704131228594989  0.85009423757518388  0.89895233824683252
  0.94715357984383375  0.99114195302039054  0.99547247226519464  1.00000000000000000
 -0.01135606300892548  0.01588270155083059  0.04317943843898344  0.07069945594650084
  0.09862179133178310  0.12758043356998655  0.13707970513262285  0.13805464046217392
  0.14128319375471801  0.14571616110139399  0.14963492150816488  0.15224481275513030
  0.15493963030641783  0.15812696167833282  0.16183182283408354  0.16717179938518550
  0.17431962314781585  0.17906541891299538  0.18273367022301257  0.18953419620815554
  0.19803976857410349  0.21088619823744559  0.22906859883601619  0.24738927091543994
  0.26603603609492865  0.28468280127441731  0.30329772496251756  0.32191147762241207
  0.34949523744321626  0.37810507110269798  0.39983221934715735  0.41799896419490401
  0.43481399003180948  0.45060997748179366  0.46554157329219764  0.48091491801116765
  0.48385237305967627  0.48803685523794188  0.49424161300631797  0.50258938112432516
  0.50821720197480913  0.51428920522342458  0.52098706547644280  0.52475712475716296
  0.52753501649262990  0.53301801652435743  0.54021318219135483  0.54741182171424174
  0.55998921085655162  0.57040837959214041  0.57999845170519482  0.58908195040988409
  0.59775010770494563  0.60597757896735094  0.61361172829702049  0.62125367369325546
  0.62888507337071231  0.63551277438963527  0.64145558059341035  0.64740857915418593
  0.65334162472161939  0.65859529251081461  0.66238677298082926  0.66803017172723822
  0.67625518836512410  0.68300907284599133  0.69028422893721464  0.69873570075766200
  0.70576819969695681  0.71442405545254062  0.72285372599195641  0.73306448739976682
  0.74312366005546093  0.75148474387549635  0.75986633963039396  0.77132835414027645
  0.77910106612259544  0.78368895178004505  0.78566009185481567  0.78750062258288966
  0.78969188566794135  0.79251806052591944  0.80078401382627162  0.81659631738716987
  0.83268030716226082  0.84830307117997950  0.86280099813253619  0.87456918890430690
  0.88597978366174845  0.89650621923638851  0.91000966605818978  0.93067637238360978
  0.95050143449665214  0.96937737803504920  0.98515194741310164  1.00000000000000000
 -0.00944864614654510  0.04742418346668670  0.09220328561764266  0.11742573259498568
  0.13097973950890937  0.14180865510434590  0.15357816711268432  0.16424767897119608
  0.17348514523022415  0.18128568553111910  0.18800353450720950  0.19721002449734593
  0.21616803217807556  0.23306085752815675  0.24923980976061841  0.26432554716591811
  0.27715016653636365  0.28873973527399410  0.29987721862145056  0.31137562690302489
  0.32377360526558380  0.33815070786188423  0.35231432660219825  0.36530909760711183
  0.38080141955139563  0.39768375737954659  0.41613872570337357  0.42873000164311792
  0.44031469464819545  0.45133970438240018  0.46193944862827879  0.47192639795690094
  0.48046175800920976  0.48905437792596185  0.49974963722526217  0.50904404223105248
  0.51732928441196502  0.52420048551050469  0.52912235395810103  0.53292909670478528
  0.53537185332674830  0.53756522787131600  0.53879362490535232  0.54055538251073332
  0.54201533232718491  0.54300452917863051  0.54401730919144864  0.54472396863129713
  0.54566698373725553  0.54986186797538061  0.55260086260576702  0.55638290212203101
  0.56030132450949099  0.56348857681521891  0.56524863380867263  0.56662139179006343
  0.56854863850631210  0.57139760040929211  0.57450592127435418  0.57778808444556662
  0.58029013196293699  0.58258908711106117  0.58511901503716635  0.58770288894342504
  0.59032630271569175  0.59410695867826480  0.59723836935508801  0.60086449578371670
  0.60354453603062941  0.60619968496882359  0.61414892165369461  0.62272140445777735
  0.63212689066420880  0.64431623414650263  0.65369879947645926  0.66198723812813098
  0.67002822418220831  0.67796411598446471  0.68763310725252891  0.69756334000336784
  0.70948027907753608  0.72180377949838603  0.73440063557723412  0.74848821196244419
  0.76430972601052938  0.78539052645097129  0.80554870229897557  0.82596163117684673
  0.84251379699073836  0.85561699632522092  0.87299630622719382  0.90118746880536982
  0.92774639592142705  0.95279990217779398  0.97633087547750319  1.00000000000000000
 -0.01117994995768290  0.01293079204907125  0.03942312650457546  0.07215064149220934
  0.10108192412890907  0.12680426426982419  0.15274290498882587  0.17133481739778969
  0.17640989489822273  0.17918209858485151  0.18336215005793738  0.18719652460901290
  0.19105209961205141  0.19562340862838268  0.20204718731967575  0.20673694902360640
  0.21415004480513317  0.22687393977364151  0.23602917632618475  0.24520161906260851
  0.25563323110370167  0.26579200223533617  0.27315053118963700  0.28050906014393784
  0.28901978971627290  0.29861566919300880  0.30821154866974476  0.31794553570482714
  0.32770425620906707  0.34045285042829970  0.36249534535973327  0.38197603830534865
  0.38861593437683462  0.39630585520639239  0.40592020548236685  0.41845263659932530
  0.42776124302578988  0.43619276482486619  0.44223024321639259  0.45038987763730293
  0.45895025823815588  0.46664334682241138  0.47423758795007442  0.48217875647823577
  0.49076912818718454  0.49760654334862925  0.50129074046750999  0.50351756379271972
  0.50674792029843030  0.51121197281257502  0.51657514215205569  0.52199794079489936
  0.52821539326687639  0.53382314794273689  0.53872689104619165  0.54202854382371779
  0.54644728847881119  0.55272520782496537  0.55733315002362438  0.56093740300060702
  0.56477125430410735  0.57592394400753089  0.59751242193216259  0.61632381835294647
  0.63259103275087447  0.64631403668515852  0.65769699875695053  0.67984947457772271
  0.69392935503595721  0.70144856872311145  0.70612552872808543  0.71054678899916135
  0.71366831476068560  0.71650754406100681  0.72117570384453744  0.72626079554181655
  0.72979555612240699  0.73363029705120941  0.73876376499729302  0.74426440112988201
  0.74803725279090283  0.75200790729368960  0.75604897150111905  0.76362475223980808
  0.77240428075163048  0.78243271673744907  0.79623387178756810  0.81011296127630650
  0.82407338591193346  0.83754450597034458  0.86893032500913003  0.91812484179778509
  0.95685420468109572  0.98637179686073462  0.99873408570637945  1.00000000000000000
 -0.01244032045823337  0.11064854288883008  0.20536492687207969  0.24883147883233317
  0.27256068089774682  0.29062526520693155  0.30924163766581236  0.32435203094312298
  0.33901148532704745  0.35105229925795367  0.36044203897981364  0.36661456999227071
  0.37031853252538116  0.37301284789787387  0.37697969436987788  0.38140613887860186
  0.38622379456905714  0.39019221410904570  0.39391925177549414  0.39843348414630220
  0.40512398026242336  0.41327043719991485  0.41978382217402854  0.42417058817174874
  0.42852006639261997  0.43265258798198780  0.43599526479373063  0.43929778621283033
  0.44270803610012527  0.44560898044977404  0.44742308524609892  0.44860958542840973
  0.45007686893968163  0.45168839344007683  0.45463355747570694  0.45837608413879999
  0.46386476127546744  0.47007402924045122  0.47452912151044480  0.47875563891637452
  0.48395163841490407  0.48844169441622559  0.49171748704377027  0.49484538874440542
  0.49847501786892495  0.50218881318379804  0.50521864299577668  0.50803865649738966
  0.51098302726910139  0.51349275480133760  0.51810847835199747  0.52392516844397030
  0.52963633100000973  0.53488731965834990  0.53995138535134179  0.54494546250765985
  0.55065703957425038  0.55686556857188263  0.56309260230494607  0.56815892725003070
  0.57246690127897581  0.57688120186261072  0.58184303126670966  0.58662505850418223
  0.59156529796782664  0.59603193957690570  0.59973696488927786  0.60366258486632729
  0.60698974412486029  0.61003128385090510  0.61350249197298956  0.61864219608793403
  0.62567859376755330  0.63299746306533333  0.63938301660708452  0.64568819340690464
  0.65313935989068794  0.66306736633857566  0.67003171874897349  0.67393800685655092
  0.67830923525655973  0.68438434588300967  0.68869408740030202  0.69427149297462065
  0.70018294744259857  0.70645404582140658  0.71140099417727942  0.71819749046810588
  0.72714393641760500  0.75464188797632747  0.79775180518219535  0.82272704571321653
  0.83678051090060479  0.84747939656619331  0.90473544420975938  1.00000000000000000
 -0.00170153115096000  0.00461603922228455  0.01966916612627071  0.03252844887260448
  0.04130892001714080  0.04493222847937495  0.04970069621027083  0.05525198641994834
  0.06269890198394147  0.07060990241104144  0.08251657297190881  0.10549833254029298
  0.13371273639504624  0.15634949004010523  0.17388026984203556  0.18612721787635528
  0.19363550471408053  0.20123692294347875  0.20942583420515667  0.21607360954620566
  0.22196720358761246  0.22769812971860762  0.23344699560087781  0.23755896918111405
  0.24127860764339321  0.24407740171602346  0.24688461287328800  0.24967374585469598
  0.25326664399786353  0.26255576601863267  0.27646894900490876  0.29415316775340417
  0.31176142316880961  0.32553132166951398  0.33852375430314580  0.35142414496187391
  0.36647915509106183  0.37896165040235680  0.38702469155077412  0.39461516110511619
  0.40208695016611468  0.40722157239361434  0.41145940047125190  0.41798139116165783
  0.42206350134144777  0.42531803335144336  0.42826673533839693  0.43167121175237649
  0.43732251217300988  0.44365316063175342  0.45077300941004794  0.45639762306290521
  0.46045605431748005  0.46818394800456720  0.47927784542264823  0.49453048199107874
  0.51039120657275283  0.52813993028979123  0.54810637769931669  0.56881037207119922
  0.58854536484383868  0.60170960680726082  0.61487384877068285  0.62896412605297924
  0.64344682320561397  0.65627986992918841  0.66685565229268839  0.67859925200520876
  0.70111362148015544  0.72114071837475779  0.74012739459490406  0.75702394881988500
  0.77373932863265749  0.79012423201971216  0.80842444396092128  0.82955470442924650
  0.85532298089480774  0.88282143575503769  0.89784026251608740  0.90879611346034106
  0.91709252423881571  0.92455017243158100  0.93136157579712764  0.93727290407267272
  0.94278553334510717  0.94908337298760692  0.95685077329298862  0.96489886552150184
  0.97103302644599332  0.97564070643745149  0.98007955352779819  0.98463761293421248
  0.98852149582428395  0.99257521364766721  0.99646397641584483  1.00000000000000000
  0.71962107077248794  0.72647902792096397  0.73148459495212603  0.73710354201374406
  0.74339927349282353  0.75081142330029060  0.75791630136353250  0.76405200846102761
  0.76961589874839653  0.77471703589865637  0.77998904084764742  0.78526184651864583
  0.79034269311108241  0.79453158271557078  0.79835732664178249  0.80213983151634649
  0.80570123722497289  0.80890012408865908  0.81160605239256256  0.81439226275028653
  0.81733110582657320  0.82010600133523726  0.82251470854998887  0.82398427522043249
  0.82454182683611510  0.82550159371279797  0.82610798426790677  0.82665527417708806
  0.82741193685478387  0.82823012601320101  0.82912504082881322  0.82986185932368806
  0.83054328492150387  0.83139556737042386  0.83243063940694439  0.83350696008040370
  0.83497742559325294  0.83627688191680116  0.83758263047762749  0.83860154155373567
  0.83928086252929235  0.83993018369597405  0.84048385981841289  0.84111152636772468
  0.84233815745437790  0.84383769267480935  0.84475738050666216  0.84549766233501944
  0.84627652764959649  0.84708948359574920  0.84802017404235697  0.84908968308472044
  0.84993500399249344  0.85068520921820945  0.85153202278762552  0.85232555964082612
  0.85316493212221944  0.85445824618014743  0.85614743532214110  0.85785051679257840
  0.85933036028100795  0.86062378081167246  0.86193561129224983  0.86367958991821270
  0.86615504918976582  0.86899268158260368  0.87134550802597210  0.87326183444745031
  0.87512633550407781  0.87763262333578418  0.87960832030606873  0.88101615134132127
  0.88222658946601407  0.88328789913207184  0.88469128835976718  0.88632171726230635
  0.88787484385027704  0.88934016190714238  0.89096622278053883  0.89285348368151385
  0.89469444697106781  0.89643705336088242  0.89796309871583169  0.89910984038256470
  0.90023604808738933  0.90141757391382094  0.90277973837025660  0.90433579433590927
  0.90751801440427105  0.91386241714220862  0.92060808313501274  0.92922985096414557
  0.93944470431814775  0.94770301374186683  0.97004038186044272  1.00000000000000000
  0.26888659502696888  0.27359565582300432  0.27761642893068500  0.28233284002894798
  0.28807867947108640  0.29281318826853159  0.29559034141114454  0.29756088978814027
  0.29948949715048145  0.30155543828537607  0.30379614224088403  0.30640970205313539
  0.30896639295096634  0.31142751322795909  0.31356369775618065  0.31693382759154021
  0.32088944817967507  0.32351221733586449  0.32610841535347407  0.32830360120029944
  0.33059534292227993  0.33320471943446650  0.33601711914949733  0.33890259428077518
  0.34227516357319832  0.34580514908477722  0.34939795121406236  0.35278402576699863
  0.35671955398343103  0.36075890991291631  0.36283570819855687  0.36453786231253416
  0.36677931888352355  0.36946439882116328  0.37182478207026964  0.37442512751984658
  0.37696749624067499  0.37981230851646608  0.38248897958467254  0.38531159188479847
  0.38760434762254709  0.39122352243901559  0.39708448447407246  0.40446153483984382
  0.41304557338530312  0.42278252552713824  0.43134616289754191  0.43943455060165781
  0.44699641285817954  0.45490188817175653  0.46286539740443455  0.47060148927229600
  0.47963356200903978  0.48060789540949889  0.48128982615218707  0.48292994385483523
  0.48455330907056943  0.48611681699202214  0.48836419779764595  0.49213421106555744
  0.49597411498292571  0.49935864084609394  0.50244388258578621  0.50489628849117252
  0.50724860886348555  0.50992295024935974  0.51277341807415788  0.51641606649653626
  0.52098758202789075  0.52498204091298228  0.52843497299196818  0.53156646241380578
  0.53439719204667946  0.53760909853239358  0.54169210716295046  0.54977474630067891
  0.55985893517145180  0.56841832608291976  0.57659521488694276  0.58479196316231297
  0.59218591521029273  0.59949171181106564  0.60760960237306694  0.61664515561505884
  0.62726024548987547  0.63783712740364429  0.64673346316579194  0.65069476794877901
  0.65498409649430722  0.66109835752516044  0.67872044776499130  0.69562749893224296
  0.71021728628988900  0.72465529752954250  0.73965197876858058  1.00000000000000000
   1.0132323113788345E-013  -1.0000000000000000     
  <DiscreteSampler_grid>
  Helicity
  1 # 1 for a reference and 2 for a running grid.
  20 # Attribute 'min_bin_probing_points' of the grid.
  1 # Attribute 'grid_mode' of the grid. 1=='default',2=='initialization'
  0.0000000000000000 # Attribute 'small_contrib_threshold' of the grid.
  0.5000000000000000 # Attribute 'damping_power' of the grid.
 # binID   n_entries weight   weight_sqr   abs_weight
    12   24   5.296776667210071E-015   2.216271273297470E-028   5.296776667210071E-015
    18   25008   7.300443664462556E-012   8.137024726597518E-020   7.300443664462556E-012
    33   133   1.695643992647256E-014   1.394130384987095E-026   1.695643992647256E-014
    35   94066   3.103460566066109E-011   3.260715293471474E-018   3.103460566066109E-011
    37   2   1.336611426293205E-016   3.572942172238276E-032   1.336611426293205E-016
    52   8   1.832823319374028E-015   2.121976743901462E-029   1.832823319374028E-015
    55   3   8.309229412224394E-017   2.035418891806622E-032   8.309229412224394E-017
    61   50   5.905100992244280E-015   1.652683745547937E-027   5.905100992244280E-015
  </DiscreteSampler_grid>
  <DiscreteSampler_grid>
  grouped_processes
  1 # 1 for a reference and 2 for a running grid.
  10 # Attribute 'min_bin_probing_points' of the grid.
  1 # Attribute 'grid_mode' of the grid. 1=='default',2=='initialization'
  0.0000000000000000 # Attribute 'small_contrib_threshold' of the grid.
  0.5000000000000000 # Attribute 'damping_power' of the grid.
 # binID   n_entries weight   weight_sqr   abs_weight
    10   8   9.929591078619156E-008   3.277807459048857E-014   9.929591078619156E-008
    16   8   9.929591078619155E-008   3.277807459048857E-014   9.929591078619155E-008
  </DiscreteSampler_grid>
