  0.00000009696653020  0.00000010023859580  0.00000010237757334  0.00000010450278143
  0.00000010680995865  0.00000010935712944  0.00000011227296905  0.00000011572878875
  0.00000011890036161  0.00000012164712825  0.00000012438115601  0.00000012717439695
  0.00000013071075646  0.00000013577152877  0.00000014040955639  0.00000014492392419
  0.00000014938412676  0.00000015371882572  0.00000015819408679  0.00000016294551172
  0.00000016779789627  0.00000017270617653  0.00000017772977396  0.00000018317481933
  0.00000018803867394  0.00000019253681312  0.00000019682744813  0.00000020052293965
  0.00000020432175335  0.00000020844724845  0.00000021246866751  0.00000021635638252
  0.00000022036643387  0.00000022440682147  0.00000022857850874  0.00000023296700706
  0.00000023736467457  0.00000024201002466  0.00000024704456344  0.00000025168119508
  0.00000025646507939  0.00000026150190415  0.00000026668597377  0.00000027191846998
  0.00000027712816089  0.00000028231741608  0.00000028753938927  0.00000029288602692
  0.00000029841781927  0.00000030406645589  0.00000030961328139  0.00000031502466857
  0.00000032061494355  0.00000032643626194  0.00000033242787226  0.00000033876098945
  0.00000034537974912  0.00000035204403378  0.00000035909222306  0.00000036691887249
  0.00000037506126031  0.00000038305116181  0.00000039098311560  0.00000039888352497
  0.00000040701939366  0.00000041564388133  0.00000042468992179  0.00000043408215560
  0.00000044382225347  0.00000045400013598  0.00000046454771683  0.00000047536044217
  0.00000048641205947  0.00000049796639189  0.00000051007268452  0.00000052314881540
  0.00000053756239813  0.00000055315465940  0.00000056956933667  0.00000058711771035
  0.00000060629155929  0.00000062727581088  0.00000065086055527  0.00000067704309610
  0.00000070545353998  0.00000073600601105  0.00000077107734623  0.00000081435923042
  0.00000086903642749  0.00000093746668584  0.00000102719091159  0.00000115385405967
  0.00000137423330317  0.00000230903081618  0.00004611324163987  1.00000000000000000
  0.00000237066413674  0.00000243899886529  0.00000247426438771  0.00000251474950797
  0.00000255952135120  0.00000260893419185  0.00000265984902822  0.00000271305715091
  0.00000276724830943  0.00000282110391114  0.00000287351608917  0.00000292547410065
  0.00000297799891662  0.00000303001416435  0.00000307933401971  0.00000312757525829
  0.00000317920165689  0.00000323697117024  0.00000329631008011  0.00000335641356653
  0.00000341600147506  0.00000347457479035  0.00000353326306642  0.00000359108007707
  0.00000365015588611  0.00000371321786822  0.00000377999811876  0.00000384845387957
  0.00000391759086870  0.00000398782324758  0.00000405670479922  0.00000412702438487
  0.00000419859853880  0.00000426921886101  0.00000433852621541  0.00000440876429671
  0.00000448215567374  0.00000455975347704  0.00000463897130247  0.00000471760855686
  0.00000479741814684  0.00000487985733454  0.00000496678079919  0.00000505658932061
  0.00000514617747835  0.00000523683199561  0.00000533202760265  0.00000543009872870
  0.00000553522558676  0.00000565134059264  0.00000576981733727  0.00000588781902075
  0.00000600709239856  0.00000613019898836  0.00000626191424142  0.00000640218847062
  0.00000654736895809  0.00000669594208753  0.00000685060763351  0.00000701031402843
  0.00000717236541859  0.00000733832143367  0.00000750903404249  0.00000767929458559
  0.00000785062957562  0.00000803463639685  0.00000823216474120  0.00000843700315394
  0.00000864801432912  0.00000886591114784  0.00000909042027496  0.00000932111866471
  0.00000955578515147  0.00000979670173673  0.00001004987170347  0.00001031311398840
  0.00001058622985776  0.00001087179044551  0.00001115891463080  0.00001144470944232
  0.00001174811279295  0.00001208793577264  0.00001245391073594  0.00001283680214460
  0.00001323660152597  0.00001365544379936  0.00001412433623944  0.00001468191017527
  0.00001532562917668  0.00001601795983246  0.00001668746281142  0.00001755405175788
  0.00002160004161741  0.00005020713907695  0.00010034302156992  1.00000000000000000
  0.00000022062563599  0.00000025418258949  0.00000027443727174  0.00000029143566154
  0.00000030795981425  0.00000032422439070  0.00000034025667576  0.00000035678208491
  0.00000037511466534  0.00000039520907822  0.00000041652126263  0.00000043890494779
  0.00000046215777347  0.00000048615235682  0.00000051029116221  0.00000053584153795
  0.00000056343332592  0.00000059191545677  0.00000062132814891  0.00000065261950595
  0.00000068565961003  0.00000071962352744  0.00000075437677388  0.00000078943780782
  0.00000082604888792  0.00000086368307328  0.00000090100891373  0.00000093870686433
  0.00000097672310864  0.00000101818576180  0.00000106263981672  0.00000110921035985
  0.00000115601738888  0.00000120280346026  0.00000124978499813  0.00000129827738717
  0.00000134646189753  0.00000139521381713  0.00000144556354321  0.00000149779789644
  0.00000155146242634  0.00000160716026062  0.00000166418450725  0.00000172303535742
  0.00000178347024577  0.00000184446580601  0.00000190596361777  0.00000196872483137
  0.00000203191395787  0.00000209757615366  0.00000216279824529  0.00000223152277040
  0.00000230474749703  0.00000238043130532  0.00000245918911325  0.00000253966213793
  0.00000261742568105  0.00000269924702506  0.00000278807194909  0.00000288013600823
  0.00000297769728358  0.00000308343464162  0.00000319180285437  0.00000330333481926
  0.00000341687077287  0.00000353149481944  0.00000365737412074  0.00000379638400478
  0.00000394514617647  0.00000410492318701  0.00000428786036501  0.00000449519420105
  0.00000470809247026  0.00000491589186269  0.00000513288290426  0.00000538632687350
  0.00000569483787687  0.00000601906208188  0.00000635653500878  0.00000673441095747
  0.00000715486283615  0.00000761766040616  0.00000807996156565  0.00000853918012873
  0.00000903023969651  0.00000959638222435  0.00001021128559176  0.00001091226505918
  0.00001171028188383  0.00001261717371295  0.00001369007109992  0.00001491956247766
  0.00001625624220988  0.00001759322444240  0.00001935659330982  1.00000000000000000
 -0.00267792703881121  0.01170447001081994  0.01987753278663548  0.03024445258521012
  0.04271703330036083  0.05556849867585134  0.06910666677458922  0.08249479134721106
  0.09528486177671550  0.10869337105322013  0.12384650043339170  0.14020309843260179
  0.15211175724537709  0.16325651402713870  0.17483034296376723  0.18669748284886167
  0.19828366167547196  0.20983302831262057  0.22143798118639604  0.23281335036983830
  0.24399173473737601  0.25538624882690608  0.26679019671003035  0.27778205636478631
  0.28855870437326220  0.29913974539279520  0.30959473107724428  0.31996972384027006
  0.32996372091726700  0.33959989586534589  0.34899779037066220  0.35855932681918962
  0.36863215271723043  0.37907109248000997  0.38968380539390890  0.40032968696052862
  0.41094406785469267  0.42145667601880887  0.43214873891576217  0.44304273411693829
  0.45391417396979927  0.46480120419770304  0.47555173176061794  0.48611065669951564
  0.49657190713831334  0.50701022344227209  0.51754270825110293  0.52818263264819909
  0.53893271712949109  0.54990426221676203  0.56057956617473603  0.57069725184472675
  0.58066471115139895  0.59121313612807891  0.60221450196934900  0.61284168583794352
  0.62279203909672598  0.63263522757203028  0.64260049516617357  0.65272963336459588
  0.66289925564976016  0.67298070797416254  0.68311124246847299  0.69312570910217142
  0.70285678279694819  0.71221541173940217  0.72117962474205066  0.72994751682515180
  0.73851626548474247  0.74714792288838305  0.75630509499108622  0.76588822948191992
  0.77444292990078711  0.78199634074306923  0.78963760112730064  0.79698460413017536
  0.80430591735847845  0.81137148485372990  0.81773896460208240  0.82492705119799570
  0.83234485730446228  0.84052242769667818  0.84981295813048885  0.85946244478227007
  0.86889783221262051  0.87822475117318199  0.88774529633977928  0.89727465569166898
  0.90661462125308845  0.91714480295635570  0.92960315698417983  0.94283682447537920
  0.95645543161879909  0.97078934010802653  0.98617737624691204  1.00000000000000000
 -0.00176114912092033  0.00765542163845270  0.01748461027040634  0.02936739178449058
  0.04040504474100522  0.05124689720694778  0.06353044826977493  0.07612492509778732
  0.08879514034276303  0.10071892563004543  0.11202212818627998  0.12308521159512009
  0.13452169181257559  0.14615480834565914  0.15781797984394588  0.16921096709169070
  0.18028921838153458  0.19106584296577528  0.20154603394912676  0.21176790332990517
  0.22188959673838138  0.23233339030965297  0.24288232219343189  0.25344769677279133
  0.26373399454103064  0.27376626222776801  0.28362201373365681  0.29322833542116028
  0.30302830118651175  0.31203963535857271  0.32049679389407970  0.32924865339630366
  0.33804308283822110  0.34693175350018279  0.35595155662962130  0.36458924882793142
  0.37235775251991027  0.38125100422881225  0.39221187281817083  0.40268429822918655
  0.41317149059174446  0.42422866413137628  0.43610955806295681  0.44846928146301757
  0.46112586839550501  0.47345928305912721  0.48533077344875852  0.49689192986029440
  0.50793026896601734  0.51861999836574257  0.52956833835647410  0.54107851563221521
  0.55285909473803507  0.56422901815334714  0.57467181914705801  0.58513316224571532
  0.59604017920544561  0.60637587700249163  0.61621406608673013  0.62593432190151510
  0.63614459080482277  0.64676432145564411  0.65767390645571244  0.66860947197437370
  0.67949451824856844  0.69005078000007025  0.70023306581427613  0.71001397083335838
  0.71938943159806468  0.72889817610616647  0.73728236063991459  0.74550326515631526
  0.75389459296078554  0.76377207280476256  0.77354904968564298  0.78417216245578436
  0.79491618313588019  0.80532595783510474  0.81559295215711924  0.82624657209423846
  0.83740945567890290  0.84854250074525861  0.85876330117307398  0.86841051376134859
  0.87828990785755223  0.88829827830124553  0.89834970138371373  0.90817177643055336
  0.91817625450184037  0.92849859561417958  0.93927716162134700  0.95029056153933555
  0.96148308476263855  0.97330004077710275  0.98603199265429031  1.00000000000000000
 -0.00134922046428560  0.00575504348743641  0.01149340728402118  0.01742087611279835
  0.02327400508354519  0.03042671098254923  0.03853625633955812  0.04644912760608658
  0.05442427304985011  0.06247170841614184  0.07052590093236712  0.07830766819015103
  0.08617148386717978  0.09402860902769608  0.10190771556242954  0.10965068079039801
  0.11754528549044757  0.12550867195825827  0.13394461049367462  0.14254545998135490
  0.15158526951400741  0.15992817957239053  0.16820123049196309  0.17677602974940682
  0.18542133820637771  0.19417333245466989  0.20311648374696181  0.21233925157191411
  0.22133773276786423  0.22993430146965596  0.23834924116291276  0.24671531284525694
  0.25504361362717093  0.26328380083850628  0.27147917291026080  0.27995183697604292
  0.28867578146545009  0.29750080398866730  0.30644276822899674  0.31535082937639086
  0.32394005388379493  0.33247151435507893  0.34137801613831154  0.35001086364938949
  0.35803417197638038  0.36611612287494222  0.37498456613922193  0.38474612144482839
  0.39474307223769711  0.40463225740127728  0.41449565906231600  0.42413208622396203
  0.43346578267459163  0.44279490628382911  0.45230555782437926  0.46181077972261958
  0.47117994156405973  0.48077858341442081  0.49104474020176359  0.50168794256581939
  0.51207397033345392  0.52231292101330851  0.53276296350525121  0.54303573035450148
  0.55325603979694027  0.56395753965592588  0.57518552346780305  0.58648427082442778
  0.59736463401942286  0.60933262514015640  0.62314297472958824  0.63731838697583498
  0.65049209354328585  0.66266260315482650  0.67429657377480212  0.68596646587173082
  0.69851423075057573  0.71163832439728214  0.72405010308445727  0.73659207597942655
  0.75065799378257025  0.76500492767496819  0.77857323997165817  0.79261569284980926
  0.80761466724164099  0.82401532230205421  0.84253095566382918  0.85996184176617285
  0.87502601755515841  0.88798593557022232  0.90210791470455387  0.91690515868010114
  0.93202377153406035  0.94975243283045929  0.97306436630357351  1.00000000000000000
 -0.00241195719860003  0.00928124106091996  0.02106708745403494  0.03281156726816413
  0.04445288453015685  0.05579899444587416  0.06749804826918775  0.07902662688742564
  0.08974672762600086  0.10059096710528385  0.11193196227503492  0.12373563312573989
  0.13597049389622293  0.14819430356870322  0.15965913387917291  0.17042722148228265
  0.18100178988954013  0.19156022739310460  0.20228477489773034  0.21311744775360450
  0.22391643028212119  0.23478361784127746  0.24576568596355305  0.25644377083930631
  0.26693260756912951  0.27768516619702971  0.28830085371496461  0.29837926142889970
  0.30824844472433427  0.31956548693001807  0.33170386093677379  0.34312831382987019
  0.35388967858992132  0.36470111957087575  0.37550335839320237  0.38583531759516232
  0.39571587852807311  0.40575300173590656  0.41606264641881835  0.42616556253320437
  0.43631659191306010  0.44709746405977713  0.45799872870458508  0.46835774136614122
  0.47830001178078213  0.48854853998832198  0.49944400638945652  0.51063740207295683
  0.52177674168040289  0.53346470997913975  0.54599301602716577  0.55826952157978693
  0.56941442748807414  0.58016262246456707  0.59076836119066589  0.60092868950439038
  0.61102441676576913  0.62168536920832940  0.63274260527345072  0.64369286276969384
  0.65427676687731195  0.66451329257669955  0.67483461025839830  0.68561168203924627
  0.69689456309281561  0.70806547111759321  0.71901079348104613  0.73069880477959714
  0.74281552761804814  0.75299507076400296  0.76074525332561760  0.76923644259777024
  0.77772514658787006  0.78589938320016550  0.79412233336829852  0.80260173730700679
  0.81065702346330171  0.81933396981439988  0.82911272388806923  0.83905517017789566
  0.84892100514205049  0.85880906957848480  0.86905920983167706  0.87924364787716958
  0.88919480088827951  0.89894264265496127  0.90978821252549713  0.92038198033550744
  0.93022260033960857  0.93962779374529259  0.94877862951869718  0.95859665889004841
  0.96908948729379452  0.97941188596175310  0.98945486002328298  1.00000000000000000
 -0.00199408581825352  0.00819027366652203  0.01772750790496553  0.02934721630028226
  0.03992731115580428  0.04938519921223197  0.05911054596467222  0.06918443744163479
  0.07930410707290872  0.08896763702182252  0.09893422076384879  0.10961752262516067
  0.12195705155692566  0.13387192245097526  0.14432277583526823  0.15506749954428031
  0.16886435046322984  0.18187231254095315  0.19449261143933172  0.20661370421116701
  0.21774597518130201  0.22836511912124330  0.23853111013181283  0.24894969390048152
  0.25966944675765635  0.27066093175362388  0.28150795441910320  0.29192892425317274
  0.30218680548048210  0.31253625890908521  0.32249481324255319  0.33232018338077518
  0.34246055743552600  0.35313339336991234  0.36392688141141988  0.37487769794158260
  0.38582344954371173  0.39690718959581994  0.40792014672840637  0.41956432084119039
  0.43145250504500854  0.44227000489215751  0.45260377406997082  0.46363330798603869
  0.47536063917405164  0.48711871504764581  0.49807930486963320  0.50840965623884349
  0.51887849394022123  0.52918421611085042  0.53911522690312874  0.54906471873761997
  0.55805338660241099  0.56744611231808240  0.57919878324427265  0.58992356787960520
  0.60116425025895925  0.61180681773894374  0.62282470503331333  0.63459795865093771
  0.64638142059612125  0.65780578384466171  0.66859678672666145  0.67919711716725095
  0.68973872219800925  0.70051646887660080  0.71103923643524225  0.72082477900843167
  0.73105262535927140  0.74201438749738236  0.75265012895119032  0.76325489982353123
  0.77399917690236864  0.78472381586833695  0.79554049173965147  0.80640036191569830
  0.81708460394330040  0.82716625219718465  0.83627783467868844  0.84471396739472016
  0.85329947735001577  0.86257309714035768  0.87216154763258880  0.88173535016213600
  0.89121080892776172  0.90081167579589350  0.91063194389990687  0.92017469594092394
  0.92974775278716437  0.93974064231913279  0.95006469273728156  0.96022152152678319
  0.97014622771958270  0.97924079042771806  0.98933002287050875  1.00000000000000000
  0.71224014824389592  0.71588127793862122  0.71860956371026508  0.72107323232988874
  0.72519414375338243  0.72890762899983086  0.73243783498204174  0.73840228245670314
  0.74453421564583377  0.74918309394174654  0.75555126606150336  0.76194290365270723
  0.76776035178376223  0.77296452437672081  0.77755381059515472  0.78183076016381936
  0.78619544166934263  0.79052957428952775  0.79449065726007795  0.79835074393179406
  0.80201721959819339  0.80563016536074072  0.80914098464348849  0.81242843464625547
  0.81577883603168810  0.81917202909144227  0.82252859233888598  0.82581522089866821
  0.82888827286436506  0.83170529244638824  0.83469328016160593  0.83821848082829098
  0.84189800768385947  0.84535825373755991  0.84869733699488981  0.85188493742294147
  0.85498837911732528  0.85806376979178256  0.86105928636259943  0.86400471563744552
  0.86693999554695322  0.86985335372326777  0.87271614278479104  0.87552889331926531
  0.87831449022683694  0.88107320797911881  0.88381256864300473  0.88652626528812162
  0.88922557484050835  0.89195038076278410  0.89466439169548728  0.89731809919379346
  0.89989699950484703  0.90241333333870521  0.90485508221098365  0.90722073217113886
  0.90957192127069242  0.91192196103300915  0.91423977931373834  0.91656345155649976
  0.91890529181660952  0.92125098711792675  0.92351539442606734  0.92571955220273849
  0.92788519441194584  0.93005637996227108  0.93221748365856205  0.93434082121946460
  0.93641861196491349  0.93859391137433201  0.94088362202136722  0.94314154139554263
  0.94523399517916884  0.94715745978198751  0.94910209997135042  0.95108741550814713
  0.95312583222278080  0.95518528580325912  0.95724325055101012  0.95922166878094051
  0.96105803231351339  0.96273859200387224  0.96460094867491353  0.96702296794520526
  0.96934077724515966  0.97162147177323854  0.97382077637368225  0.97593519562345366
  0.97799196660253351  0.97998705682662146  0.98185487807973681  0.98355012170402778
  0.98687806135146927  0.98929688225384127  0.99009979951558746  1.00000000000000000
  0.24846699396078523  0.27253896585212528  0.28696871067743879  0.29439272313138620
  0.29785302791006318  0.30422934640477561  0.31170892474901118  0.31904456477117088
  0.32582648342416459  0.33223009098013401  0.33855552586254267  0.34495711965545534
  0.35126941110093085  0.35763935066400832  0.36417254424998408  0.37052773286740132
  0.37640440345106657  0.38203736948169470  0.38757732885715301  0.39297512588790556
  0.39841822240637842  0.40405185380755476  0.40983295223512362  0.41572229107047720
  0.42166073181120278  0.42756195068375619  0.43330663862264840  0.43877046117561014
  0.44399511774150607  0.44932025310034812  0.45460499010659111  0.46024099864386886
  0.46609810642499305  0.47148317597550177  0.47658181921096820  0.48151524071599183
  0.48649867973606276  0.49155950581438562  0.49653354812430467  0.50147630534280285
  0.50649592495928264  0.51169870298258402  0.51700465942847451  0.52187162304581480
  0.52606695970946937  0.53027729791497535  0.53453885254539335  0.53878323288074959
  0.54308753433963308  0.54735618954962018  0.55154825726960222  0.55580362571948161
  0.56016905235968439  0.56449587134022761  0.56885980239556133  0.57307293622432642
  0.57700179005870145  0.58064643398608784  0.58456086322937040  0.58940975279784613
  0.59477049071609256  0.60036420672950674  0.60591228587586232  0.61128793456624764
  0.61653261973379647  0.62157615925824883  0.62640913517661290  0.63108217436958436
  0.63586744674039264  0.64071363357291911  0.64569119207574999  0.65071361772750480
  0.65562670153378499  0.66037020577405814  0.66498335167819089  0.66919619940164743
  0.67320829949970240  0.67722796352447312  0.68130987915735775  0.68529511438304724
  0.68929377468584074  0.69292963720018730  0.69662553082298717  0.70056541239462833
  0.70430015438149918  0.70633078831224005  0.70812280514433512  0.70910634658407257
  0.71002147864589105  0.71098596016836102  0.71127945027310957  0.71157294037785801
  0.71448911929659031  0.71807694772846919  0.72166477616034830  1.00000000000000000
   3.5608450623089133E-012  -1.0000000000000000     
  <DiscreteSampler_grid>
  Helicity
  1 # 1 for a reference and 2 for a running grid.
  40 # Attribute 'min_bin_probing_points' of the grid.
  1 # Attribute 'grid_mode' of the grid. 1=='default',2=='initialization'
  0.0000000000000000 # Attribute 'small_contrib_threshold' of the grid.
  0.5000000000000000 # Attribute 'damping_power' of the grid.
 # binID   n_entries weight   weight_sqr   abs_weight
    1   58   5.514163620241463E-012   3.064947333377647E-022   5.514163620241463E-012
    2   5206   6.086494575124814E-010   3.804533702808961E-017   6.086494575124814E-010
    3   517   5.793833796958970E-011   8.287711435489155E-020   5.793833796958970E-011
    4   3493   4.155612768577228E-010   6.774444245751511E-018   4.155612768577228E-010
    5   8   1.039359554726618E-012   2.039415060975785E-024   1.039359554726618E-012
    6   3968   4.454489767470201E-010   8.173719555200907E-018   4.454489767470201E-010
    8   7589   8.891119838923949E-010   1.169210137777598E-016   8.891119838923949E-010
    9   4184   4.905189059023746E-010   4.202694471477775E-017   4.905189059023746E-010
    10   2   9.941615118408808E-014   1.130658777964438E-026   9.941615118408808E-014
    11   10   1.108806270037819E-012   6.792582428361743E-024   1.108806270037819E-012
    12   16742   1.901023526741486E-009   9.242508063982248E-016   1.901023526741486E-009
    13   16   1.061397017259728E-012   4.202173849890460E-024   1.061397017259728E-012
    14   408   4.585977958581668E-011   2.257495199928674E-020   4.585977958581668E-011
    15   70711   8.183358228701701E-009   9.948762543875972E-015   8.183358228701701E-009
    17   4069   4.646644811718918E-010   1.359689834229859E-017   4.646644811718918E-010
    19   1427   1.664134288440674E-010   1.347755318752434E-018   1.664134288440674E-010
    20   2701   3.139309570503732E-010   2.843622317091492E-018   3.139309570503732E-010
    21   234   2.427265725763894E-011   1.184402805674207E-020   2.427265725763894E-011
    22   467   5.290141255064138E-011   9.954931171238994E-020   5.290141255064138E-011
    23   735   8.960132338848019E-011   1.298961885461256E-019   8.960132338848019E-011
    25   172   2.312801707732303E-011   4.752204437651683E-021   2.312801707732303E-011
    26   85   1.099173458729644E-011   1.084118822283243E-021   1.099173458729644E-011
    27   611   7.477187677609236E-011   6.894398190398918E-020   7.477187677609236E-011
    28   599   6.631045675398544E-011   7.065373206346935E-020   6.631045675398544E-011
    29   566   6.599480434417799E-011   8.303050592791037E-020   6.599480434417799E-011
    30   87   1.158512653266837E-011   1.032085167305234E-021   1.158512653266837E-011
    31   781   9.248265438887615E-011   3.259462949730999E-019   9.248265438887615E-011
    33   606   6.789206463159995E-011   4.758268328926261E-020   6.789206463159995E-011
    34   75   7.336358092508389E-012   4.952251668742339E-022   7.336358092508389E-012
    36   1851   2.154414504357071E-010   4.454620813283767E-018   2.154414504357071E-010
    38   25   2.038817630900680E-012   1.542792207593316E-023   2.038817630900680E-012
    39   3584   4.106027984904216E-010   2.507941626458067E-017   4.106027984904216E-010
    40   553   6.333419173400921E-011   6.447585957958214E-020   6.333419173400921E-011
    41   615   7.107948227109462E-011   7.169159823542738E-020   7.107948227109462E-011
    43   5158   5.697438217043802E-010   1.388488399573095E-017   5.697438217043802E-010
    44   7   4.571860892505744E-013   9.638396876070211E-025   4.571860892505744E-013
    45   2863   3.455663390646715E-010   1.591360956218886E-017   3.455663390646715E-010
    46   38   5.577012818698832E-012   2.523701936517329E-022   5.577012818698832E-012
    47   1170   1.272002748817264E-010   2.330325291187935E-019   1.272002748817264E-010
    50   1918   2.041144840863383E-010   1.395909256187897E-018   2.041144840863383E-010
    52   2464   3.029034190764342E-010   8.789578369646302E-018   3.029034190764342E-010
    53   7   4.328553533819238E-013   5.105281262034644E-025   4.328553533819238E-013
    54   1915   2.208145140705657E-010   1.490019227381657E-018   2.208145140705657E-010
    55   673   7.083045791209811E-011   2.209482011605200E-019   7.083045791209811E-011
    56   350   4.103569362377030E-011   2.513006514160981E-020   4.103569362377030E-011
    57   8   1.437727863403807E-012   9.042370423401622E-024   1.437727863403807E-012
    58   97   1.010183461251235E-011   1.705217937317696E-021   1.010183461251235E-011
    60   80   9.230193482108210E-012   6.710388643972455E-022   9.230193482108210E-012
    61   3995   4.728022450859322E-010   1.924132524285286E-017   4.728022450859322E-010
    63   820   9.360281681497754E-011   1.570008087450452E-019   9.360281681497754E-011
    64   6582   7.775589839796842E-010   6.461784211075621E-017   7.775589839796842E-010
  </DiscreteSampler_grid>
  <DiscreteSampler_grid>
  grouped_processes
  1 # 1 for a reference and 2 for a running grid.
  10 # Attribute 'min_bin_probing_points' of the grid.
  1 # Attribute 'grid_mode' of the grid. 1=='default',2=='initialization'
  0.0000000000000000 # Attribute 'small_contrib_threshold' of the grid.
  0.5000000000000000 # Attribute 'damping_power' of the grid.
 # binID   n_entries weight   weight_sqr   abs_weight
    13   10   1.598963924824039E-003   2.021197439780789E-005   1.598963924824039E-003
    14   10   1.598963924824041E-003   2.021197439780796E-005   1.598963924824041E-003
    16   10   9.892020555419142E-005   3.673988419947008E-008   9.892020555419142E-005
    17   10   9.892020555419149E-005   3.673988419947013E-008   9.892020555419149E-005
    22   10   1.232031231316371E-003   6.965880152335617E-006   1.232031231316371E-003
    23   10   1.232031231316372E-003   6.965880152335633E-006   1.232031231316372E-003
    25   10   1.509642083366073E-004   1.950107424331463E-007   1.509642083366073E-004
    26   10   1.509642083366075E-004   1.950107424331470E-007   1.509642083366075E-004
    31   10   1.598963924824039E-003   2.021197439780790E-005   1.598963924824039E-003
    32   10   1.598963924824042E-003   2.021197439780797E-005   1.598963924824042E-003
    34   10   9.892020555419142E-005   3.673988419947008E-008   9.892020555419142E-005
    35   10   9.892020555419149E-005   3.673988419947014E-008   9.892020555419149E-005
    40   10   1.232031231316371E-003   6.965880152335620E-006   1.232031231316371E-003
    41   10   1.232031231316372E-003   6.965880152335636E-006   1.232031231316372E-003
    43   10   1.509642083366073E-004   1.950107424331462E-007   1.509642083366073E-004
    44   10   1.509642083366076E-004   1.950107424331471E-007   1.509642083366076E-004
  </DiscreteSampler_grid>
