  0.00000071994880285  0.00000072857935676  0.00000073763248565  0.00000074422077725
  0.00000075323001871  0.00000076427384973  0.00000077527083373  0.00000078654373192
  0.00000079775557725  0.00000080884619478  0.00000081991764194  0.00000083099870096
  0.00000084197220892  0.00000085344053089  0.00000086572287559  0.00000087883796251
  0.00000089164715500  0.00000090408470527  0.00000091643620367  0.00000092877425582
  0.00000094134356609  0.00000095443854936  0.00000096775506843  0.00000098119946881
  0.00000099464051539  0.00000100854073020  0.00000102335826848  0.00000103874519317
  0.00000105406128658  0.00000106964107282  0.00000108568955502  0.00000110196078428
  0.00000111819888264  0.00000113434559733  0.00000115055721549  0.00000116646441758
  0.00000118279331300  0.00000120246243747  0.00000122207861161  0.00000124171643842
  0.00000126086461965  0.00000127970234463  0.00000129883669021  0.00000131835455944
  0.00000133841938445  0.00000135876426877  0.00000137935667130  0.00000140032350971
  0.00000142137988405  0.00000144215300093  0.00000146278656642  0.00000148380775937
  0.00000150595756522  0.00000152916824754  0.00000155279421432  0.00000157650726471
  0.00000160027427747  0.00000162406236135  0.00000164883000929  0.00000167571662042
  0.00000170283781442  0.00000172930307670  0.00000175602592841  0.00000178258071881
  0.00000180913802984  0.00000183595803181  0.00000186292025345  0.00000189072363567
  0.00000191941924935  0.00000194849663369  0.00000197700268123  0.00000200441882109
  0.00000203170898096  0.00000205961057898  0.00000208863501684  0.00000211841995155
  0.00000214854092494  0.00000217909394808  0.00000221033335089  0.00000224121742601
  0.00000227253098773  0.00000230574712326  0.00000234101182599  0.00000237603423692
  0.00000240989915138  0.00000244308229753  0.00000247616716882  0.00000250993558821
  0.00000254475728515  0.00000258079985031  0.00000261830608885  0.00000265660350879
  0.00000269224953882  0.00000271702397193  0.00000272233394593  1.00000000000000000
  0.00000018659570370  0.00000020131971938  0.00000021027138652  0.00000021675458684
  0.00000022271757523  0.00000022958185844  0.00000023644165683  0.00000024326970234
  0.00000025061733480  0.00000025844533156  0.00000026656625585  0.00000027512812729
  0.00000028380273634  0.00000029281832982  0.00000030203041260  0.00000031235180261
  0.00000032260589295  0.00000033321578975  0.00000034407075008  0.00000035532557625
  0.00000036729532108  0.00000037982444693  0.00000039253539373  0.00000040525643656
  0.00000041781066844  0.00000043060631090  0.00000044433637414  0.00000045874101005
  0.00000047339379801  0.00000048836763865  0.00000050354483827  0.00000051930210487
  0.00000053632270838  0.00000055433772041  0.00000057258069368  0.00000059090186913
  0.00000060965359147  0.00000062814728706  0.00000064929356078  0.00000067250267354
  0.00000069612027542  0.00000071981382049  0.00000074317707283  0.00000076702070737
  0.00000079219188092  0.00000081851640378  0.00000084602735822  0.00000087445545789
  0.00000090372387405  0.00000093475334248  0.00000096848550227  0.00000100373118835
  0.00000103869428810  0.00000107347689875  0.00000110907828230  0.00000114656444542
  0.00000118629914442  0.00000122664663262  0.00000126704889691  0.00000130799423138
  0.00000135026459594  0.00000139654974874  0.00000144772497526  0.00000149871474307
  0.00000155027839830  0.00000160227579567  0.00000165419252010  0.00000172264789934
  0.00000179253631338  0.00000186739653483  0.00000194962192592  0.00000204202036316
  0.00000214486942288  0.00000225187443346  0.00000236578986577  0.00000250063098954
  0.00000265612002686  0.00000281930798502  0.00000300063971685  0.00000320961667555
  0.00000343439870675  0.00000370772296656  0.00000402562645706  0.00000438313810678
  0.00000479333067342  0.00000533261513940  0.00000607319175166  0.00000689627619491
  0.00000784932248925  0.00000911678977207  0.00001049392827418  0.00001193588604275
  0.00001366364133111  0.00001734770397239  0.00002413727176588  1.00000000000000000
  0.00000077657754232  0.00000082841466663  0.00000087356693013  0.00000092002253056
  0.00000096930867252  0.00000101949537021  0.00000106886111439  0.00000111796739412
  0.00000116794482629  0.00000121797680618  0.00000126726412924  0.00000131537932696
  0.00000136266672279  0.00000141026762918  0.00000145860074114  0.00000150785101489
  0.00000155766621436  0.00000160794404319  0.00000165764887559  0.00000170788418475
  0.00000175887756839  0.00000181095549455  0.00000186477068230  0.00000191923424047
  0.00000197806516375  0.00000204461803078  0.00000211578374712  0.00000218774279699
  0.00000226054756758  0.00000233327625244  0.00000241033177709  0.00000249629405756
  0.00000258691315325  0.00000267972154857  0.00000277425075981  0.00000286925501843
  0.00000298693636308  0.00000312000358290  0.00000325579971000  0.00000339521305762
  0.00000354621476139  0.00000371663581734  0.00000390316783868  0.00000409276607663
  0.00000428912075338  0.00000450736133908  0.00000473479281837  0.00000496855774527
  0.00000522068066304  0.00000549991499279  0.00000579496573582  0.00000609147389451
  0.00000640919718173  0.00000674678027446  0.00000708905828561  0.00000744883123004
  0.00000784184214321  0.00000826488193378  0.00000871310465614  0.00000918839980693
  0.00000968595195772  0.00001019536497355  0.00001071706501840  0.00001123373103368
  0.00001174400773202  0.00001226994148392  0.00001278356776890  0.00001329464758636
  0.00001386122518076  0.00001447231975077  0.00001509857440909  0.00001572467949341
  0.00001638714699676  0.00001703743444443  0.00001771475023736  0.00001842984115105
  0.00001920384640140  0.00002020183813519  0.00002140944693292  0.00002267731400032
  0.00002405749669944  0.00002565730503973  0.00002708879416357  0.00002896460943201
  0.00003168674275940  0.00003475928226823  0.00003766704705835  0.00004069737180246
  0.00004389151903196  0.00004700029136406  0.00004900822311907  0.00005821566232050
  0.00006945775539745  0.00008739317881525  0.00012978058277076  1.00000000000000000
  0.00014128412793786  0.00326707592009297  0.00709263226731295  0.01288107717387608
  0.01980964214429555  0.02847647245695000  0.03733896733422264  0.04607258363461132
  0.05435870715711794  0.06310755055486157  0.07238153791733658  0.08162357417983411
  0.09061823541060954  0.09929868789768746  0.10778159060222055  0.11635180939681405
  0.12514719267378765  0.13419018232447241  0.14347717804165927  0.15201167068825008
  0.16031150791131532  0.16882461599196885  0.17708270779747218  0.18557773324842372
  0.19347617702070422  0.20119829019279117  0.20930893349662341  0.21821016706041385
  0.22707707701551005  0.23604472129265755  0.24516369280467878  0.25445121468611209
  0.26382948484816260  0.27321840154976057  0.28196257608605624  0.29102061281449537
  0.30027151548753694  0.30942049505220465  0.31898507961021444  0.32854090676536613
  0.34018663534623261  0.35402870386809132  0.36745840503145905  0.38085376574828156
  0.39386891328185869  0.40579378868586563  0.41723667044342527  0.42881929122196361
  0.43997704907765151  0.44995371315477745  0.46011444489708114  0.47093896642249838
  0.48198377231627082  0.49256712294657956  0.50415685983905933  0.51680831751916489
  0.52963519807728188  0.54189000038286095  0.55352505250331230  0.56572652201103801
  0.57887744592173451  0.59112256952534548  0.60258121309753110  0.61442320438994180
  0.62614480379051607  0.63732163690957522  0.64923284474208032  0.66278004900720078
  0.67614133769986617  0.68897289375787396  0.70169897788276758  0.71432424482974477
  0.72663024585634406  0.73877900446870237  0.75082144798888473  0.76263096674119590
  0.77465047734820836  0.78660872620856814  0.79785489886024119  0.80853490754585822
  0.82065342216499548  0.83351757863685472  0.84614866566980085  0.85920442061045754
  0.87230949564619209  0.88518509271017498  0.89840862228421248  0.91239195210154389
  0.92494563687388986  0.93660578902167124  0.94762597589194586  0.95808002965344752
  0.96795404340674018  0.97818827002728970  0.98908026712727504  1.00000000000000000
 -0.00320486042149287  0.01190101118339744  0.02379571289616077  0.03542755472860661
  0.04639664582097414  0.05677326623539040  0.06686086798158179  0.07645138166960531
  0.08635164238229022  0.09641518857229889  0.10704681557540817  0.11806568741160872
  0.12931374614665445  0.14067178516738810  0.15157476501658565  0.16219527802762165
  0.17152520282430356  0.18009669507005249  0.18866746904807244  0.19736280259490588
  0.20622569640986535  0.21558477223897726  0.22482204288308955  0.23525902073246541
  0.24707684668004301  0.25876275654061104  0.26991422765032130  0.28103624372377900
  0.29201013910750345  0.30257335703750698  0.31360922255065427  0.32384516562550647
  0.33442153886312270  0.34430529152159811  0.35415785972258540  0.36379036214194865
  0.37377390252855514  0.38435801178284534  0.39487347661312006  0.40450723156946938
  0.41401543375818256  0.42400354645942490  0.43466235166583084  0.44462988625434063
  0.45427977899550909  0.46443740288324098  0.47498568393264906  0.48505461939589295
  0.49487082301470708  0.50519298869508733  0.51603240990329824  0.52668969366236307
  0.53713787216299325  0.54771918710228340  0.55844400460401200  0.56892333976720788
  0.57893288311984781  0.58855647601038419  0.59788522159947821  0.60744975657038225
  0.61741061280596765  0.62737855284771438  0.63710308801552118  0.64666003461102217
  0.65578042390550351  0.66456667280459714  0.67322425567981203  0.68201862601712937
  0.69140714551722537  0.70102211823535743  0.71151106910057282  0.72338329833020465
  0.73483150317783774  0.74562460899702576  0.75737058874100405  0.76976609909181881
  0.78225813204156469  0.79527951225304749  0.80938455922285168  0.82299195496976474
  0.83458007462972328  0.84478978491303691  0.85476262144047510  0.86477083776977959
  0.87504895408157146  0.88493740449403746  0.89461288873858125  0.90458235503054762
  0.91468909927287423  0.92435340172694291  0.93506964919331803  0.94902519803628127
  0.96422597500588192  0.97558865920627691  0.98803590973131894  1.00000000000000000
  0.00026269959276626  0.01057152665500310  0.01829683160781049  0.02713465194309294
  0.03668878244998633  0.04737943886220741  0.05935040511289148  0.07075900606578520
  0.08163673648824281  0.09211279674605877  0.10246030982528742  0.11276740823842411
  0.12319467114307993  0.13370539577675009  0.14417856194939899  0.15462462554880443
  0.16493480806262573  0.17501229540939001  0.18500588449749356  0.19513523375517502
  0.20525425548520007  0.21517250664560483  0.22490827323802601  0.23492655844088756
  0.24540059092682945  0.25558828499859565  0.26547852770347341  0.27524566879541268
  0.28491063188801286  0.29519821160652754  0.30591744386426373  0.31722622808276663
  0.32886216905499288  0.33929662481420098  0.34873002066301367  0.35797144998246011
  0.36709097832477749  0.37614814880425518  0.38505826659907921  0.39422331723250587
  0.40525276212981159  0.41644448678074658  0.42676906010432553  0.43684902881454862
  0.44707846218045516  0.45738576855532598  0.46743581792248917  0.47758026420654770
  0.48884374349884824  0.50066510428142019  0.51239409392161339  0.52360443487098141
  0.53445803598895114  0.54488898884276349  0.55505888545922621  0.56522499302593288
  0.57559727429899654  0.58597324448008425  0.59624764340579584  0.60654153058061888
  0.61684054921191767  0.62722450026024335  0.63795132184529968  0.64871571896246505
  0.65926811448862821  0.66924825844995040  0.67854168263500636  0.68818977527273617
  0.69784617237330282  0.70764861376974608  0.71744750322484363  0.72811901476134033
  0.74115795649613614  0.75450283897595427  0.76617496291667875  0.77749806479957373
  0.78904302770549395  0.80036439406511861  0.81184172770198482  0.82429284085199162
  0.83649969872321328  0.84741211934912197  0.85810986047151316  0.86911842782300819
  0.88059146839511604  0.89248004305097484  0.90423744488363555  0.91563419175640548
  0.92652114238844319  0.93725389496221767  0.94751758384467721  0.95783832307443761
  0.96854654890921332  0.97916523336072403  0.98962703388493389  1.00000000000000000
 -0.00003136526419890  0.00003199461858916  0.00007413733659178  0.00008090293193633
  0.00008776731685972  0.00009509348695241  0.00010224431911688  0.00010917559977372
  0.00011598661484600  0.00012272174169434  0.00012948548879225  0.00013625988080616
  0.00014310513507749  0.00014996238170662  0.00015637684589081  0.00016278299609729
  0.00016872371950144  0.00017466444290560  0.00018021751981700  0.00018571616388757
  0.00019137306143424  0.00019715225395532  0.00020296331241262  0.00020883015118272
  0.00021493244310840  0.00022150344656588  0.00022798093891497  0.00023437499675192
  0.00024028840328780  0.00024596784393879  0.00025152748908925  0.00025700152253292
  0.00026231041369956  0.00026738691420143  0.00027235226192892  0.00027690575504065
  0.00028149880361755  0.00028640735615929  0.00029129024335870  0.00029604062997657
  0.00030084266592998  0.00030594148247993  0.00031100892152866  0.00031599230766308
  0.00032121124232328  0.00032686387045723  0.00033276000895806  0.00033879375641972
  0.00034519405607921  0.00035154690550115  0.00035782982936576  0.00036424798802041
  0.00037067806812362  0.00037689250821188  0.00038311853679666  0.00038935815621252
  0.00039504871702544  0.00040059450371871  0.00040635095654910  0.00041212731993219
  0.00041810624957810  0.00042413511772338  0.00043101205845126  0.00043882234940986
  0.00044849910770342  0.00045950962634489  0.00046749848345890  0.00047506067426542
  0.00048246632540885  0.00049001217259225  0.00049761473767567  0.00050609631794929
  0.00051498257234134  0.00052749651661753  0.00053994813428984  0.00055215308966227
  0.00056792091276965  0.00058080299776247  0.00058988399994271  0.00059906404890273
  0.00060821643340372  0.00061733359083844  0.00064377821788804  0.00065649558573802
  0.00066851578299955  0.00068021900663529  0.00069575976413490  0.00071232386905502
  0.00090433264953343  0.00094531102802500  0.00096339232962260  0.00103403273848217
  0.00105189629737522  0.00228265252634748  0.00285698623163363  1.00000000000000000
 -0.00101065948042479  0.00453548855823757  0.00968234242394696  0.01509921676510233
  0.02027232592285868  0.02581058361584420  0.03171894694304794  0.03771898129121250
  0.04445014392095138  0.05283341542551394  0.06100017377864317  0.06855684920842821
  0.07595415243239316  0.08311978120236393  0.09006112004448749  0.09712990184786134
  0.10415528656403934  0.11055401583383313  0.11686838503526975  0.12307711152946195
  0.12923537446955882  0.13526111172571451  0.14122829097428541  0.14716818719735822
  0.15324532344511055  0.15928971754304250  0.16537624687652222  0.17188245974595409
  0.17879698413000653  0.18547740454256306  0.19188819579712649  0.19808608887265561
  0.20432564996023350  0.21046170734110267  0.21638629900232981  0.22215245379826989
  0.22775669096354817  0.23292490114860326  0.23791563547138272  0.24294815907875980
  0.24802549570403862  0.25318032440588611  0.25855993097022451  0.26378927256545470
  0.26920439261471507  0.27458608407644125  0.28035071748286750  0.28565016084561412
  0.28989747519942854  0.30098552842634024  0.38219564467792694  0.65252263697261925
  0.67474283382191313  0.69659524178530763  0.71223983491643228  0.71461603699955767
  0.71765228153682026  0.72204917140272529  0.72767385101746673  0.73315825083916430
  0.73854611244775126  0.74419411637025756  0.74984989699528082  0.75516310931782882
  0.76033309164180729  0.76555015617196120  0.77096895181112812  0.77670037781516044
  0.78255495340172865  0.78842121045153146  0.79424625054037545  0.80001526467095707
  0.80572803510138413  0.81164107055455015  0.81802332998691751  0.82469027527115113
  0.83132217826490973  0.83785288491052079  0.84441540204294296  0.85103118376886966
  0.85805354980188975  0.86551665094940355  0.87296316626614967  0.88062286715928872
  0.88852138200480124  0.89674545599723110  0.90590233685414190  0.91522339063039504
  0.92475193376832066  0.93407082949328057  0.94399865720387155  0.95420212255072956
  0.96467211786800477  0.97538209533744391  0.98673716252654831  1.00000000000000000
  0.72534854919729874  0.73392202880930513  0.73916607814606894  0.74450760600118004
  0.74939464088765007  0.75401727563644760  0.75856910148362799  0.76308040729518278
  0.76746656199345398  0.77195637671649886  0.77699542946745992  0.78200288018696418
  0.78654944146944894  0.79084849309093108  0.79504755785515757  0.79936640360452293
  0.80373829170842215  0.80809518902477029  0.81255450395013773  0.81718689438771264
  0.82168614571730147  0.82599932743398552  0.83021255971825469  0.83431364631408333
  0.83821748227231396  0.84197415573362755  0.84562905407550781  0.84918873617724400
  0.85270072132500274  0.85601829915901939  0.85927562215628828  0.86250116701715607
  0.86565424575253835  0.86875747156269834  0.87184933363871175  0.87487845188651814
  0.87779441968138905  0.88063107458807477  0.88343501487478027  0.88624504041285190
  0.88900437720244818  0.89177177485966108  0.89455339688977553  0.89722591342840430
  0.89979624689253324  0.90235790727613718  0.90489898103417921  0.90736769935885164
  0.90976093028787297  0.91211488519855954  0.91448833620780734  0.91687358061128776
  0.91922581545787685  0.92152712857278429  0.92380749674919471  0.92610790859605041
  0.92842236250660470  0.93073849309238210  0.93302842044852952  0.93530430430609512
  0.93751546424868870  0.93958379894461685  0.94158013667965668  0.94355979896502373
  0.94552728250019014  0.94749639404392161  0.94948589324729282  0.95145758848288187
  0.95333176296739586  0.95521026400269204  0.95708947892747442  0.95890722541245266
  0.96059352266668063  0.96225627354134358  0.96390385928340472  0.96552725225188796
  0.96709816426541428  0.96852750630563933  0.96984576517803733  0.97114658616409677
  0.97243749736615726  0.97387893216807608  0.97561442263933096  0.97751847729131047
  0.97952248215112259  0.98137628296964896  0.98326077318476102  0.98505498829611826
  0.98676783540520974  0.98836853038196282  0.99000969864285071  0.99170136277052656
  0.99345256027645168  0.99524239491834987  0.99734566304985051  1.00000000000000000
  0.30675772960698594  0.31942402087760757  0.32650244184391647  0.33335984303945893
  0.33930782611145693  0.34530888662481374  0.35112809772013731  0.35681419028006844
  0.36251084959149948  0.36817941637700669  0.37390250936024927  0.37911918348452739
  0.38430591868954511  0.38951911801240791  0.39478334105831642  0.40003649678117725
  0.40523280155901248  0.41034935824704138  0.41538855754233434  0.42021807289245572
  0.42481019285830524  0.42931859620336821  0.43377451924084209  0.43831484682146626
  0.44291083368721196  0.44762567953783988  0.45231141989938350  0.45690797121058246
  0.46144808543958221  0.46612038313398974  0.47087523311843443  0.47573025467487451
  0.48060137129985431  0.48550487650173862  0.49027416012920116  0.49495687631960678
  0.49962240405437441  0.50435158175144157  0.50904543647880263  0.51369219546184086
  0.51835355947221973  0.52280723728002143  0.52698706308313337  0.53107473724865006
  0.53517938013375022  0.53933960593930719  0.54347631076262004  0.54749911602801149
  0.55148078185794203  0.55542894816278343  0.55929955597555037  0.56310468325869523
  0.56691768332425618  0.57077287043005487  0.57458933726354378  0.57841793355330640
  0.58226976380476514  0.58635581360047173  0.59057252503550373  0.59477097178819016
  0.59899150001890222  0.60318895241921555  0.60713630066567825  0.61096741159947465
  0.61470479699094960  0.61838933401615570  0.62212098576063390  0.62594438215377124
  0.62988187020258612  0.63367206474538307  0.63753727452945042  0.64136523793082556
  0.64522025842286546  0.64899274006219509  0.65281288796584969  0.65668044212791399
  0.66051188511419368  0.66427287662370937  0.66819418666448382  0.67249043852859902
  0.67669676410487911  0.68090762188530096  0.68501415853968550  0.68911854033545372
  0.69331122030188919  0.69757862038538099  0.70180181476862269  0.70598632956242513
  0.71055502457875830  0.71547264905597951  0.72041068793269525  0.72523355922641819
  0.72878282016675122  0.73049689676261387  0.73081064621608594  1.00000000000000000
   1.3464102992006251E-010  -1.0000000000000000     
  <DiscreteSampler_grid>
  Helicity
  1 # 1 for a reference and 2 for a running grid.
  40 # Attribute 'min_bin_probing_points' of the grid.
  1 # Attribute 'grid_mode' of the grid. 1=='default',2=='initialization'
  0.0000000000000000 # Attribute 'small_contrib_threshold' of the grid.
  0.5000000000000000 # Attribute 'damping_power' of the grid.
 # binID   n_entries weight   weight_sqr   abs_weight
    1   223   4.258520122363962E-010   3.083215786396903E-018   4.258520122363962E-010
    2   25   4.643480832269925E-011   5.347315575297681E-021   4.643480832269925E-011
    3   1534   3.638831362491166E-009   1.065252189470688E-015   3.638831362491166E-009
    4   67   1.664670236155725E-010   1.909137305345234E-019   1.664670236155725E-010
    5   1090   2.980759497064243E-009   5.644659533906799E-016   2.980759497064243E-009
    6   119   1.870978649267531E-010   3.449332559859414E-019   1.870978649267531E-010
    7   240   5.480575271508496E-010   1.697755292722214E-017   5.480575271508496E-010
    11   102   1.437954143358439E-010   8.801377834199701E-020   1.437954143358439E-010
    12   305   7.870084761948726E-010   4.738439620122315E-017   7.870084761948726E-010
    14   231   4.921338675333083E-010   1.041200512625107E-018   4.921338675333083E-010
    16   450   1.192306394281178E-009   6.864957274152750E-017   1.192306394281178E-009
    17   505   7.603433958614933E-010   1.443824877144228E-018   7.603433958614933E-010
    18   846   2.247341892202263E-009   2.526928736447442E-016   2.247341892202263E-009
    19   962   2.602444277897633E-009   2.961688608644535E-016   2.602444277897633E-009
    20   540   9.551346725372557E-010   1.783995557021965E-017   9.551346725372557E-010
    21   1   1.039574304370967E-011   1.080714734308380E-022   1.039574304370967E-011
    22   492   1.278827615635867E-009   9.704590066214371E-017   1.278827615635867E-009
    23   7   8.409121335020947E-012   1.556140270278755E-022   8.409121335020947E-012
    24   219   5.105651219928466E-010   1.182293710293975E-017   5.105651219928466E-010
    25   447   1.209521339889773E-009   1.760945668918692E-016   1.209521339889773E-009
    26   904   2.397585737795717E-009   3.302450874613524E-016   2.397585737795717E-009
    27   305   6.025199267064921E-010   6.962678126577246E-018   6.025199267064921E-010
    28   68   1.325536432615216E-010   1.318476959480406E-019   1.325536432615216E-010
    29   307   5.433989977157527E-010   4.822526052530382E-018   5.433989977157527E-010
    31   890   2.367210989901538E-009   4.060767668531524E-016   2.367210989901538E-009
    32   673   1.727366559847107E-009   3.590879659456980E-016   1.727366559847107E-009
    33   4033   1.007390402558374E-008   1.718892950151558E-015   1.007390402558374E-008
    35   879   2.462962820113756E-009   6.606868141650622E-016   2.462962820113756E-009
    36   409   1.043992806126805E-009   6.175905060899166E-017   1.043992806126805E-009
    37   680   1.873281255588335E-009   6.395068325093698E-016   1.873281255588335E-009
    38   573   1.454758435160945E-009   1.028390207005598E-016   1.454758435160945E-009
    39   726   1.671232649778421E-009   3.239037873431712E-016   1.671232649778421E-009
    40   309   6.877546069773114E-010   3.315668757107502E-017   6.877546069773114E-010
    41   697   1.844438980898123E-009   4.103929477123461E-016   1.844438980898123E-009
    42   1674   4.268523651808067E-009   5.056120625282829E-016   4.268523651808067E-009
    43   732   1.770820698589890E-009   3.407129673499503E-016   1.770820698589890E-009
    44   975   2.513232160717689E-009   7.729992842928124E-016   2.513232160717689E-009
    45   544   1.173030164619671E-009   9.073431382038063E-017   1.173030164619671E-009
    46   131   3.190888787816550E-010   4.693891197854756E-018   3.190888787816550E-010
    47   244   6.507201373868513E-010   3.076260982087251E-017   6.507201373868513E-010
    48   732   1.883812677501004E-009   1.819835395941014E-016   1.883812677501004E-009
    49   380   8.897169326878728E-010   5.827971735496054E-017   8.897169326878728E-010
    50   2   2.921393516750212E-012   1.588949152068365E-023   2.921393516750212E-012
    51   396   9.245315994423490E-010   9.183356406200350E-017   9.245315994423490E-010
    52   226   5.156110339575167E-010   4.277273412408499E-018   5.156110339575167E-010
    53   267   6.183679449299736E-010   1.936371453547868E-017   6.183679449299736E-010
    54   519   1.218916330967574E-009   1.634632122372025E-016   1.218916330967574E-009
    55   324   6.292639290904060E-010   3.517351680598690E-018   6.292639290904060E-010
    56   511   1.166964011937238E-009   1.598060420365480E-016   1.166964011937238E-009
    57   382   1.078632107257192E-009   1.452127205222382E-016   1.078632107257192E-009
    58   841   1.933035671146660E-009   2.713089330822648E-016   1.933035671146660E-009
    59   281   6.479457888810010E-010   1.643936110644162E-017   6.479457888810010E-010
    60   123   2.661134188147755E-010   2.393692811499028E-018   2.661134188147755E-010
    64   985   2.504846049273369E-009   4.462366550226607E-016   2.504846049273369E-009
  </DiscreteSampler_grid>
  <DiscreteSampler_grid>
  grouped_processes
  1 # 1 for a reference and 2 for a running grid.
  10 # Attribute 'min_bin_probing_points' of the grid.
  1 # Attribute 'grid_mode' of the grid. 1=='default',2=='initialization'
  0.0000000000000000 # Attribute 'small_contrib_threshold' of the grid.
  0.5000000000000000 # Attribute 'damping_power' of the grid.
 # binID   n_entries weight   weight_sqr   abs_weight
    13   10   7.184663581424029E-002   2.641686536945453E-002   7.184663581424029E-002
    14   10   7.184663581424025E-002   2.641686536945451E-002   7.184663581424025E-002
    16   10   9.031948954654727E-003   5.690200413808734E-004   9.031948954654727E-003
    17   10   9.031948954654730E-003   5.690200413808738E-004   9.031948954654730E-003
    22   10   7.184663581424029E-002   2.641686536945453E-002   7.184663581424029E-002
    23   10   7.184663581424029E-002   2.641686536945453E-002   7.184663581424029E-002
    25   10   9.031948954654732E-003   5.690200413808738E-004   9.031948954654732E-003
    26   10   9.031948954654727E-003   5.690200413808734E-004   9.031948954654727E-003
  </DiscreteSampler_grid>
