  0.00000015843292646  0.00000016404479533  0.00000016724201655  0.00000017027067992
  0.00000017353960088  0.00000017695388017  0.00000018042923219  0.00000018390592921
  0.00000018722299957  0.00000019028253315  0.00000019334267100  0.00000019647845669
  0.00000019997201256  0.00000020401934228  0.00000020778046055  0.00000021088438284
  0.00000021411651402  0.00000021739063072  0.00000022092900812  0.00000022516154306
  0.00000022969172546  0.00000023437785014  0.00000023935180325  0.00000024455421793
  0.00000024998579659  0.00000025581721902  0.00000026171480547  0.00000026720956129
  0.00000027301426812  0.00000027922013933  0.00000028590291674  0.00000029261661243
  0.00000029911469742  0.00000030577473655  0.00000031259763976  0.00000031955652005
  0.00000032677777423  0.00000033420472639  0.00000034170221015  0.00000034926556506
  0.00000035694687122  0.00000036508469140  0.00000037389105824  0.00000038313048852
  0.00000039257038202  0.00000040211216455  0.00000041169078485  0.00000042152095843
  0.00000043193205307  0.00000044315824957  0.00000045492255588  0.00000046702980654
  0.00000047914179404  0.00000049138104047  0.00000050393796338  0.00000051706751166
  0.00000053190638321  0.00000054848523687  0.00000056561765626  0.00000058312672750
  0.00000060165243522  0.00000062108555504  0.00000064250157523  0.00000066619230903
  0.00000069127334903  0.00000071768767685  0.00000074542074955  0.00000077384805191
  0.00000080592393705  0.00000084098151002  0.00000087737315923  0.00000091618905807
  0.00000095835815226  0.00000100639437324  0.00000105720283958  0.00000111265692544
  0.00000117358201269  0.00000124000082167  0.00000131282373419  0.00000139332484720
  0.00000148334246830  0.00000158430904971  0.00000169948786926  0.00000183461079408
  0.00000198722407522  0.00000218260857938  0.00000242406736470  0.00000273784938823
  0.00000315204821259  0.00000374984334285  0.00000472632162175  0.00000640526008151
  0.00000953953519449  0.00002064476617953  0.00012434248309314  1.00000000000000000
  0.00000016025148806  0.00000017682533042  0.00000018778904539  0.00000019695966540
  0.00000020538617671  0.00000021372818228  0.00000022213999126  0.00000023049977601
  0.00000023865034082  0.00000024650124406  0.00000025408690473  0.00000026145711995
  0.00000026901671268  0.00000027698865014  0.00000028490795182  0.00000029284543909
  0.00000030107865145  0.00000030963526438  0.00000031850506759  0.00000032787156681
  0.00000033713840552  0.00000034612451401  0.00000035655849649  0.00000036804147049
  0.00000038010931105  0.00000039271219992  0.00000040608374542  0.00000041985429513
  0.00000043399392318  0.00000044809860474  0.00000046274498515  0.00000047839631454
  0.00000049482600236  0.00000051182809805  0.00000052947190022  0.00000054792338343
  0.00000056722124805  0.00000058714497850  0.00000060754160571  0.00000062843125588
  0.00000064995348072  0.00000067220279391  0.00000069499078347  0.00000071860740613
  0.00000074305557941  0.00000076813103858  0.00000079279930523  0.00000081929392067
  0.00000084735070834  0.00000087608264863  0.00000090524818863  0.00000093439402541
  0.00000096626745905  0.00000099942507020  0.00000103443010842  0.00000107046778863
  0.00000110795304014  0.00000114829177719  0.00000119101003884  0.00000123472481295
  0.00000128026875915  0.00000132817612360  0.00000137963501681  0.00000143605440931
  0.00000149613795918  0.00000155896991188  0.00000162501246306  0.00000169426579751
  0.00000176806893215  0.00000184759005773  0.00000193339750488  0.00000202434298270
  0.00000212125411783  0.00000222501670845  0.00000233786206337  0.00000246083983413
  0.00000259634161833  0.00000274278098031  0.00000290750763591  0.00000308941512068
  0.00000328149088419  0.00000349676993872  0.00000377085828856  0.00000411130051137
  0.00000446985273286  0.00000484905003092  0.00000532692156273  0.00000593693870408
  0.00000666974079080  0.00000761336767238  0.00000895484496126  0.00001082212128111
  0.00001361652219262  0.00001804808225028  0.00003078599313449  1.00000000000000000
  0.00000020813350742  0.00000023843136072  0.00000025703715278  0.00000027862169986
  0.00000030018726417  0.00000032184844663  0.00000034347753667  0.00000036598377540
  0.00000039061278370  0.00000041645282911  0.00000044160005256  0.00000046593220093
  0.00000049060477460  0.00000051541584001  0.00000053935289621  0.00000056248284926
  0.00000058596862406  0.00000060985642581  0.00000063399341959  0.00000065892756840
  0.00000068437910272  0.00000071030536958  0.00000073641215262  0.00000076259105885
  0.00000078906049140  0.00000081542434448  0.00000084125521543  0.00000086695628959
  0.00000089383957732  0.00000092247161079  0.00000095290392134  0.00000098366851796
  0.00000101437149197  0.00000104557581718  0.00000107699529487  0.00000110867152214
  0.00000114069623712  0.00000117334557147  0.00000120692994079  0.00000124140198550
  0.00000127639296734  0.00000131232654875  0.00000134978676260  0.00000138821498518
  0.00000142749893276  0.00000146751805484  0.00000150875237110  0.00000155050735352
  0.00000159174283659  0.00000163461360372  0.00000168035476357  0.00000173003940869
  0.00000178104489717  0.00000183140213236  0.00000188131200802  0.00000193341845833
  0.00000198959625222  0.00000205122127760  0.00000211571736358  0.00000218284845798
  0.00000225349659877  0.00000232925844552  0.00000240991904586  0.00000249555945035
  0.00000258401610052  0.00000267658144636  0.00000277417273817  0.00000287822676063
  0.00000299352958784  0.00000311963607538  0.00000325459630953  0.00000339384448081
  0.00000354142852779  0.00000370428563747  0.00000388579474268  0.00000408568715799
  0.00000429915905064  0.00000453379979860  0.00000479269131360  0.00000508458791664
  0.00000542949822096  0.00000581943931682  0.00000625591758229  0.00000676608468818
  0.00000738347699324  0.00000813932688962  0.00000902955103166  0.00001006569001564
  0.00001123362454128  0.00001256145182627  0.00001425918061378  0.00001645665360480
  0.00001852958866187  0.00002026638852494  0.00003073949378194  1.00000000000000000
 -0.00168612746888795  0.00875865797386908  0.02040402456192644  0.03307312702713735
  0.04782094989345362  0.06353189329996643  0.08259998181572648  0.10566979821031469
  0.12899898882222299  0.15021199120185610  0.16989541004756553  0.18940458738713348
  0.20708438035673704  0.22270350325907842  0.23757896971797832  0.25193847367693711
  0.26581633048095366  0.27854448412110400  0.29041535365470539  0.30214538543750546
  0.31373142517364971  0.32483701114745667  0.33555853431494681  0.34615559473527097
  0.35674808263698488  0.36759705235648965  0.37836122689494472  0.38867582579993332
  0.39845731465236228  0.40795881340537016  0.41745312605796020  0.42692535945669047
  0.43619616583542226  0.44518397190646997  0.45407388623343481  0.46294666875249252
  0.47182071825392319  0.48070157592788815  0.48948225522784256  0.49807386543788967
  0.50640648709527758  0.51451924365063162  0.52250227688996553  0.53046847170131461
  0.53829218167753412  0.54599927508764645  0.55380511082599093  0.56178570174417553
  0.56998179183927999  0.57808936961996238  0.58595972883905678  0.59355619301689000
  0.60119464603969019  0.60909548208326014  0.61714749151606241  0.62516952728738651
  0.63298000914374186  0.64059339993860076  0.64827809878393916  0.65623965514765281
  0.66441581151101636  0.67270849348619077  0.68113857051925175  0.68972647122811759
  0.69844776924045959  0.70696232406404003  0.71492754028939509  0.72256747484125194
  0.73023813632041068  0.73801759483445761  0.74584118389202880  0.75361725547420733
  0.76137043522097181  0.76950188880041381  0.77839642153026334  0.78767668766683963
  0.79658900363900087  0.80509540880426778  0.81384700641803487  0.82324480789445253
  0.83343100620873312  0.84443834935628392  0.85604525636757345  0.86674798101020489
  0.87626950053024111  0.88531468929154755  0.89652578568070451  0.90775979652565419
  0.91892854694590542  0.92989821596213429  0.94191287255683331  0.95392551259088165
  0.96572947615631588  0.97688214811371443  0.98817717336874822  1.00000000000000000
 -0.00225898210813936  0.00909797062217851  0.01758542734014684  0.02700513220729216
  0.03640912708203196  0.04584802690081241  0.05526509218672912  0.06504474657714832
  0.07550803933970709  0.08584384651726307  0.09563618123650222  0.10558342760910897
  0.11653113620662515  0.12758388869855108  0.13797460874786729  0.14755554813613248
  0.15695261502709013  0.16624091263820953  0.17605818232483544  0.18532582598553901
  0.19475573620247427  0.20441509360613369  0.21435404139329345  0.22490412965433185
  0.23642107788613254  0.24888285930951473  0.26141466121567580  0.27326694942493451
  0.28418495174335795  0.29482776440512737  0.30600490780666495  0.31990164521190345
  0.33202214704299537  0.34143121271375559  0.35132917374838890  0.36168568450512950
  0.37167630968138998  0.38132566998819356  0.39047205073178354  0.40019261075545964
  0.41089509393091472  0.42206987831606368  0.43314894032543755  0.44443841274523493
  0.45557558341133808  0.46630060921345606  0.47697674614270347  0.48806564833274885
  0.49957866867437545  0.51104032320774129  0.52269504193140304  0.53425313343623670
  0.54584446887489424  0.55773025991515512  0.56940448893965800  0.58120146564758834
  0.59286967379476518  0.60416966344186707  0.61580779574019373  0.62811315070552365
  0.64012139583801853  0.65120324062097901  0.66170422087065117  0.67203085552934405
  0.68218967371195938  0.69237238443141969  0.70278311794923121  0.71365148663468136
  0.72472559005762416  0.73528198592817329  0.74550369535562422  0.75550698998883437
  0.76551080822314232  0.77543014162236035  0.78529928350550493  0.79512083320159477
  0.80495537902627634  0.81488939149545880  0.82509904084945440  0.83534976331773503
  0.84552497196840271  0.85572808200889572  0.86656587789303108  0.87725590752111182
  0.88720620405244865  0.89782844287223285  0.90836470892482213  0.91785096248382048
  0.92739693859222783  0.93678174661739877  0.94634196743994581  0.95658816167731464
  0.96665392932946326  0.97722066743372160  0.98796058297701461  1.00000000000000000
 -0.00277632824198287  0.00929067176590762  0.02249343745164026  0.03571596513443230
  0.04866572307567267  0.06142848639778317  0.07386558027910292  0.08546758141512427
  0.09609113323330579  0.10658548222624419  0.11713023107814685  0.12723230243118042
  0.13699806992037056  0.14691235494611676  0.15727914330903550  0.16761552609808350
  0.17750703219951466  0.18760769408090905  0.19835733534515432  0.20866213953294768
  0.21790354433207654  0.22738957453200492  0.23762036926628616  0.24784473865671997
  0.25766728619103918  0.26744357466759000  0.27761019432083339  0.28787704306256767
  0.29795803566966378  0.30828338081390982  0.31936586255288346  0.33039417575473301
  0.34086881679555447  0.35096456372851081  0.36109810495617278  0.37128021000554501
  0.38104345533363204  0.39046369138680248  0.40073245215361564  0.41176060242704315
  0.42291430708504330  0.43384068887639365  0.44431564878181490  0.45441656269208675
  0.46439029040846236  0.47433690593052785  0.48408373832666091  0.49383820300018760
  0.50393579403936228  0.51406221734720470  0.52399440456078172  0.53365301121923769
  0.54357984007688909  0.55371884960938511  0.56397680510283199  0.57435519831518389
  0.58461771989676570  0.59460537068935060  0.60476572314116250  0.61534585737710623
  0.62615421206849442  0.63665888949604443  0.64723175285117407  0.65807087439562406
  0.66879385771661881  0.67925579067381059  0.68973235849333336  0.70016325735454776
  0.71015830383065104  0.72007492705366383  0.73029990377028708  0.74087987184108128
  0.75170389712156283  0.76236333374826759  0.77274646602214914  0.78259746534288566
  0.79241999300963073  0.80287626551572711  0.81372394836410300  0.82447591660039943
  0.83605934665607462  0.84785646395446379  0.85924113454687834  0.87011555760878589
  0.88092826514192712  0.89203214276306475  0.90338774580404513  0.91469377759919734
  0.92571890994004269  0.93684404634059304  0.94744483037500071  0.95737268710206624
  0.96689696412034254  0.97582292100475521  0.98663267984570724  1.00000000000000000
  0.00000177099759840  0.00000196172003025  0.00000219173654884  0.00000242753281580
  0.00000268386095352  0.00000295865129833  0.00000325408081659  0.00000356128266384
  0.00000386771789475  0.00000417884311538  0.00000450231921828  0.00000483369052661
  0.00000516448019112  0.00000548765283886  0.00000580395434059  0.00000611667297961
  0.00000642914850246  0.00000673834432969  0.00000704041165178  0.00000733782763982
  0.00000762924480668  0.00000791608796167  0.00000820285287368  0.00000849171276743
  0.00000877974073115  0.00000906175706566  0.00000933708560096  0.00000962895527939
  0.00000994425454887  0.00001026794170307  0.00001059507040548  0.00001092397200088
  0.00001124898052350  0.00001156994366054  0.00001189210176907  0.00001221777608317
  0.00001254338563783  0.00001286483242194  0.00001318527792460  0.00001350819383324
  0.00001383641610109  0.00001416538841309  0.00001449319379727  0.00001481791829727
  0.00001514837630081  0.00001548135405308  0.00001581455914010  0.00001615026641750
  0.00001648558309015  0.00001681641491646  0.00001714324955841  0.00001746913050843
  0.00001780486732405  0.00001814098729436  0.00001847962801609  0.00001879994873635
  0.00001911707203982  0.00001941734868185  0.00001971069907246  0.00002000786187828
  0.00002031401479253  0.00002063481644915  0.00002097815348909  0.00002132947265498
  0.00002167183199094  0.00002201820935244  0.00002236909987387  0.00002275206093757
  0.00002316441131020  0.00002356432907658  0.00002393095608913  0.00002430705052565
  0.00002474075928109  0.00002524383095496  0.00002587185326530  0.00002655059049333
  0.00002715434210188  0.00002770145526217  0.00002823232562218  0.00002883535032887
  0.00002948577843307  0.00003004233478999  0.00003050835537786  0.00003091280495353
  0.00003133628179903  0.00003193978407765  0.00003263644789309  0.00003386765167301
  0.00003529723661156  0.00003764490527772  0.00004075538637293  0.00004268598593481
  0.00004442995040210  0.00004628842169816  0.00015316121130784  1.00000000000000000
  0.01379479683869506  0.01815687525649010  0.02112226949034079  0.02689983943366058
  0.03321456085675508  0.03733896112672931  0.04656846292158424  0.05770220019597230
  0.06884878951126919  0.08071130219803105  0.09302053234314753  0.10671157723193715
  0.12269256734510341  0.13976754906936337  0.15607038842421916  0.17025999348084886
  0.18286469155076351  0.19430918636888170  0.20506917922645870  0.21562247759099043
  0.22603671724582278  0.23611010427242726  0.24559136851331642  0.25448396361494641
  0.26312020822956439  0.27191031824144485  0.28124658761868249  0.29065095851006145
  0.29966580869287263  0.30867488226392220  0.31780906270520987  0.32710240434583221
  0.33657094404385407  0.34605878825159242  0.35562107146775079  0.36531552822099206
  0.37528771317734699  0.38585664648157852  0.39675685157808127  0.40744564899823543
  0.41790910175267082  0.42838713933579331  0.43871346105436437  0.44865313616380181
  0.45830516449220399  0.46787019149756981  0.47729817171615435  0.48650055437080802
  0.49558427037695707  0.50467596197224296  0.51405531108959301  0.52362227666821237
  0.53328754328581074  0.54347161326951376  0.55355326397789140  0.56378833275220730
  0.57389684508871175  0.58369969646995090  0.59342039959523396  0.60328712016375019
  0.61307850006535403  0.62253675778839790  0.63155160020759782  0.64054352016623428
  0.64986759164130348  0.65927144355239387  0.66859449943989779  0.67777243801185572
  0.68751014926334431  0.69795803864070749  0.70826045430351925  0.71801095681217519
  0.72741136594302835  0.73647895185942625  0.74536119719906613  0.75448280373040277
  0.76373919850184047  0.77303593185444508  0.78211219627689177  0.79116964550223401
  0.80149435422676218  0.81302520238834430  0.82507095753218351  0.83802182858128149
  0.85194927239533857  0.86667535153332120  0.88155870164495742  0.89634479715923010
  0.91152196637028859  0.92682028834681296  0.94075879371471971  0.95210428232396049
  0.96263660032850151  0.97393004693879759  0.98564486912452776  1.00000000000000000
  0.70910433002271300  0.71341301332067686  0.71772169661864060  0.72203037991660446
  0.72633906321456820  0.72734091496869147  0.72828072411702915  0.72922053326536695
  0.73262717088924134  0.73676177352403116  0.73953467780776760  0.74163339278168194
  0.74571619741615325  0.75117232600623707  0.75690893597845299  0.76219903546943557
  0.76729507335567104  0.77219282150502766  0.77683368444359491  0.78135403232750633
  0.78579074368804358  0.79016343671338329  0.79436157937457119  0.79850116843968610
  0.80258962240802634  0.80661326851145942  0.81054172919438638  0.81429533753660455
  0.81787882108972865  0.82130338558041027  0.82475685592668890  0.82814696582988712
  0.83143288447949248  0.83479025636329751  0.83824584319817474  0.84162688373799033
  0.84480142876104536  0.84778067892824582  0.85072983641319155  0.85376741547847645
  0.85682825686166519  0.85980690812768090  0.86269817618213707  0.86550212204126720
  0.86824159563948089  0.87091983388807637  0.87358605477151352  0.87630204724382099
  0.87905495880843454  0.88175022794994495  0.88440196164377705  0.88701301203843275
  0.88954523865762125  0.89203748410157979  0.89449481820627752  0.89687702490650578
  0.89917524074678323  0.90141896693127155  0.90370736651209704  0.90604699597419214
  0.90841500454523805  0.91080314688938713  0.91314141928337078  0.91539162619244441
  0.91756812167384860  0.91968612394509841  0.92181230516832036  0.92389950618582584
  0.92596009699276371  0.92799117770832751  0.93003116732625812  0.93215594919617462
  0.93432336601140986  0.93646433601211765  0.93856088744076327  0.94067909633942759
  0.94283926833826870  0.94496643128526125  0.94707594861419342  0.94923189773801897
  0.95145924236173907  0.95364614450981888  0.95576640474906294  0.95789207078850480
  0.96002890467772839  0.96213127461265335  0.96408528923665171  0.96584453638190415
  0.96742716734768952  0.96980567409882568  0.97247280701612671  0.97579514735829664
  0.98063386237854877  0.98544620538561389  0.99052348838247761  1.00000000000000000
  0.26684931973628612  0.27406330780514482  0.27956784114703520  0.28560625731420097
  0.29179829881783015  0.29784006991088918  0.30377841824371499  0.30730203134727058
  0.30818946744642273  0.31035967253370134  0.31339836827808459  0.31700395945517890
  0.32246290273311662  0.32845737646636586  0.33419351014254323  0.33980853343160727
  0.34539165337650918  0.35081273508140098  0.35589346281288892  0.36096725064973073
  0.36608851257156971  0.37110452794067567  0.37606617569746237  0.38102548399583458
  0.38593727904367420  0.39087323110542332  0.39582913569722522  0.40070880736229952
  0.40542219635958654  0.40998764275434402  0.41455755429304769  0.41912190837255775
  0.42362806342311699  0.42805655699674233  0.43244361294768152  0.43680082987570412
  0.44106371329073929  0.44538846139645127  0.44967825635389025  0.45398717619902262
  0.45813008285035850  0.46211196389755171  0.46616486980977151  0.47032772945649137
  0.47451072847893094  0.47858137402495698  0.48254500946142914  0.48652235712067998
  0.49068835528422189  0.49496094262981361  0.49921883337025996  0.50338665588299314
  0.50748710321186175  0.51160305074498735  0.51578092485224425  0.51996038445058124
  0.52421008025836713  0.52853003160691248  0.53291955478803144  0.53744254015711079
  0.54204230163176792  0.54669528791465682  0.55129777417908654  0.55589802219543016
  0.56044725579574939  0.56488936951952029  0.56927744308493988  0.57378181893163194
  0.57848325082864260  0.58322973637275566  0.58792093238549858  0.59255836861283684
  0.59709728447673527  0.60177345656466830  0.60653092296919386  0.61142881863459164
  0.61637150642287097  0.62139893551923375  0.62648801807121879  0.63183060274953284
  0.63700844133133960  0.64230294325818149  0.64783105962429066  0.65346354281963936
  0.65913400987791049  0.66493531743864376  0.67103529050538147  0.67741729841289844
  0.68406449779804701  0.69099558532809646  0.69832495444989873  0.70633236352980988
  0.71524838175105043  0.72465760362048903  0.73157474634098585  1.00000000000000000
   8.3440259397310289E-012  -1.0000000000000000     
  <DiscreteSampler_grid>
  Helicity
  1 # 1 for a reference and 2 for a running grid.
  20 # Attribute 'min_bin_probing_points' of the grid.
  1 # Attribute 'grid_mode' of the grid. 1=='default',2=='initialization'
  0.0000000000000000 # Attribute 'small_contrib_threshold' of the grid.
  0.5000000000000000 # Attribute 'damping_power' of the grid.
 # binID   n_entries weight   weight_sqr   abs_weight
    1   3841   1.508516068103479E-009   5.395057917033453E-017   1.508516068103479E-009
    2   3005   1.222940410886615E-009   2.796374767329577E-017   1.222940410886615E-009
    4   2131   8.430036272729627E-010   2.220502642271096E-017   8.430036272729627E-010
    5   1535   5.658265408381767E-010   4.927195033139576E-018   5.658265408381767E-010
    6   1814   7.063390756685832E-010   1.571975688295493E-017   7.063390756685832E-010
    8   280   1.112167033175511E-010   2.331901206428124E-019   1.112167033175511E-010
    9   3081   1.251643906630271E-009   3.703101237125975E-017   1.251643906630271E-009
    10   16214   6.541300291956288E-009   1.174139364815373E-015   6.541300291956288E-009
    11   4   1.173082501391591E-012   2.902952910755826E-024   1.173082501391591E-012
    12   1917   7.714527059079278E-010   2.360205639261602E-017   7.714527059079278E-010
    13   3717   1.516327890795845E-009   1.291321910396529E-016   1.516327890795845E-009
    14   409   1.696299850093441E-010   1.933509765808561E-019   1.696299850093441E-010
    15   6120   2.458868027867936E-009   1.537722625004063E-016   2.458868027867936E-009
    17   555   2.148434176808095E-010   5.660793558493634E-019   2.148434176808095E-010
    18   8976   3.617028722733531E-009   6.798987699646339E-016   3.617028722733531E-009
    19   326   1.291912572226748E-010   2.306399118099932E-019   1.291912572226748E-010
    20   602   2.354739833211871E-010   6.762670577780618E-019   2.354739833211871E-010
    21   3294   1.356741378382386E-009   9.674209790334404E-017   1.356741378382386E-009
    22   632   2.299649075375686E-010   6.977446070440999E-019   2.299649075375686E-010
    25   1455   5.861358446972638E-010   6.404041383282341E-018   5.861358446972638E-010
    26   516   1.966695119906005E-010   8.627200013329276E-019   1.966695119906005E-010
    28   568   2.148860702075413E-010   6.231700584666014E-019   2.148860702075413E-010
    29   249   1.018039631617919E-010   8.492892005952183E-020   1.018039631617919E-010
    30   1980   8.163980762535662E-010   1.955389468406153E-017   8.163980762535662E-010
    32   11101   4.514110762802763E-009   6.603488127108279E-016   4.514110762802763E-009
    33   2   5.950804318936347E-013   4.504902962695427E-025   5.950804318936347E-013
    34   56   2.390840181975257E-011   4.891550105299955E-021   2.390840181975257E-011
    35   2360   9.286190490977601E-010   1.993008380668164E-017   9.286190490977601E-010
    36   989   3.955840747632298E-010   2.525795768869315E-018   3.955840747632298E-010
    37   6778   2.669566169233215E-009   1.503866782100145E-016   2.669566169233215E-009
    39   2171   8.787425265822724E-010   1.987604538651787E-017   8.787425265822724E-010
    40   1204   4.727391752009926E-010   5.938828541479265E-018   4.727391752009926E-010
    41   8431   3.353741018060600E-009   5.021620923326669E-016   3.353741018060600E-009
    42   873   3.318277697277184E-010   9.539897836324465E-019   3.318277697277184E-010
    43   1086   4.404385926074878E-010   4.878771066982282E-018   4.404385926074878E-010
    44   3438   1.337124916042700E-009   5.143755639412471E-017   1.337124916042700E-009
    45   3   1.166405782956832E-012   1.523794851802830E-024   1.166405782956832E-012
    46   20   7.305997606579908E-012   1.964807987291445E-022   7.305997606579908E-012
    48   5629   2.245600271767943E-009   2.738646760819758E-016   2.245600271767943E-009
    49   19   5.789131433933359E-012   1.253379385332831E-022   5.789131433933359E-012
    51   35   1.137174123968807E-011   5.334337810592112E-022   1.137174123968807E-011
    52   6792   2.690763364218002E-009   2.858524254322490E-016   2.690763364218002E-009
    54   1075   4.320424922409240E-010   2.130127360080309E-018   4.320424922409240E-010
    56   7887   3.201934454060123E-009   5.294168651566738E-016   3.201934454060123E-009
    57   610   2.345223581498479E-010   9.010006893393885E-019   2.345223581498479E-010
    58   538   2.190432789189423E-010   7.640119536513386E-019   2.190432789189423E-010
    59   1157   4.691212196270640E-010   7.948437441597243E-018   4.691212196270640E-010
    60   1329   5.060091026710960E-010   3.682216221192802E-018   5.060091026710960E-010
    61   712   2.801972230756614E-010   1.407796361555805E-018   2.801972230756614E-010
    62   2361   9.657805394774449E-010   1.984767606212127E-017   9.657805394774449E-010
    63   206   7.433104968513551E-011   6.286510338029343E-020   7.433104968513551E-011
  </DiscreteSampler_grid>
  <DiscreteSampler_grid>
  grouped_processes
  1 # 1 for a reference and 2 for a running grid.
  10 # Attribute 'min_bin_probing_points' of the grid.
  1 # Attribute 'grid_mode' of the grid. 1=='default',2=='initialization'
  0.0000000000000000 # Attribute 'small_contrib_threshold' of the grid.
  0.5000000000000000 # Attribute 'damping_power' of the grid.
 # binID   n_entries weight   weight_sqr   abs_weight
    10   10   8.362117868798598E-004   4.687551881001620E-006   8.362117868798598E-004
    16   10   8.362117868798598E-004   4.687551881001620E-006   8.362117868798598E-004
    22   10   8.362117868798598E-004   4.687551881001620E-006   8.362117868798598E-004
    28   10   8.362117868798598E-004   4.687551881001620E-006   8.362117868798598E-004
  </DiscreteSampler_grid>
