  0.00000018952740361  0.00000019790489994  0.00000020356333329  0.00000020795593018
  0.00000021161224538  0.00000021505903947  0.00000021910429793  0.00000022314701163
  0.00000022749573774  0.00000023240324862  0.00000023744810573  0.00000024328537975
  0.00000024981265635  0.00000025669003081  0.00000026361032198  0.00000027088777175
  0.00000027820118432  0.00000028559545080  0.00000029307486555  0.00000030058227273
  0.00000030795767542  0.00000031485708570  0.00000032158547946  0.00000032842474894
  0.00000033551011436  0.00000034304334013  0.00000035131967243  0.00000036070781828
  0.00000036985574445  0.00000037834766995  0.00000038689994204  0.00000039563654576
  0.00000040443014738  0.00000041372423030  0.00000042409798951  0.00000043422347833
  0.00000044576527589  0.00000045604565271  0.00000046599599187  0.00000047612502244
  0.00000048680746101  0.00000049822595303  0.00000051031267733  0.00000052368549692
  0.00000053826283947  0.00000055391771390  0.00000056951691893  0.00000058556614409
  0.00000060181820118  0.00000061792166867  0.00000063416974090  0.00000065108288879
  0.00000066928604453  0.00000068744116471  0.00000070710604535  0.00000072787969421
  0.00000075037027203  0.00000077382727547  0.00000079970821362  0.00000082696832161
  0.00000085493789548  0.00000088193196326  0.00000090935783822  0.00000093908343705
  0.00000097365095345  0.00000101194791185  0.00000105272934815  0.00000109714332340
  0.00000114519550934  0.00000119919235862  0.00000125605926970  0.00000131436414827
  0.00000137551582002  0.00000144670589338  0.00000152838211787  0.00000161648017506
  0.00000171244647266  0.00000182120951967  0.00000193837167404  0.00000206526210436
  0.00000221250595980  0.00000237731366479  0.00000259752923818  0.00000290397069561
  0.00000326438687380  0.00000370975385436  0.00000429331789708  0.00000494610387636
  0.00000568783043606  0.00000656377740969  0.00000770337421147  0.00000916873402651
  0.00001271248558703  0.00001758093464089  0.00003742265282513  1.00000000000000000
  0.00000022309316632  0.00000022986599740  0.00000023474204019  0.00000023939705574
  0.00000024671312683  0.00000025608674421  0.00000026510334110  0.00000027389018683
  0.00000028321798769  0.00000029389386663  0.00000030596517104  0.00000031857521254
  0.00000033199593726  0.00000034373650992  0.00000035988746690  0.00000037910026850
  0.00000039831435812  0.00000041787666426  0.00000043787978774  0.00000045850516493
  0.00000048001579840  0.00000050097907038  0.00000052345615877  0.00000054745325253
  0.00000057266390564  0.00000059873332792  0.00000062766643076  0.00000065990601058
  0.00000069681622258  0.00000073499205214  0.00000076788803342  0.00000079410327236
  0.00000081747866552  0.00000084326598043  0.00000086989781814  0.00000089679739850
  0.00000092376964567  0.00000095336428545  0.00000098403197961  0.00000101525243164
  0.00000104548269145  0.00000107352099246  0.00000110094049351  0.00000112999732278
  0.00000116653334132  0.00000120115640221  0.00000123483907909  0.00000126942304624
  0.00000130750129267  0.00000134640142194  0.00000138995969702  0.00000144261702170
  0.00000149736349486  0.00000155083331874  0.00000160480308951  0.00000166540570272
  0.00000173622975896  0.00000180963987754  0.00000188262954854  0.00000195890125138
  0.00000204292013286  0.00000213918293833  0.00000223946004309  0.00000233350523100
  0.00000242890304257  0.00000254476762635  0.00000267336265677  0.00000281159108533
  0.00000295319764537  0.00000309564550468  0.00000323845170739  0.00000337025773423
  0.00000350525102102  0.00000364405963363  0.00000379328928089  0.00000394279434978
  0.00000410129535747  0.00000428590053151  0.00000450923179386  0.00000474611451162
  0.00000495901089716  0.00000516717274922  0.00000543688673049  0.00000575958175532
  0.00000607724410504  0.00000641124730761  0.00000689455551655  0.00000748078998077
  0.00000821625256411  0.00000934889256344  0.00001049920624782  0.00001224912442519
  0.00001710033645472  0.00002237878724208  0.00002537092691263  1.00000000000000000
  0.00000030008617893  0.00000033260471538  0.00000035318562549  0.00000037676579773
  0.00000040035653660  0.00000042537383970  0.00000045238226640  0.00000048086490073
  0.00000050827673595  0.00000052810633154  0.00000054204779419  0.00000055597241963
  0.00000057120581836  0.00000058862466289  0.00000060515390693  0.00000062244392045
  0.00000064060144086  0.00000066008544312  0.00000068071670385  0.00000070261139097
  0.00000072490198657  0.00000074640409558  0.00000076657784374  0.00000078648085040
  0.00000080679851082  0.00000082724819483  0.00000084938407458  0.00000087112264402
  0.00000089285367126  0.00000091317990784  0.00000094033569406  0.00000097384171448
  0.00000100815407350  0.00000104165065956  0.00000107474896997  0.00000110856699627
  0.00000114456225796  0.00000118685593956  0.00000122924135753  0.00000127100995433
  0.00000131300955508  0.00000135717655361  0.00000140284382352  0.00000145335644069
  0.00000150392016237  0.00000155299392942  0.00000160148407006  0.00000165157689187
  0.00000170420069565  0.00000175853393493  0.00000181218601281  0.00000186645700757
  0.00000192263565506  0.00000198156380603  0.00000204545388923  0.00000211333611264
  0.00000217889337541  0.00000224439929339  0.00000230865237322  0.00000237917884195
  0.00000245207601271  0.00000252870594613  0.00000260412509070  0.00000268127329487
  0.00000276236041752  0.00000284611761568  0.00000293793286806  0.00000303897731588
  0.00000314297786012  0.00000324822823980  0.00000335975871134  0.00000347584441695
  0.00000359840641931  0.00000373442117876  0.00000388130814577  0.00000403760301977
  0.00000419735029523  0.00000440612376921  0.00000466065012195  0.00000492479547368
  0.00000521875103412  0.00000555002088058  0.00000591212654933  0.00000632235287437
  0.00000680315403468  0.00000744016929042  0.00000880244851181  0.00001122534881054
  0.00001333108416597  0.00001431547778277  0.00001476360931611  0.00001520536892749
  0.00001564492104568  0.00001655856232584  0.00001785589965166  1.00000000000000000
 -0.00055582489058553  0.00914937036082003  0.01678973823722196  0.02599440708857531
  0.03708575328058011  0.05006947974469498  0.06382235044651750  0.07597853842868710
  0.08719025526063617  0.09862314199701427  0.11022750583393318  0.12178070555941699
  0.13912322219773521  0.15490581084583155  0.16690560673231430  0.17793446211893549
  0.18965063908242902  0.20221652172319546  0.21638545955837482  0.22902407990122484
  0.24039602547525551  0.25034866798996802  0.25820840181704202  0.26565650991182949
  0.27300599515760404  0.28023555389092003  0.28752645884839922  0.29483838820836761
  0.30259496672356107  0.31033487585733399  0.31826408467282463  0.32606694882310150
  0.33413987763074871  0.34247971375729597  0.35092285862810707  0.35901313627462594
  0.36657950061118988  0.37390093598538926  0.38092655058195224  0.38826103005621448
  0.39552571236553030  0.40159935505886030  0.40756122717615917  0.41375562009888844
  0.41985414078023281  0.42558964565957597  0.43115364803848039  0.43690691073258719
  0.44297408847310044  0.44937124068054801  0.45575704929114208  0.46422795393183747
  0.47512043096221773  0.48595604888455685  0.49616355541381263  0.50587158076587313
  0.51494350091087993  0.52400286676156738  0.53301524377489828  0.54221134104416679
  0.55241829398460096  0.56249949690934598  0.57112841138855330  0.57962239699516993
  0.58777159369674892  0.59559835323850074  0.60340732537206176  0.61133707668998472
  0.61931214507136889  0.62780997626902635  0.63707787782914649  0.64588473341498887
  0.65496575062622087  0.66453250312851908  0.67238768635988455  0.67995951335819604
  0.68785950239405169  0.69592316847649571  0.70405595603853233  0.71255178351960224
  0.72100530843942934  0.73095165430030473  0.74494731139464510  0.76012825844103971
  0.77787824210588408  0.79644911701209276  0.82317986772435403  0.85355095389618330
  0.87173657732802357  0.88965223969410345  0.90461521147273516  0.92221745681799006
  0.93923147506825744  0.95508054887683791  0.97647180067026440  1.00000000000000000
  0.01970407699414448  0.03098879068072223  0.03924137647401907  0.04807015071805761
  0.05742968904504198  0.06755007963995889  0.07886978624299794  0.09084282006327833
  0.10143560901734416  0.11228624877705734  0.12202433809593988  0.13190609130960931
  0.14169630256440541  0.15016499035758887  0.15832736378014603  0.16720719293912487
  0.17667186009680583  0.18615688741087291  0.19479573924127461  0.20353420854802257
  0.21534142494247402  0.23306565998421336  0.25739742815245326  0.26736837741800512
  0.27839717721818386  0.29040390749965561  0.30416649768165555  0.32051282658729568
  0.33726380593782540  0.34865911676854144  0.35838944358531694  0.36905147041762232
  0.37771798872437135  0.38456562998130200  0.39184604167321907  0.39911543666284482
  0.40675837564694556  0.41460857185762306  0.42275038954700045  0.43051892741031511
  0.43829852322288032  0.45108652179661107  0.46474682167943115  0.47711075518579460
  0.48915868941829382  0.50203514095044255  0.51559036785576806  0.52579945788379900
  0.53352030728693589  0.54110344738480620  0.54849508984696194  0.55588122159862341
  0.56311752692753025  0.57064540062077729  0.57851494102704371  0.58907821866875743
  0.60469220651654243  0.62079913634538297  0.63269776304428371  0.64208443416899175
  0.65185832548046729  0.66118559756130191  0.66935962732052789  0.67662513626479892
  0.68396975588887499  0.69136523493823765  0.69897467601987440  0.70664717454587389
  0.71491550169487472  0.72321047598856336  0.73236576471618620  0.74056490870362168
  0.75248628923959038  0.77404520345912475  0.79365357762760846  0.79992485106528222
  0.80753402845109257  0.81509303076062045  0.82188280657255208  0.82849409392527240
  0.83514108705490520  0.84228252057880293  0.84998277528987032  0.85961934544665253
  0.86800020897753982  0.87825947272320770  0.89660843569659576  0.91134078899918125
  0.92248404234482917  0.93468286872918049  0.94715411586998699  0.95887826492628059
  0.96948193451470899  0.98028779879053285  0.99015286878274589  1.00000000000000000
  0.01007549598329190  0.01510859081758549  0.01878103777109463  0.02352207276412863
  0.03005176449945872  0.03638051803279136  0.04347274903039855  0.05446162858401291
  0.06666241779251401  0.07883663886253332  0.09040349712668316  0.10087358610278079
  0.11819101304778967  0.13497024976844765  0.14816707359344405  0.16062645835914469
  0.17209488190409947  0.18277474122036394  0.19420001082182128  0.20610022002723635
  0.21718884564775665  0.22929564040697017  0.24406405444468277  0.25919215239485677
  0.26568638101316794  0.27333514970787842  0.28044715793272679  0.28765043785812433
  0.29502730250859838  0.30257851112769291  0.30988152474040553  0.31757428311871078
  0.32621642879293944  0.33484698262908447  0.34525814794220522  0.35527658149839986
  0.36473213974534535  0.37544842553557239  0.38905399855252498  0.40106844767780381
  0.41157233950168920  0.42147893766061367  0.43132295278019578  0.44109319634677213
  0.45150239246150076  0.46463062257299526  0.48043873726771436  0.49981445596977253
  0.51795372433056408  0.53480304832045999  0.54911076140116644  0.55822232075512457
  0.56720402087823152  0.57658324616655909  0.58504079045025048  0.59276706673792279
  0.60052502857404189  0.60939258326816415  0.61956393901557250  0.63034847722018594
  0.64126787636461202  0.65208490438503985  0.66283533940930894  0.67362071253463196
  0.68398978081305728  0.69690185813228755  0.71098486705880382  0.72470381282651919
  0.73614762966323943  0.74506503268747892  0.75328793478327183  0.76146421996987013
  0.76993929186014853  0.77862106919559526  0.78726747246411988  0.79677795958639241
  0.80761451318618294  0.81804171144517202  0.82759068277141079  0.83706681402672345
  0.84494212097459920  0.85304009145599169  0.86078994158138367  0.86886475894171422
  0.87740741559233204  0.88644198641672423  0.89449088168566360  0.90556764304543558
  0.91701294010291845  0.92492587129642356  0.93347571098791893  0.94147946338711042
  0.94769352910983973  0.95602489313568562  0.97268987992372824  1.00000000000000000
 -0.00000146518682776 -0.00000117802452457 -0.00000089086222137 -0.00000060369991817
 -0.00000031653761498 -0.00000002937531178  0.00000025778699142  0.00000054494929461
  0.00000083211159781  0.00000111927390101  0.00000140643620420  0.00000169359850740
  0.00000198076081060  0.00000226792311380  0.00000255508541699  0.00000284224772019
  0.00000312941002339  0.00000341657232658  0.00000370373462978  0.00000399089693298
  0.00000427805923617  0.00000456522153937  0.00000485238384257  0.00000513954614576
  0.00000542670844896  0.00000571387075216  0.00000600103305536  0.00000635963493976
  0.00000709696735897  0.00000783429977819  0.00000857163219740  0.00000930896461662
  0.00001004629703583  0.00001078362945505  0.00001152096187427  0.00001225829429348
  0.00001299562671270  0.00001373295913191  0.00001447029155113  0.00001520762397034
  0.00001594495638956  0.00001668228880877  0.00001741962122799  0.00001815695364721
  0.00001889428606642  0.00001963161848564  0.00002036895090485  0.00002110628332407
  0.00002184361574328  0.00002258094816250  0.00002331828058172  0.00002424059806799
  0.00002526668404236  0.00002629277001672  0.00002731885599108  0.00002834494196544
  0.00002937102793981  0.00003039711391417  0.00003142319988853  0.00003244928586289
  0.00003347537183726  0.00003450145781162  0.00003552754378598  0.00003655362976034
  0.00003757971573471  0.00003860580170907  0.00003963188768343  0.00004065797365779
  0.00004110500097917  0.00004134947418383  0.00004159394738849  0.00004183842059314
  0.00004208289379780  0.00004232736700246  0.00004257184020712  0.00004281631341177
  0.00004306078661643  0.00004325473382398  0.00004325473384333  0.00004325473386172
  0.00004325473387964  0.00004325473390461  0.00004325473392593  0.00004325473394840
  0.00004325473397451  0.00004325473400127  0.00004325473403308  0.00004325473405257
  0.00004325473407452  0.00004325473410834  0.00004325473413725  0.00004325473415477
  0.00004325473418594  0.00004325473421303  0.00004325473422303  1.00000000000000000
 -0.00235734090139802  0.00983572305280844  0.01988439693285275  0.02845928358229167
  0.03622690539336884  0.04365754077833250  0.05112305776077852  0.05868350234979607
  0.06614897896677172  0.07351961088040883  0.08153754320722513  0.09295344520157842
  0.10660118204758168  0.11909636562256735  0.13055385654622881  0.14018843486785826
  0.15036940692628781  0.16058487271919186  0.17107726198573503  0.18151057451084784
  0.19237283711956263  0.20353567201003822  0.21319179469114308  0.22169493179096683
  0.23032442868488937  0.23942759171151307  0.24789461110324174  0.25574894006569848
  0.26311522375762919  0.27168866955491733  0.28387498365739527  0.29524590911919341
  0.30574660100347129  0.31674069509920999  0.32797769184878750  0.33853198446523075
  0.34860001485871706  0.36033284863393811  0.37401314336076202  0.38928522157421935
  0.40411425619349534  0.41189540650741935  0.42184256820978383  0.45473258928587790
  0.48808373979717123  0.52130967705759634  0.54155752573808136  0.55545418966020521
  0.56082726049724718  0.56817095276574514  0.57818191150650522  0.59105414696680014
  0.60734139878723370  0.63106753137179494  0.65225069412589876  0.66643168468156488
  0.67613844681178437  0.68481182546862374  0.69327531070172621  0.70233489241570712
  0.71134552634234838  0.71879161384236656  0.72580239550441217  0.73294228882877210
  0.74046488269738153  0.74756911833183637  0.75397194301059856  0.76050471187978663
  0.76763463952957012  0.77717636829020553  0.78826261949857701  0.79922474340876126
  0.80943020421557899  0.81787820591546700  0.82520879395794700  0.83278420285458166
  0.84054299616144967  0.84847556336058838  0.85652825399004218  0.86429512531596109
  0.87146949508407978  0.88132266131286952  0.89352441569080443  0.90090432169446544
  0.90692425920937458  0.91378666564960453  0.92086377004562714  0.92811903729265477
  0.93545232639094700  0.94262964047954345  0.94946396501395181  0.95621164994333574
  0.96486183181438223  0.97738671356457352  0.98880023346153167  1.00000000000000000
  0.75573871831471129  0.76044399327233336  0.76396915783076036  0.76730570167428569
  0.77022517550080227  0.77342042872699923  0.77696011117395947  0.78078423001153041
  0.78453536570921512  0.78812221409445382  0.79154329686500680  0.79469731481647510
  0.79788447778658667  0.80114221904905469  0.80417587951970859  0.80679235998324594
  0.80928718578697545  0.81174128085126851  0.81437899363333555  0.81687580603244092
  0.81931151018863335  0.82172603310154568  0.82418375886686390  0.82665972519927722
  0.82908969748654304  0.83148877620369888  0.83386758073250677  0.83610768914202083
  0.83827763281826961  0.84043878779582337  0.84265655824515628  0.84494011071439479
  0.84727437927416538  0.84975963552750322  0.85223318005738802  0.85450599391276061
  0.85642102802146813  0.85830551577825120  0.86022126619153705  0.86226513904280100
  0.86418394588996783  0.86600954380808737  0.86772541165699191  0.86943681969923059
  0.87112802892369146  0.87284374339953441  0.87465358566139584  0.87657391550731645
  0.87850253159962521  0.88038127077414763  0.88225268839090232  0.88417722380121078
  0.88605058911517687  0.88781261313423576  0.88951170294093629  0.89124981633926870
  0.89301765319189652  0.89477191825025082  0.89647840931774836  0.89813924295904457
  0.89978586222163626  0.90142751919329867  0.90307233878325177  0.90474263803620181
  0.90641675747725592  0.90809215944211930  0.90973581775342438  0.91127368969801092
  0.91266960183090340  0.91410090511557629  0.91554607429012191  0.91723647547750853
  0.91917047673289853  0.92111948066541760  0.92310970278807825  0.92462742204693937
  0.92614771596454337  0.92770854168402594  0.92924512488052569  0.93087779484006439
  0.93274798218064581  0.93476274876563603  0.93659162119259010  0.93877858569478234
  0.94073949941057300  0.94273352195476334  0.94477369426894797  0.94679698214636576
  0.94883260368520650  0.95082269719772550  0.95275667031503064  0.95453347183432657
  0.95630118810136144  0.95831004722653745  0.97716118022525622  1.00000000000000000
  0.27556842572279139  0.28959103607669107  0.30278372181328383  0.30889082305209015
  0.31536904593218024  0.32282354295559246  0.33058130341355096  0.33700859458942389
  0.34296979517676035  0.34884124600309763  0.35462682987948846  0.36030356066055891
  0.36601211343801054  0.37167479882745552  0.37706632847884264  0.38206443976960425
  0.38697595202006496  0.39137424488446848  0.39544118236865411  0.39935789541476879
  0.40346198107561770  0.40786257388618580  0.41230287117150788  0.41658202924957088
  0.42075256495592689  0.42485982544956880  0.42910950019034655  0.43333619896469727
  0.43735603470250584  0.44141158477110543  0.44543692011101554  0.44941594851510014
  0.45355759776444016  0.45788133125687014  0.46263629144012053  0.46759697404724804
  0.47240583778892731  0.47738411493832383  0.48196144889087428  0.48646153309436380
  0.49098128655730122  0.49550960598894078  0.49985459378045977  0.50374969387968582
  0.50749839507138306  0.51147938494996037  0.51530994252199747  0.51887568798567762
  0.52229711468824691  0.52581903367193250  0.52951687199135056  0.53310651697349842
  0.53655764554338192  0.53960484471741066  0.54275794389646415  0.54594336003256827
  0.54969438351507693  0.55349336353588852  0.55708923022182144  0.56048650726722593
  0.56394320711853174  0.56783233971843539  0.57168279512848819  0.57559681506859217
  0.57953221296447832  0.58360050043502942  0.58770819597830759  0.59188135756421012
  0.59589121838816428  0.59975897200232842  0.60383203470590985  0.60881921305960585
  0.61404782593046459  0.61902634630808429  0.62386334680478039  0.62859116424904382
  0.63333972609149669  0.63814524621013302  0.64297061429532432  0.64756802676247660
  0.65204548452404854  0.65661834110056039  0.66123647652690698  0.66576350647868088
  0.67046011039322395  0.67569362593034055  0.68084141131364495  0.68556374588892199
  0.69033299444332230  0.69547436082749059  0.70081275088392947  0.70610201442762721
  0.71307449199889372  0.72102358376971987  0.72347687559441709  1.00000000000000000
   2.3299367749696320E-010  -1.0000000000000000     
  <DiscreteSampler_grid>
  Helicity
  1 # 1 for a reference and 2 for a running grid.
  20 # Attribute 'min_bin_probing_points' of the grid.
  1 # Attribute 'grid_mode' of the grid. 1=='default',2=='initialization'
  0.0000000000000000 # Attribute 'small_contrib_threshold' of the grid.
  0.5000000000000000 # Attribute 'damping_power' of the grid.
 # binID   n_entries weight   weight_sqr   abs_weight
    2   515   1.718392602231803E-008   6.726107589442010E-015   1.718392602231803E-008
    3   1   1.089507838389246E-011   1.187027329911606E-022   1.089507838389246E-011
    4   494   1.969761553179382E-008   1.357311861610048E-014   1.969761553179382E-008
    5   292   9.722150616603122E-009   4.677223006279867E-015   9.722150616603122E-009
    6   4   7.546988192729627E-011   1.610011627210498E-020   7.546988192729627E-011
    7   599   1.952980798652534E-008   6.321748841668233E-015   1.952980798652534E-008
    8   133   4.835094763048602E-009   4.916372771860648E-016   4.835094763048602E-009
    9   1   8.303051029921047E-014   6.894065640547296E-027   8.303051029921047E-014
    13   70   1.870164704530944E-009   1.564946754167454E-017   1.870164704530944E-009
    14   263   8.737014653237776E-009   1.395835586231406E-015   8.737014653237776E-009
    19   3   1.301297027862166E-010   2.557187236293070E-020   1.301297027862166E-010
    20   46   2.113752799675201E-009   5.748277830131201E-017   2.113752799675201E-009
    21   122   4.760988332044392E-009   2.165033514275951E-016   4.760988332044392E-009
    22   847   2.784728127229557E-008   2.877361596234615E-014   2.784728127229557E-008
    23   223   7.404987587668562E-009   1.644437409556131E-015   7.404987587668562E-009
    24   498   1.990573365271657E-008   1.098097159009626E-014   1.990573365271657E-008
    25   133   5.366292461554206E-009   1.426189884194455E-016   5.366292461554206E-009
    27   65   2.937524852384705E-009   7.185338527472026E-017   2.937524852384705E-009
    29   173   7.515911016991516E-009   1.231919646894481E-015   7.515911016991516E-009
    30   2   1.106735029899613E-012   2.449081173960981E-024   1.106735029899613E-012
    31   225   8.327105185802202E-009   1.556128095740858E-015   8.327105185802202E-009
    32   2   9.449218568503350E-011   1.003311900053339E-020   9.449218568503350E-011
    33   2673   8.913290471823451E-008   1.385901273457482E-013   8.913290471823451E-008
    35   225   8.033710141215048E-009   1.051577397137224E-015   8.033710141215048E-009
    39   330   1.346711965090589E-008   2.903927239552184E-015   1.346711965090589E-008
    40   53   1.954417320458784E-009   1.307605396951951E-017   1.954417320458784E-009
    41   132   4.275392813368521E-009   5.313429637800576E-016   4.275392813368521E-009
    42   199   7.138773319394197E-009   1.036325484602135E-015   7.138773319394197E-009
    43   50   1.459097834250227E-009   1.557801047571258E-017   1.459097834250227E-009
    45   91   2.665033771964172E-009   1.315209340113342E-016   2.665033771964172E-009
    46   443   1.518158306452399E-008   9.031539216052978E-015   1.518158306452399E-008
    47   363   1.217980400233977E-008   5.331333679726249E-015   1.217980400233977E-008
    49   6   1.505834108071219E-010   3.647796032791491E-020   1.505834108071219E-010
    51   143   6.831432826006731E-009   2.252097967352637E-016   6.831432826006731E-009
    54   263   8.564533105289606E-009   2.091835615643504E-015   8.564533105289606E-009
    56   237   8.737162587691858E-009   2.016823909910026E-015   8.737162587691858E-009
    61   16   3.276752043034897E-010   4.025708752493507E-019   3.276752043034897E-010
    62   110   4.073795904341816E-009   2.103246427715889E-016   4.073795904341816E-009
    63   193   6.820992973087263E-009   1.157936826398732E-015   6.820992973087263E-009
    64   336   1.349330067704548E-008   3.205614166643449E-015   1.349330067704548E-008
  </DiscreteSampler_grid>
  <DiscreteSampler_grid>
  grouped_processes
  1 # 1 for a reference and 2 for a running grid.
  10 # Attribute 'min_bin_probing_points' of the grid.
  1 # Attribute 'grid_mode' of the grid. 1=='default',2=='initialization'
  0.0000000000000000 # Attribute 'small_contrib_threshold' of the grid.
  0.5000000000000000 # Attribute 'damping_power' of the grid.
 # binID   n_entries weight   weight_sqr   abs_weight
    10   10   3.213874243738923E-004   3.179974260321943E-007   3.213874243738923E-004
    16   10   3.213874243738923E-004   3.179974260321944E-007   3.213874243738923E-004
    22   10   3.213874243738923E-004   3.179974260321942E-007   3.213874243738923E-004
    28   10   3.213874243738923E-004   3.179974260321944E-007   3.213874243738923E-004
  </DiscreteSampler_grid>
