  0.00000017655220307  0.00000018049656926  0.00000018350205709  0.00000018667925593
  0.00000018956324986  0.00000019258574251  0.00000019588003184  0.00000019973930933
  0.00000020388682058  0.00000020804505589  0.00000021207152582  0.00000021612883006
  0.00000022038807783  0.00000022475565023  0.00000022910206552  0.00000023340088069
  0.00000023772541721  0.00000024208032659  0.00000024671145290  0.00000025178465999
  0.00000025717809871  0.00000026269240568  0.00000026828904657  0.00000027401711139
  0.00000027973150781  0.00000028536977504  0.00000029129886641  0.00000029752620370
  0.00000030386743180  0.00000031060121080  0.00000031783548339  0.00000032533014845
  0.00000033271375733  0.00000034006095681  0.00000034750866335  0.00000035531738472
  0.00000036338907752  0.00000037075635662  0.00000037732933972  0.00000038426832222
  0.00000039142720811  0.00000039867005740  0.00000040552596961  0.00000041438260642
  0.00000042473018740  0.00000043468964146  0.00000044544658723  0.00000045668798566
  0.00000046857268406  0.00000048117171580  0.00000049437528669  0.00000050819093804
  0.00000052239099696  0.00000053684134938  0.00000055168810116  0.00000056703907526
  0.00000058316732062  0.00000060025230401  0.00000061839380929  0.00000063769081977
  0.00000065784874778  0.00000067877657329  0.00000070060866183  0.00000072335710540
  0.00000074720706096  0.00000077197774273  0.00000079779585345  0.00000082543420367
  0.00000085557192763  0.00000088814855934  0.00000092184438506  0.00000095607400469
  0.00000099171424364  0.00000103115958238  0.00000107556155074  0.00000112525438495
  0.00000118241263868  0.00000124692356552  0.00000131612481313  0.00000139208627387
  0.00000147747227419  0.00000157175439175  0.00000167732885316  0.00000180034382983
  0.00000194393177563  0.00000211223495247  0.00000231347106163  0.00000257327907979
  0.00000292475043388  0.00000341053245390  0.00000414672821333  0.00000533337815010
  0.00000743468368110  0.00001401965385235  0.00004402243460106  1.00000000000000000
  0.00000012764752931  0.00000013737009741  0.00000014302857634  0.00000014848932143
  0.00000015395948935  0.00000015951426514  0.00000016546472026  0.00000017187632260
  0.00000017847067619  0.00000018497822725  0.00000019157468500  0.00000019871512582
  0.00000020648211465  0.00000021448008590  0.00000022251000544  0.00000023082290910
  0.00000023892418036  0.00000024632335308  0.00000025349051927  0.00000026108037790
  0.00000026875412077  0.00000027645738995  0.00000028382937949  0.00000029191013718
  0.00000030060835807  0.00000030933113805  0.00000031915099210  0.00000032957901144
  0.00000034030534057  0.00000035146460944  0.00000036313776700  0.00000037536572391
  0.00000038796693917  0.00000040079772602  0.00000041385348369  0.00000042752169617
  0.00000044202565914  0.00000045740168024  0.00000047356311635  0.00000049023970420
  0.00000050785854030  0.00000052610737700  0.00000054494147524  0.00000056460150381
  0.00000058498311463  0.00000060609063137  0.00000062959035156  0.00000065493765289
  0.00000068149503877  0.00000070934395701  0.00000073857064570  0.00000076959366135
  0.00000080229898463  0.00000083620663678  0.00000087079380254  0.00000090643799633
  0.00000094305356041  0.00000098094981635  0.00000102050395986  0.00000106140930498
  0.00000110307344522  0.00000114625119211  0.00000119230884045  0.00000124200458653
  0.00000129503744577  0.00000135047118460  0.00000140706155128  0.00000146573223510
  0.00000152845372357  0.00000159507613234  0.00000166713340826  0.00000174749974937
  0.00000183376520106  0.00000192344242503  0.00000201865693707  0.00000212483787816
  0.00000224138941357  0.00000236721357752  0.00000251452653744  0.00000268604499495
  0.00000287658552261  0.00000309247197004  0.00000334161724099  0.00000363186713482
  0.00000397099923634  0.00000436939532647  0.00000486354925462  0.00000548584511643
  0.00000612561847420  0.00000682678557215  0.00000785956861981  0.00000972833538160
  0.00001264386199049  0.00001762772665332  0.00002818813305511  1.00000000000000000
  0.00000017513093218  0.00000019797510812  0.00000021683833210  0.00000023580110983
  0.00000025603683972  0.00000027895414724  0.00000030451606526  0.00000033227954433
  0.00000035741770445  0.00000038306075434  0.00000040775487911  0.00000043134266458
  0.00000045382982167  0.00000047601328662  0.00000049853162790  0.00000052096771147
  0.00000054336677839  0.00000056633176859  0.00000058992115675  0.00000061438291962
  0.00000063882318443  0.00000066284442339  0.00000068676059050  0.00000071064768055
  0.00000073451250837  0.00000075857719994  0.00000078369980417  0.00000080975487238
  0.00000083583756642  0.00000086237369698  0.00000088928056290  0.00000091578414933
  0.00000094285768630  0.00000097086715210  0.00000099952825777  0.00000102867228832
  0.00000105814391656  0.00000108752748940  0.00000111795658816  0.00000115058104873
  0.00000118531770184  0.00000122041812134  0.00000125623376688  0.00000129321208581
  0.00000133099938055  0.00000136940972909  0.00000140809115143  0.00000144747804139
  0.00000148759224376  0.00000152891226247  0.00000157127548572  0.00000161527962885
  0.00000165601961129  0.00000169460179379  0.00000173410471189  0.00000177418161681
  0.00000182121783256  0.00000187541226158  0.00000193046586363  0.00000198648980464
  0.00000204586689243  0.00000210926534511  0.00000217614633927  0.00000224592698108
  0.00000231807377600  0.00000239563718877  0.00000248275694346  0.00000257791886748
  0.00000267940578275  0.00000278517254583  0.00000289769000003  0.00000302162046182
  0.00000315446715834  0.00000329089860243  0.00000343302410287  0.00000358795968624
  0.00000376254914777  0.00000394945340246  0.00000415778528499  0.00000441168274451
  0.00000469802028957  0.00000501267681166  0.00000538960307421  0.00000583080534860
  0.00000632108398439  0.00000687283716922  0.00000754355234882  0.00000838739580248
  0.00000928808928240  0.00001028134879022  0.00001149810026035  0.00001296416805261
  0.00001478316970975  0.00001707047288086  0.00002055250356770  1.00000000000000000
 -0.00409857882019791  0.01570698333066664  0.02967057130808024  0.04499154886398728
  0.06269640119687360  0.08459526401726457  0.10707660093545729  0.13080929767811111
  0.15529917570740714  0.17639299156586952  0.19506946718618226  0.21235914884111604
  0.22859743360857129  0.24414841633248580  0.25877810910062971  0.27253492837151411
  0.28543688294361313  0.29713372761560802  0.30823580630951075  0.31921986022644760
  0.32985739828289701  0.34027820112155088  0.35072930540715197  0.36134999174052085
  0.37227042217570855  0.38270411286591138  0.39251345264012966  0.40214693817541119
  0.41146700011405130  0.42015900061008182  0.42838616203354685  0.43671899569457290
  0.44545973082957058  0.45433441064590580  0.46298167851230193  0.47151804641688816
  0.47992697447295107  0.48847842677657410  0.49714757464387427  0.50569050698201623
  0.51439640495491334  0.52207607567174075  0.52893182379757608  0.53582757793505364
  0.54273922354122950  0.55013886283513247  0.55826798774861197  0.56628716760436926
  0.57406170276663171  0.58194236936625465  0.58994303785657942  0.59792462745398656
  0.60581851383465013  0.61352359845344895  0.62104574972169302  0.62872711801892511
  0.63645523516753355  0.64439691947688749  0.65237837859560699  0.66055961971673116
  0.66903747550672787  0.67770425486106856  0.68627772072966209  0.69461811555670971
  0.70274185407252598  0.71075520576064877  0.71875423432446117  0.72666894439447927
  0.73454894783429703  0.74247696371022120  0.75055021034358105  0.75876150532395725
  0.76705320226778551  0.77530798219593555  0.78357437405193187  0.79200059651191457
  0.80040596333454739  0.80900010811858059  0.81747866825630444  0.82603853263768590
  0.83484542686853092  0.84372903892639639  0.85257408933612311  0.86153659594697385
  0.87059658720509003  0.87997282644611696  0.88989508632029279  0.90008506376057207
  0.90991690591004437  0.92158696936414675  0.93425130398949252  0.94647331000597701
  0.95864580672968547  0.97083583482021818  0.98239023974575113  1.00000000000000000
 -0.00316171025402027  0.01209452845937128  0.02322248729108106  0.03363834225790245
  0.04531375670244979  0.05634885803368536  0.06818575414063256  0.08075711527971997
  0.09318897584656952  0.10505631570890261  0.11690305784370485  0.12900888481690395
  0.14152142889321792  0.15329165316059354  0.16420361845106579  0.17480794095435340
  0.18511905613634444  0.19561005692781219  0.20616849950270125  0.21667446083854927
  0.22720532268357038  0.23811273386246626  0.24902183151591012  0.25886019108631425
  0.26842775123062079  0.27847892626919579  0.28837930626211544  0.29782639116591503
  0.30706285722393600  0.31699597510269312  0.32742778504779851  0.33760191946262852
  0.34724309790195701  0.35690225078465965  0.36643123712361214  0.37578215914412799
  0.38478575324519732  0.39375779363066166  0.40298650420591864  0.41275126845024862
  0.42328674903669589  0.43445753317389446  0.44519797609719697  0.45500841304938133
  0.46444404542532958  0.47442478644114255  0.48435581229183139  0.49436440216199662
  0.50441111146220952  0.51445231540902014  0.52438097915835113  0.53407856900303807
  0.54360493335130899  0.55322932036474481  0.56324411389655760  0.57360014638484536
  0.58405110543103000  0.59448810615979442  0.60468978621624203  0.61454191831049998
  0.62477171624513195  0.63554048304780741  0.64626691474981823  0.65641061356986885
  0.66596974869730019  0.67536043781629140  0.68471474117631470  0.69457676604477181
  0.70437827164319311  0.71263831372124953  0.72062152738833252  0.72847644079162865
  0.73677125665203469  0.74716117227117618  0.75762166728562874  0.76807974156787218
  0.77856009814972271  0.78907901812059977  0.79988011430563277  0.81125288686886665
  0.82192067153054138  0.83249151634235707  0.84273726495749535  0.85302591586663390
  0.86384666223843554  0.87496209411432790  0.88627062641485299  0.89798634463939153
  0.90954117827656256  0.92140669791242058  0.93325317837755029  0.94538128252389642
  0.95796107104069450  0.97097122003900971  0.98472816462749457  1.00000000000000000
  0.00226710399023224  0.00263942084167301  0.00320067551950427  0.00478641157158802
  0.00745189865384400  0.01083428728646687  0.01353277112344947  0.01771941342868646
  0.02543295069340033  0.03420030754587870  0.04449751779183833  0.05572675988129307
  0.06639665167153289  0.07638163166292253  0.08652111162770616  0.09671764015894202
  0.10663052792182141  0.11623534346463557  0.12641986799646596  0.13810280911018388
  0.15056912716800572  0.16275676914520479  0.17428058305228905  0.18551489832057566
  0.19679224059209233  0.20776002316614517  0.21868250608978615  0.23069990749952449
  0.24336501905370783  0.25503443015262428  0.26570436793865548  0.27637175130926939
  0.28705507610518838  0.29792450622820599  0.30899555379024152  0.31992466368233563
  0.33097793128883601  0.34213720551118076  0.35390935391484790  0.36551636525931697
  0.37763935953353234  0.38997556818527634  0.40218391563075512  0.41478981659745895
  0.42695713259698004  0.43817844636514391  0.44923340680248153  0.45993055025379920
  0.47052517887403417  0.48204157651939156  0.49428213243348607  0.50658176914561515
  0.51880361567634403  0.53071807698318152  0.54284024708129230  0.55574438613626764
  0.56865800629979091  0.58131569979746200  0.59406260803800948  0.60632146230746564
  0.61797663792220303  0.62951041789820228  0.64112202125567430  0.65267949175659035
  0.66414129039523118  0.67566872340257789  0.68728140130094162  0.69914255489659960
  0.71032458272102361  0.72093560515424249  0.73168081424165154  0.74260057860657758
  0.75346968210707332  0.76423827359196050  0.77552877502082673  0.78717643557758077
  0.79877294039692925  0.81012922192744563  0.82097542114058109  0.83142082301476239
  0.84202700402503239  0.85294485786452490  0.86389633732787929  0.87472218908368449
  0.88536470111895360  0.89587277959995082  0.90606175500253872  0.91616692915714681
  0.92621602621969135  0.93631122471975770  0.94668162500475195  0.95701004318967309
  0.96798254416923402  0.97905178966073170  0.98951924179726614  1.00000000000000000
  0.00000183284485056  0.00000199085944348  0.00000216352073334  0.00000233768998844
  0.00000250223373187  0.00000267159770086  0.00000298771786257  0.00000332493995480
  0.00000367289117979  0.00000404103514506  0.00000441426779875  0.00000480732050335
  0.00000521970136914  0.00000562749465241  0.00000603363989984  0.00000643450544829
  0.00000682718039102  0.00000721524691511  0.00000760048024451  0.00000798324805478
  0.00000835458203218  0.00000871952735015  0.00000908227234429  0.00000944799705197
  0.00000981438258898  0.00001017393668125  0.00001052549791482  0.00001087400433520
  0.00001121923592292  0.00001156671532539  0.00001191011894626  0.00001225295639204
  0.00001259759530239  0.00001293522017935  0.00001326043433698  0.00001357654616447
  0.00001388724283429  0.00001419674016583  0.00001450719869757  0.00001481692380878
  0.00001512554145369  0.00001542955903591  0.00001572411803529  0.00001601414825362
  0.00001629825213660  0.00001658501331421  0.00001687011980325  0.00001716778068903
  0.00001748831808301  0.00001783078105461  0.00001817352162809  0.00001850979889493
  0.00001884329705336  0.00001916869771838  0.00001949232130714  0.00001980999035687
  0.00002014114252037  0.00002048054911585  0.00002082267118570  0.00002118144532890
  0.00002156311870706  0.00002193495433291  0.00002229442145709  0.00002263173615608
  0.00002299187116038  0.00002337952627653  0.00002377485330325  0.00002420829328028
  0.00002467657574406  0.00002519805232234  0.00002574821864360  0.00002626456878549
  0.00002671457776717  0.00002715018851266  0.00002753147694295  0.00002786292233951
  0.00002814778589439  0.00002845219519500  0.00002879914595112  0.00002912348352492
  0.00002965359158018  0.00003020108673444  0.00003061839057157  0.00003104515210892
  0.00003159651284228  0.00003226847000482  0.00003309541540246  0.00003400234942719
  0.00003484574463065  0.00003552548485717  0.00003621782121248  0.00003726859106768
  0.00004063242284468  0.00004404740556265  0.00007086723261988  1.00000000000000000
  0.00089014913208390  0.00569585688315172  0.01561088053018277  0.02611200520201307
  0.03827228897612296  0.05208157895350977  0.06736677614006936  0.08326021961835837
  0.09929882562774446  0.11521160051296415  0.13056636445632627  0.14462295841039252
  0.15691895253612625  0.16814677595205996  0.17912821565480061  0.18957972731679593
  0.19938398499243482  0.20936018075279675  0.22043580259770301  0.23152751471234501
  0.24122048188748815  0.25029968552597515  0.25972640046607837  0.26917007048760083
  0.27843897685763819  0.28767259363744879  0.29720507739036806  0.30683000802062016
  0.31600267936330945  0.32484892329573117  0.33394206248728564  0.34321133052689068
  0.35249944752327900  0.36142998160910927  0.37020873607745286  0.37939111049640456
  0.38902172696902176  0.39864869557032684  0.40817443952813076  0.41774508473633459
  0.42680098627928292  0.43570916469801085  0.44450604877240524  0.45286582119311253
  0.46108759326201915  0.46950733420132035  0.47811997112583360  0.48708860594639336
  0.49641615516064869  0.50543901934075075  0.51264717176035268  0.51961660171298829
  0.52651983924250667  0.53391580623811441  0.54265290360935325  0.55195119701873308
  0.56143777719671417  0.57126936565456909  0.58138625252469323  0.59161853574718470
  0.60172040120222681  0.61137734087304640  0.62060109153302156  0.62986939554630195
  0.63933845466704853  0.64867111374770159  0.65762351749139181  0.66634913598663736
  0.67511641547660717  0.68398699670881835  0.69294140259908688  0.70193452139405721
  0.71106614109384103  0.72020476766817143  0.72976617883241113  0.73963947256469886
  0.74910686228132417  0.75780789158362094  0.76631869739999992  0.77507216718078242
  0.78419324813222058  0.79360829638811992  0.80300074073376426  0.81283450613571673
  0.82387258006977071  0.83580034491615207  0.84498091581125501  0.85799537304280560
  0.87635266564770364  0.89566814132943096  0.91485795617119625  0.93392109481872687
  0.95314921996546853  0.97233176241180863  0.99036138418971109  1.00000000000000000
  0.72571608615650995  0.73828152454946760  0.74430778244949525  0.75017434042599263
  0.75578755970559630  0.76125384341360747  0.76640762778638916  0.77140842812210675
  0.77628264609065523  0.78087279475113869  0.78528760709223544  0.78970776981257051
  0.79405829804829864  0.79821062529578324  0.80219916036102001  0.80606869175768003
  0.80983458376547690  0.81341678965122455  0.81673562376451925  0.81991882225078516
  0.82309979784584075  0.82629729620904768  0.82948657639531898  0.83259167063656003
  0.83562080076401879  0.83859027247026263  0.84154978749827913  0.84442253530963352
  0.84720662666666868  0.84993203192893807  0.85265009507724954  0.85530676728054722
  0.85787591487970627  0.86040856746979344  0.86292773553569058  0.86545026695603988
  0.86794912758605824  0.87036441391248764  0.87267504813764485  0.87493805129003377
  0.87720398458445881  0.87951462113624335  0.88182041576604420  0.88402648807319384
  0.88624533992585086  0.88847359056228248  0.89069143216825086  0.89284705058859082
  0.89492404921515167  0.89696635839240491  0.89899223862508160  0.90106858958088842
  0.90316040978334133  0.90525509267134219  0.90728321269913159  0.90919001399070365
  0.91106515999027715  0.91294540573710903  0.91486248517671143  0.91677518321846896
  0.91879873283901670  0.92074573884386179  0.92273360110128400  0.92466610716134101
  0.92611728118773906  0.92745962333541054  0.92879689749155192  0.93011457849866952
  0.93150287255005637  0.93313381109975124  0.93487628609728657  0.93656325092058668
  0.93830223241947452  0.94013380715298811  0.94190004430765872  0.94377905147054530
  0.94557399238429918  0.94743010617021872  0.94919133143670520  0.95097371071195946
  0.95275142954200431  0.95458186717100801  0.95642858955570942  0.95825051770047709
  0.96005869528784460  0.96195645585962863  0.96374982683222699  0.96551952768628679
  0.96766788082041466  0.96989539442823969  0.97207526548651724  0.97434599249892762
  0.98080533608734666  0.98579724113836675  0.98762263589574883  1.00000000000000000
  0.28733346449334440  0.29011655030887573  0.29243485852436107  0.29549304022386591
  0.29809444941149987  0.30406669912524265  0.31098783852493272  0.31770756877892370
  0.32400221268981227  0.32994907691332354  0.33584918075704973  0.34185526218817092
  0.34789839422044821  0.35379761003749011  0.35945118990790936  0.36494643947058819
  0.37029535273580677  0.37567761205355238  0.38100288951075961  0.38628388026692834
  0.39160332110291390  0.39651458571306697  0.40099284277253439  0.40564381003037847
  0.41031588046189021  0.41496345876859986  0.41946048873962255  0.42376352050103200
  0.42800226338621938  0.43222277480176002  0.43648931124101426  0.44083779631711567
  0.44516000897415842  0.44933130738573401  0.45344321503943380  0.45762993044357947
  0.46183392569572423  0.46582206809788212  0.46974460341778690  0.47379298559663158
  0.47796379055373683  0.48219449045554097  0.48638170876805520  0.49051108503576074
  0.49465130893523057  0.49885420385890666  0.50305147897807445  0.50720567370620817
  0.51128892738389597  0.51546141745238161  0.51968795118076849  0.52381066585219926
  0.52792034142655231  0.53205454724903556  0.53621407660456444  0.54039775892616415
  0.54460666867612728  0.54888925520784726  0.55310296411915449  0.55729555592766944
  0.56158199386734386  0.56592286085265220  0.57029714933154563  0.57478788298356032
  0.57934841835736151  0.58397636196070424  0.58867267224392350  0.59331500581096830
  0.59796866924595771  0.60271760578129918  0.60759644087039943  0.61260132953088353
  0.61770230673123105  0.62286988580461178  0.62808328689909476  0.63335900374286058
  0.63867083650184875  0.64399503325621132  0.64939929601682955  0.65483936718075009
  0.66038872448100938  0.66605602068060787  0.67185285097246439  0.67786198064610925
  0.68406913785635481  0.69023887443758125  0.69657670685390627  0.70245563157548996
  0.70780181114197860  0.71250289788160714  0.71546894271902439  0.71723891970995302
  0.71926040460108753  0.72345816573558708  0.74240825198886862  1.00000000000000000
   8.2746728088117906E-012  -1.0000000000000000     
  <DiscreteSampler_grid>
  Helicity
  1 # 1 for a reference and 2 for a running grid.
  20 # Attribute 'min_bin_probing_points' of the grid.
  1 # Attribute 'grid_mode' of the grid. 1=='default',2=='initialization'
  0.0000000000000000 # Attribute 'small_contrib_threshold' of the grid.
  0.5000000000000000 # Attribute 'damping_power' of the grid.
 # binID   n_entries weight   weight_sqr   abs_weight
    1   54   2.268412323153320E-011   5.205792011142259E-021   2.268412323153320E-011
    3   157   7.190874766539472E-011   2.481994300507084E-020   7.190874766539472E-011
    6   2088   8.730987890791131E-010   2.331253696052494E-017   8.730987890791131E-010
    7   5597   2.327342504474138E-009   1.421804634181000E-016   2.327342504474138E-009
    8   2075   8.740902162048844E-010   2.041436525384428E-017   8.740902162048844E-010
    10   1218   5.236199998913694E-010   6.748439873009934E-018   5.236199998913694E-010
    12   3032   1.285284287669854E-009   6.931560036456667E-017   1.285284287669854E-009
    13   89   3.395183445019255E-011   5.838302182065308E-021   3.395183445019255E-011
    17   2044   8.138298787600769E-010   2.746748693427869E-017   8.138298787600769E-010
    18   1898   7.927098140409108E-010   1.183397782849339E-017   7.927098140409108E-010
    19   1   1.364826165347617E-013   1.862750461617480E-026   1.364826165347617E-013
    20   1151   4.761993586471362E-010   1.720347500098735E-018   4.761993586471362E-010
    21   3495   1.467817547809882E-009   6.742243241342630E-017   1.467817547809882E-009
    22   14510   6.264943939288375E-009   1.904676795575080E-014   6.264943939288375E-009
    23   17395   7.386739005768407E-009   1.214000816120232E-015   7.386739005768407E-009
    24   738   3.140196266582757E-010   1.266446255620504E-018   3.140196266582757E-010
    26   1441   6.011692331943486E-010   1.792641623319468E-017   6.011692331943486E-010
    28   928   4.009507796050237E-010   1.591018967034704E-018   4.009507796050237E-010
    29   867   3.551792529246887E-010   1.527895283141687E-018   3.551792529246887E-010
    30   1785   7.610174335667880E-010   3.227421588345386E-017   7.610174335667880E-010
    31   1656   6.918539835583924E-010   1.710909323338052E-017   6.918539835583924E-010
    33   1980   8.007736446721239E-010   2.782319953332428E-017   8.007736446721239E-010
    34   799   3.414477535938073E-010   4.557169919297026E-018   3.414477535938073E-010
    35   1237   5.215844971681442E-010   3.984673000078234E-018   5.215844971681442E-010
    37   1829   8.151879861535842E-010   3.591189154363787E-017   8.151879861535842E-010
    38   26   9.676351514087225E-012   8.891571384810615E-022   9.676351514087225E-012
    39   11238   4.759768645361058E-009   2.922497768561687E-015   4.759768645361058E-009
    40   698   2.720098825623370E-010   1.999726579308145E-018   2.720098825623370E-010
    41   1111   4.698779005309480E-010   1.022065531807011E-017   4.698779005309480E-010
    42   103   4.705471469826536E-011   1.806886804646475E-020   4.705471469826536E-011
    43   2638   1.172976280228917E-009   4.528322451932200E-017   1.172976280228917E-009
    44   2171   9.265509933526379E-010   2.640703698483606E-017   9.265509933526379E-010
    45   12556   5.399298914459940E-009   5.708846168196466E-016   5.399298914459940E-009
    46   2352   9.905030815310380E-010   6.507962906414540E-017   9.905030815310380E-010
    49   1409   6.201539399995073E-010   1.229238192999908E-017   6.201539399995073E-010
    50   5825   2.456028404992192E-009   2.728745147845413E-016   2.456028404992192E-009
    52   965   3.882780976704172E-010   4.136616972906052E-018   3.882780976704172E-010
    55   3552   1.483904344279758E-009   6.182834449861151E-017   1.483904344279758E-009
    56   2904   1.250941352540780E-009   4.906651081700709E-017   1.250941352540780E-009
    57   3063   1.307942010153035E-009   5.043268271077096E-017   1.307942010153035E-009
    58   2140   8.826943316996028E-010   3.235140445734865E-017   8.826943316996028E-010
    61   1333   6.007384150093721E-010   3.818030986539112E-018   6.007384150093721E-010
    62   1835   7.858992708103163E-010   2.624707262682469E-017   7.858992708103163E-010
    63   3097   1.319178919978979E-009   8.845045131852060E-017   1.319178919978979E-009
    64   1967   8.277730797813635E-010   2.823717368702273E-017   8.277730797813635E-010
  </DiscreteSampler_grid>
  <DiscreteSampler_grid>
  grouped_processes
  1 # 1 for a reference and 2 for a running grid.
  10 # Attribute 'min_bin_probing_points' of the grid.
  1 # Attribute 'grid_mode' of the grid. 1=='default',2=='initialization'
  0.0000000000000000 # Attribute 'small_contrib_threshold' of the grid.
  0.5000000000000000 # Attribute 'damping_power' of the grid.
 # binID   n_entries weight   weight_sqr   abs_weight
    10   10   1.946719986912143E-003   1.262460273234739E-005   1.946719986912143E-003
    16   10   1.946719986912143E-003   1.262460273234739E-005   1.946719986912143E-003
    22   10   1.946719986912143E-003   1.262460273234740E-005   1.946719986912143E-003
    28   10   1.946719986912143E-003   1.262460273234739E-005   1.946719986912143E-003
  </DiscreteSampler_grid>
