  0.00000042869148519  0.00000044240428598  0.00000045244936082  0.00000046226096446
  0.00000047129577154  0.00000048011699629  0.00000048957886835  0.00000049935118031
  0.00000050983399335  0.00000052139653615  0.00000053469345688  0.00000054892927338
  0.00000056232050316  0.00000057444391678  0.00000058555258968  0.00000059533582658
  0.00000060540589813  0.00000061570851056  0.00000062789228597  0.00000064515101926
  0.00000066820913252  0.00000069621971972  0.00000072456709319  0.00000075196513439
  0.00000077537907839  0.00000079566464512  0.00000081322075143  0.00000083150636294
  0.00000085156796815  0.00000087197856947  0.00000089414100910  0.00000091819133273
  0.00000094353111985  0.00000097127434363  0.00000100110696991  0.00000103166203080
  0.00000106250812264  0.00000109343533821  0.00000112505034021  0.00000115773359114
  0.00000119175130384  0.00000122631251060  0.00000126235438270  0.00000130183782633
  0.00000134525122317  0.00000138532444237  0.00000142786018502  0.00000147461366991
  0.00000152462087115  0.00000158107223996  0.00000164477836863  0.00000170679560177
  0.00000177335360344  0.00000184089717092  0.00000190731314711  0.00000197535546186
  0.00000204890926452  0.00000213422229688  0.00000223358478518  0.00000233110238241
  0.00000243230206772  0.00000254371689042  0.00000265084721100  0.00000276076822471
  0.00000287226075109  0.00000298949648305  0.00000312306337360  0.00000327894109403
  0.00000343885101515  0.00000360514691019  0.00000378844212634  0.00000399304326698
  0.00000420917282920  0.00000443636330875  0.00000473785093465  0.00000511941842863
  0.00000552262855343  0.00000594623791468  0.00000640905473590  0.00000702122241690
  0.00000779211479548  0.00000861081286265  0.00000941303944903  0.00001042530520917
  0.00001172656270521  0.00001315495013013  0.00001484244755378  0.00001724408339563
  0.00002009966660964  0.00002322780464566  0.00002680769162766  0.00003068239900785
  0.00003533533605471  0.00004279726527048  0.00005429787275801  1.00000000000000000
  0.00000017619416079  0.00000018113473640  0.00000018490452683  0.00000018816540565
  0.00000019130424072  0.00000019503844152  0.00000019887990135  0.00000020372935001
  0.00000020887739963  0.00000021425204282  0.00000022049329255  0.00000022697670032
  0.00000023331896489  0.00000023982977283  0.00000024743780582  0.00000025590204612
  0.00000026479287441  0.00000027363411025  0.00000028249670004  0.00000029107004950
  0.00000029966470128  0.00000030884031331  0.00000031837641100  0.00000032888451753
  0.00000034000553275  0.00000035091919948  0.00000036125468257  0.00000037117076622
  0.00000038097684127  0.00000039204354020  0.00000040383507257  0.00000041542231904
  0.00000042661943975  0.00000043825529168  0.00000045065805432  0.00000046396632385
  0.00000047841020163  0.00000049429920602  0.00000051096430650  0.00000052750301057
  0.00000054312401266  0.00000055811101154  0.00000057372820209  0.00000059088220300
  0.00000060979477010  0.00000062962440683  0.00000064987930927  0.00000067064452264
  0.00000069151205057  0.00000071266256763  0.00000073446824239  0.00000075782592741
  0.00000078457952855  0.00000081638075628  0.00000084776852374  0.00000087830337498
  0.00000090950789955  0.00000094308786071  0.00000098460714576  0.00000103134291195
  0.00000107912724289  0.00000112766856241  0.00000119531504415  0.00000128242468687
  0.00000137866938142  0.00000148222487167  0.00000159410486944  0.00000170792208529
  0.00000181983505847  0.00000193639221240  0.00000205397211686  0.00000218392580088
  0.00000232490842984  0.00000247776146579  0.00000265321817530  0.00000285157797448
  0.00000305160653447  0.00000329053675046  0.00000353690876376  0.00000382210894806
  0.00000415950031752  0.00000452529191411  0.00000496104689931  0.00000542004288212
  0.00000603104312208  0.00000671796007017  0.00000764566178681  0.00000863249890338
  0.00000981649168627  0.00001201599635040  0.00001439556051652  0.00001570900005336
  0.00001981565480203  0.00002750192310041  0.00003478681903569  1.00000000000000000
  0.00000049238007735  0.00000052473821985  0.00000055027964666  0.00000057702532465
  0.00000060791779865  0.00000063975378014  0.00000067175627953  0.00000070085067722
  0.00000072892522481  0.00000075750253239  0.00000078567668058  0.00000081687978512
  0.00000085140086559  0.00000088431231507  0.00000091554121562  0.00000094367721202
  0.00000097192742347  0.00000100165166480  0.00000103385563841  0.00000106659954767
  0.00000109855602639  0.00000112933176117  0.00000116067476782  0.00000119210950823
  0.00000122166874629  0.00000125169109540  0.00000128257443205  0.00000131603996758
  0.00000135192837920  0.00000138783323651  0.00000142340733583  0.00000145818192211
  0.00000149131638571  0.00000152350023737  0.00000155701390969  0.00000159326894604
  0.00000163231830159  0.00000167236086815  0.00000171192470027  0.00000175198162622
  0.00000179473729927  0.00000184218417358  0.00000188979411057  0.00000193791615831
  0.00000198789509699  0.00000204041877777  0.00000209682586798  0.00000215483621013
  0.00000221546508095  0.00000227393950693  0.00000233607962499  0.00000240387584334
  0.00000247092865706  0.00000253968832842  0.00000261349475477  0.00000268796980833
  0.00000276246765946  0.00000283894204672  0.00000291843026001  0.00000300172902696
  0.00000308792614215  0.00000317167652759  0.00000325316957829  0.00000334017874845
  0.00000343189108788  0.00000352792474591  0.00000362351393206  0.00000371722219153
  0.00000381357247596  0.00000391488049258  0.00000401679288880  0.00000412223988269
  0.00000423273615339  0.00000434642749348  0.00000446227358149  0.00000458296167712
  0.00000471449140333  0.00000486463258212  0.00000502809083538  0.00000519875817341
  0.00000536036281749  0.00000551827180766  0.00000568884662276  0.00000589179183406
  0.00000611349181377  0.00000635280143034  0.00000662971977596  0.00000698333070565
  0.00000741628685202  0.00000798942320903  0.00000880597831479  0.00000979671921920
  0.00001117882186984  0.00001359056824529  0.00001546485132754  1.00000000000000000
  0.03581371610320115  0.06458137190497040  0.08974665706424441  0.11717439842538331
  0.14875528038475713  0.17914770753044895  0.20272930017836313  0.22321163976311423
  0.24420945214151060  0.25749606751207615  0.26803758769759117  0.27759105150197005
  0.28598563984915304  0.29392895971669331  0.30272325506790176  0.31145002639495800
  0.32072050345309405  0.32960966135353242  0.33695332667441563  0.34394042302682509
  0.35149803541972779  0.35942916318310675  0.36730883822632215  0.37542744506239761
  0.38286073282911581  0.39044602759061575  0.39865714443832651  0.40879823554891265
  0.41869961742067796  0.42870710451930077  0.43780067927143695  0.44528746715028694
  0.45218701018835489  0.45868324357616969  0.46532170455034910  0.47222917387796676
  0.47914780656488876  0.48528620746591750  0.49150026177979372  0.49784197050829582
  0.50423680166525697  0.51055366085409171  0.51669499711231492  0.52288760252019961
  0.52908916593054256  0.53526738591788081  0.54140114085050539  0.54862190641573738
  0.55622032382187736  0.56395600201872831  0.57187706456825860  0.57990964373777054
  0.58777355700050715  0.59530573002724185  0.60303233354934316  0.61159024803463791
  0.62065979339005406  0.62943581174375596  0.63791703262715194  0.64583909155596608
  0.65212321685343688  0.65769439176810940  0.66289584440580096  0.66803960715901645
  0.67349556069988314  0.67918198690182130  0.68509021150550198  0.69153893979848613
  0.69816657826347406  0.70419810161177998  0.71036530409957610  0.71858606594359553
  0.72712031197239979  0.73462237219510773  0.74123104511047666  0.74734654370792852
  0.75380372492058645  0.76073628230954238  0.76853648747973191  0.77643587622709076
  0.78466934206310357  0.79395344169608650  0.80481409913599355  0.81508133216692613
  0.82292212077335247  0.83709157832975400  0.86352097940418893  0.89344127654865291
  0.90722407469547184  0.91968275664268484  0.93200789052569988  0.94584428279181809
  0.95552166504529257  0.96581517310728993  0.98290758655364485  1.00000000000000000
 -0.00641167892601426  0.01641127185719106  0.03274305469221804  0.04450813821888161
  0.05497892376388115  0.06585711578849933  0.07647361285929438  0.08676478909183635
  0.09709820722557956  0.10814082179778901  0.11940560805772300  0.13029555821128447
  0.14119825737522609  0.15572762919027441  0.17411493912571621  0.18863436032956710
  0.19978347205505859  0.20902993363380223  0.21813913537393748  0.22724739319169643
  0.23668131934848322  0.24723573843695387  0.25906323349748905  0.27098201267602517
  0.28292929461144173  0.29527312379749010  0.30756437185146718  0.31890651603634190
  0.32926625537236848  0.33821259269176596  0.34617228016407542  0.35386527730533479
  0.36140917908831494  0.36957056383353215  0.37832596963472759  0.38720639675032759
  0.39696871028694325  0.40964655428490815  0.42302205829299244  0.43471969148046702
  0.44405038105105415  0.45245491380651581  0.46035113383572879  0.46767978749494032
  0.47554985583598086  0.48332420868724463  0.49085330098759672  0.49893554934094037
  0.50826096542441968  0.51766037977184498  0.52910626141938355  0.54327378635198920
  0.55640587824550369  0.57194803945766293  0.58696738095063061  0.60196151875065274
  0.61598120847664595  0.62870227427038838  0.64024886037794737  0.65143775904062273
  0.66303066867208160  0.67255966810753187  0.68062174045287227  0.68940124410128001
  0.69871912272385994  0.70830421125339116  0.71727198587959651  0.72557114916654797
  0.73676572099730531  0.75034866252388832  0.76238474806335443  0.77295285059275498
  0.78208046245574248  0.79123643256753884  0.80023173841156559  0.80950523636021088
  0.81863424572070442  0.82771379594032912  0.83725408838036863  0.84805379390694235
  0.85867916822115542  0.86953803025950882  0.87971516029061991  0.88839732569795771
  0.89630279574436222  0.90400313450090297  0.91159298794980359  0.91973102276865082
  0.92792877407497598  0.93651750118521804  0.94530169446667012  0.95777437924039488
  0.96907483316671161  0.97923835670284931  0.98926029208330379  1.00000000000000000
  0.01497347755765622  0.01872887426865821  0.02318424886514682  0.02992337317953164
  0.03746421705526561  0.04481289951351980  0.05257347806772227  0.05788893034522381
  0.06852834436991363  0.08440443781751311  0.10242887865127320  0.11613741646563265
  0.12869879462895592  0.13773137980336814  0.14629189631117781  0.15708395095419206
  0.16743774053290339  0.17680515150086035  0.18526773145362457  0.19379574121277182
  0.20253251230531488  0.21098747092931500  0.21880362686630239  0.22627961180792369
  0.23486405175999739  0.24423594655529263  0.25338075107833719  0.26194640749660131
  0.27214068675693354  0.28421037317410175  0.29778008734598710  0.31092480636706538
  0.32574778199168547  0.34093647480865974  0.35421649991702120  0.36213454904764908
  0.37007504806258545  0.37777255600570170  0.38482714953939984  0.39175699626910643
  0.39907782245188878  0.40721203464616978  0.41558478126488924  0.42531556425113148
  0.43506922453724245  0.44451618335473236  0.45344448698840312  0.46249173451926456
  0.47103141860402065  0.48006039799807831  0.48835868600556170  0.49653175185412624
  0.50443526242951953  0.51190076661429085  0.51958064605448107  0.52812630273703076
  0.53654533327378451  0.54491052291901054  0.55422162533518626  0.56402472580511975
  0.57446198320477782  0.58440311142350621  0.59413725555790009  0.60312499518046447
  0.61218391675917760  0.62139903461224621  0.63114919022206628  0.64325292950397883
  0.65921825963551561  0.67877250845073878  0.69638050376800542  0.71438619628377042
  0.72935534491251541  0.74038976706142812  0.75021939882668509  0.75844439792697171
  0.76638797112473600  0.77428629322462450  0.78180662125563027  0.78924496296636670
  0.79804782563864041  0.80769564567652130  0.81971496192708804  0.83387387751326092
  0.84830412490446161  0.86299190190839459  0.87919297949380959  0.89730512783176286
  0.91593642389301000  0.93343699608033803  0.94530721646286087  0.95629556240923397
  0.96715266939546074  0.97785803846362263  0.98833909952395627  1.00000000000000000
 -0.00185492355578574  0.00804154805098291  0.01649234377619921  0.02743839878142898
  0.03803168033982141  0.04824426945662785  0.05777178641364081  0.07301377582667500
  0.08841756287067581  0.10283276238116316  0.11543178427676709  0.12548648692682399
  0.13753200156364920  0.14968397216765245  0.16134515937757385  0.17281709465369915
  0.18357062648887934  0.19366679609174758  0.20430557195254376  0.21523570265224751
  0.22686183478802646  0.23955219198251826  0.25108426715233240  0.26015804277720411
  0.26868879547683466  0.27822864771934325  0.28833592936699332  0.29849633887152377
  0.30855975151050713  0.31799078827506566  0.32738348967783759  0.33569984283563642
  0.34306604582133282  0.35054181553924108  0.35773895521539606  0.36492491656629200
  0.37220133724319809  0.38094929994922760  0.38981255203530413  0.39925249356895465
  0.41158954707951884  0.42242601762024029  0.43030749683387975  0.43886914478385652
  0.44779332314474718  0.45683373750920842  0.46584213436626171  0.47476411081211983
  0.48373917002442873  0.49236029287288313  0.50103742769032356  0.50963586671256889
  0.51856880944301953  0.52710667548346279  0.53530890075697724  0.54374393844701208
  0.55492664807205572  0.56634674078572567  0.57814847665859426  0.59205997222555806
  0.60774335478668018  0.62291325501715933  0.63592617636540949  0.64792937728387123
  0.65978598495024487  0.67173518142755329  0.68391564154748652  0.69536685390012942
  0.70577329660474908  0.71597409210949514  0.72613396801346652  0.73593686980163342
  0.74573141522942155  0.75574016206208972  0.76544097887520579  0.77481198444624910
  0.78422532504864872  0.79468891234355299  0.80751595955514366  0.81810141831312777
  0.82802045132650270  0.83771292686591636  0.84686795453272146  0.85670913378683688
  0.86722142481928277  0.87806725345049108  0.88975275446026469  0.90291524096901965
  0.91959132011434674  0.93747870139053069  0.94945681137895421  0.96069596874499341
  0.96709861638971861  0.97342732298453005  0.98546420133185841  1.00000000000000000
  0.00467888960622026  0.02428240823881486  0.03066449570273128  0.03744765363568144
  0.04612395514654078  0.05608223305708088  0.06478413057105861  0.07508623827979298
  0.08454790957912128  0.09452250542444371  0.10563991633137090  0.12060392044695775
  0.13347010749736321  0.14436741271973219  0.15514600762838546  0.16579283932611602
  0.17611634289655775  0.18653073181824273  0.19786019550670897  0.20952726392614571
  0.22033187831925488  0.22992323712580745  0.23789384227010626  0.24515762181990494
  0.25202485139856068  0.25862559253198136  0.26525695427441870  0.27174137514687807
  0.27800800861216918  0.28402247356226956  0.29003855683143576  0.29990135927159001
  0.31029722905817814  0.31925549640858614  0.32727790372207954  0.33550677114258198
  0.34478065382101480  0.35469665120790100  0.36403233468459606  0.37348750909102196
  0.38399270138883962  0.39508078606462871  0.40512892893916552  0.41514221491822906
  0.42492472689429345  0.43513317388522116  0.44705901800640846  0.45923629902125584
  0.46838975033459124  0.47693837055869942  0.48592050269718617  0.49610500381897632
  0.50601262519632817  0.51571329774167252  0.52624638494788545  0.53767812435215900
  0.54862148789551834  0.55837980159828604  0.57683806441764984  0.59496879838785743
  0.60741582633089419  0.61848166324583620  0.62963736550993876  0.64013764962595554
  0.65186439779776673  0.66500277410105546  0.67841493499863392  0.69225057376455235
  0.70585602301404771  0.71755721565137343  0.72859369068430690  0.74026955424245688
  0.75251483906763350  0.76444713859692603  0.77803666603614852  0.79105770594983260
  0.80318250175201633  0.81451050045886841  0.82569392202332681  0.83657496771400941
  0.84606706583637781  0.85613387012507536  0.86662809040390076  0.87749134137218843
  0.88874253463308606  0.90122411282831472  0.91508155956269477  0.92915671335884675
  0.94174462071313481  0.95257624022294041  0.96228588567035866  0.97129004909658079
  0.97987823476219837  0.98711107877987958  0.99381235351567454  1.00000000000000000
  0.73568333279109310  0.74779279561900769  0.75181779088681100  0.75361076172117480
  0.75562498935849032  0.75785032081399462  0.76025184997397832  0.76251815244370424
  0.76475891989324485  0.76691643632015327  0.76920348590848975  0.77141318879135079
  0.77341739044714164  0.77529552514776678  0.77725893651595324  0.77933245250169736
  0.78132847413130835  0.78309018099962813  0.78479138372554169  0.78643929136105273
  0.78813497740865190  0.78989334157368518  0.79166429995697685  0.79331939316393318
  0.79492486501790915  0.79649404817564473  0.79810888389990953  0.79972417810169505
  0.80143911201601281  0.80313451746360087  0.80483485744963701  0.80637802201504805
  0.80781224304604471  0.80930683619646926  0.81104707900371420  0.81282423502580969
  0.81466428428576232  0.81639031023685438  0.81827935425174680  0.82030491329324007
  0.82220283103358460  0.82401773289695823  0.82584590893882848  0.82766759284810143
  0.82947501171809179  0.83128686475196845  0.83308838870487545  0.83538889659767634
  0.83772818478066857  0.84004483331771829  0.84236998362367876  0.84472965313969151
  0.84713563544232584  0.84958105261209427  0.85207385301206351  0.85459674815490561
  0.85718916057831096  0.85943964375183945  0.86166170482925586  0.86382188933888548
  0.86602611685982611  0.86829030395138351  0.87053329142886904  0.87282393687436888
  0.87504220122926235  0.87714738170813000  0.87914911564604203  0.88108670329887684
  0.88312343877298716  0.88523561179684518  0.88753128786516278  0.89005404661649934
  0.89264192605299753  0.89513028948974804  0.89761070345127170  0.90017398680648963
  0.90290014545274899  0.90554115852167705  0.90791714303962279  0.91012988912331083
  0.91244003383768046  0.91508645274081213  0.91879559345185946  0.92295357080086815
  0.92714488253781657  0.93160557425621582  0.93568281684979182  0.94044517355157620
  0.94608122900964331  0.95114421147486505  0.95564092406530887  0.96072269799945609
  0.96459791999601807  0.96802161095059525  0.97194714774025848  1.00000000000000000
  0.29795927623675972  0.30321979264779514  0.30732942534502988  0.31222791267979666
  0.31812433955071062  0.32450155760900629  0.33060813102912162  0.33699399447328332
  0.34358697850534925  0.35009878387471610  0.35612256213464472  0.36180741351885443
  0.36742517084015258  0.37306080488945587  0.37797802237957245  0.38204556728370714
  0.38621174009267861  0.39015277572955798  0.39406763673607753  0.39803600316731630
  0.40196085986913577  0.40608599333518874  0.41009089101218404  0.41402987869679631
  0.41777453443335272  0.42158198666610358  0.42547057644480329  0.42936057784691306
  0.43334948981170768  0.43696506533624241  0.44069550594005913  0.44425411162845907
  0.44790032717196465  0.45126393579932778  0.45483129577980580  0.45821867879891953
  0.46106243677703046  0.46375490611538089  0.46653335541888241  0.46942027929186231
  0.47219525386844979  0.47530781392820320  0.47846067804441456  0.48166827232715081
  0.48488258951257701  0.48829345413178721  0.49189041875675377  0.49558006749460887
  0.49937915304947550  0.50359078110509148  0.50767019348158182  0.51109519465878872
  0.51437435508649698  0.51776403822253259  0.52164887025665674  0.52691561654856367
  0.53152801374736691  0.53577582996244877  0.53988189443526780  0.54372134485628620
  0.54731880324453852  0.55079591864885258  0.55419328494861186  0.55811840814056801
  0.56225208756282652  0.56609949195172604  0.56980582618817821  0.57334472792412483
  0.57710740195760035  0.58122530015187424  0.58577204802115224  0.59000731376447568
  0.59398528094352843  0.59755909480055081  0.60120292994671898  0.60481106920473826
  0.60913513857813317  0.61351722790214680  0.61798087710166982  0.62217876493723945
  0.62726073200525934  0.63313157136910969  0.63919975667591045  0.64559686230692692
  0.65191069648635036  0.65815442268808977  0.66430054027557606  0.67242248186615139
  0.68070374145778334  0.68856578712502192  0.69580654590509006  0.70315865713985914
  0.71102993423961869  0.71859885904720611  0.72165706172088695  1.00000000000000000
   1.1804891528093204E-010  -1.0000000000000000     
  <DiscreteSampler_grid>
  Helicity
  1 # 1 for a reference and 2 for a running grid.
  20 # Attribute 'min_bin_probing_points' of the grid.
  1 # Attribute 'grid_mode' of the grid. 1=='default',2=='initialization'
  0.0000000000000000 # Attribute 'small_contrib_threshold' of the grid.
  0.5000000000000000 # Attribute 'damping_power' of the grid.
 # binID   n_entries weight   weight_sqr   abs_weight
    1   748   1.017116724699315E-008   2.247113315164742E-015   1.017116724699315E-008
    5   194   2.464513771409404E-009   1.468877742070833E-016   2.464513771409404E-009
    8   343   4.074943742820227E-009   6.561251215627964E-016   4.074943742820227E-009
    9   77   6.891564510117214E-010   5.924505951760866E-018   6.891564510117214E-010
    12   566   7.558827142150748E-009   1.669737523235482E-015   7.558827142150748E-009
    13   25   1.791787030611078E-010   1.383280528222732E-019   1.791787030611078E-010
    14   20   1.740715401064262E-010   1.156394874448328E-019   1.740715401064262E-010
    15   324   4.131720384246447E-009   6.147203416294017E-016   4.131720384246447E-009
    16   105   6.710682074312745E-010   2.453833858864115E-018   6.710682074312745E-010
    17   223   3.252258917199656E-009   1.384707004137549E-016   3.252258917199656E-009
    18   406   4.562162541653740E-009   1.133985466786109E-015   4.562162541653740E-009
    19   21   1.548080231014770E-010   6.786221827517325E-020   1.548080231014770E-010
    20   200   1.948247705949841E-009   3.329343352842570E-017   1.948247705949841E-009
    21   88   9.711577359501095E-010   4.504987298145274E-018   9.711577359501095E-010
    23   107   1.671327566941989E-009   4.266071302522655E-017   1.671327566941989E-009
    26   370   4.678425623769216E-009   4.628630828613658E-016   4.678425623769216E-009
    27   380   4.865557958454324E-009   7.818894628586787E-016   4.865557958454324E-009
    30   880   1.082185456075214E-008   5.070010290619622E-015   1.082185456075214E-008
    31   6   6.474531284145774E-011   1.108761506072204E-020   6.474531284145774E-011
    32   1   2.262880864130602E-011   5.120629805248460E-022   2.262880864130602E-011
    34   565   8.016902694811730E-009   2.923506186679268E-015   8.016902694811730E-009
    35   118   1.170279051874086E-009   2.513813748130050E-017   1.170279051874086E-009
    37   51   7.311931093516407E-010   4.161161104487881E-018   7.311931093516407E-010
    40   14   1.464309828772337E-010   8.654128748938217E-020   1.464309828772337E-010
    41   2157   2.634197066242854E-008   1.600928167201713E-014   2.634197066242854E-008
    42   247   2.944867246451425E-009   8.674913402150825E-017   2.944867246451425E-009
    43   13   2.856848177231061E-010   2.716935181734495E-019   2.856848177231061E-010
    45   25   1.854782445372942E-010   1.226297329818088E-019   1.854782445372942E-010
    46   43   1.111750669185509E-009   1.541737169770708E-017   1.111750669185509E-009
    47   267   3.529638787601846E-009   2.327028952773205E-016   3.529638787601846E-009
    48   76   8.268843156265018E-010   3.737325739964259E-018   8.268843156265018E-010
    49   256   3.740123373502285E-009   2.859742730318737E-016   3.740123373502285E-009
    50   862   1.094335748631604E-008   2.351756757985895E-015   1.094335748631604E-008
    51   176   2.501071685071185E-009   1.411286163832064E-016   2.501071685071185E-009
    52   139   2.115667738497700E-009   4.096834187144619E-017   2.115667738497700E-009
    55   257   3.190692269301873E-009   2.361784536329364E-016   3.190692269301873E-009
    57   3   4.543455821571966E-011   4.163990779311884E-021   4.543455821571966E-011
    58   65   6.394412846483911E-010   3.551516542332605E-018   6.394412846483911E-010
    59   46   3.112191906611406E-010   4.329485664055769E-019   3.112191906611406E-010
    60   50   6.319210377149778E-010   3.996935664229851E-018   6.319210377149778E-010
    61   1650   1.974646230475275E-008   8.464890643439053E-015   1.974646230475275E-008
    62   113   9.788055303777229E-010   1.367244536355180E-017   9.788055303777229E-010
    63   132   2.023046509893594E-009   9.013592058118059E-017   2.023046509893594E-009
    64   159   2.464043554119922E-009   9.014625565233749E-017   2.464043554119922E-009
  </DiscreteSampler_grid>
  <DiscreteSampler_grid>
  grouped_processes
  1 # 1 for a reference and 2 for a running grid.
  10 # Attribute 'min_bin_probing_points' of the grid.
  1 # Attribute 'grid_mode' of the grid. 1=='default',2=='initialization'
  0.0000000000000000 # Attribute 'small_contrib_threshold' of the grid.
  0.5000000000000000 # Attribute 'damping_power' of the grid.
 # binID   n_entries weight   weight_sqr   abs_weight
    10   10   4.943876471339107E-005   8.551675036534587E-009   4.943876471339107E-005
    16   10   4.943876471339107E-005   8.551675036534587E-009   4.943876471339107E-005
    22   10   4.943876471339107E-005   8.551675036534587E-009   4.943876471339107E-005
    28   10   4.943876471339108E-005   8.551675036534589E-009   4.943876471339108E-005
  </DiscreteSampler_grid>
