  0.00000071886777323  0.00000072283266367  0.00000074036634387  0.00000074998624620
  0.00000076079989634  0.00000077356018623  0.00000078657403332  0.00000079992473520
  0.00000081309441278  0.00000082605771112  0.00000083888976140  0.00000085120749529
  0.00000086399009510  0.00000087742617516  0.00000089147738017  0.00000090671172952
  0.00000092025278591  0.00000092899772063  0.00000093814843214  0.00000094709333254
  0.00000095383456350  0.00000096033428495  0.00000096687064396  0.00000097457347190
  0.00000098773498871  0.00000100485152312  0.00000102153974404  0.00000103803229470
  0.00000105436898560  0.00000107042987755  0.00000108637447349  0.00000110241580746
  0.00000111921118235  0.00000113684137165  0.00000115423041170  0.00000117064648906
  0.00000118747321946  0.00000120725618785  0.00000122767408671  0.00000124800435973
  0.00000126790710690  0.00000128793380530  0.00000130744740159  0.00000132780333556
  0.00000134750582646  0.00000136779000498  0.00000138810090901  0.00000140844057775
  0.00000142890247243  0.00000144991639532  0.00000147166046424  0.00000149304110857
  0.00000151488855130  0.00000153642275096  0.00000155880714007  0.00000158103944009
  0.00000160292881212  0.00000162405218999  0.00000164624327625  0.00000167007188272
  0.00000169622477235  0.00000172198451113  0.00000174819805370  0.00000177529571877
  0.00000180305701381  0.00000183164823579  0.00000185886937407  0.00000188602563976
  0.00000191302665970  0.00000193980530610  0.00000196846464804  0.00000199715142540
  0.00000202566032761  0.00000205397589353  0.00000208196720165  0.00000211082968449
  0.00000213985000543  0.00000216851562471  0.00000219741652230  0.00000222694653678
  0.00000225638579740  0.00000228880102303  0.00000232304614450  0.00000235711197650
  0.00000239120051194  0.00000242519390782  0.00000246121776792  0.00000249807428511
  0.00000253571966490  0.00000257464086591  0.00000261318793274  0.00000265226662607
  0.00000269562481968  0.00000272107413996  0.00000272167372704  1.00000000000000000
  0.00000020660101720  0.00000021480135299  0.00000022157280506  0.00000022856769857
  0.00000023570282720  0.00000024291476118  0.00000025103003207  0.00000025990176903
  0.00000026907098188  0.00000027820696230  0.00000028728085840  0.00000029723541836
  0.00000030928894562  0.00000032402711772  0.00000033888569087  0.00000035414597513
  0.00000036967039406  0.00000038547023044  0.00000040146538150  0.00000041754840054
  0.00000043406513259  0.00000045174024026  0.00000046992389814  0.00000048856400263
  0.00000050725206137  0.00000052656536409  0.00000054620990005  0.00000056605478515
  0.00000058648950599  0.00000060744922989  0.00000062943680112  0.00000065206366380
  0.00000067470930046  0.00000069699606566  0.00000071956520383  0.00000074345246888
  0.00000076824193007  0.00000079219458788  0.00000081556911775  0.00000083935895598
  0.00000086397864653  0.00000088894970378  0.00000091356342212  0.00000093834385945
  0.00000096461859670  0.00000099096586737  0.00000101840102952  0.00000104660520835
  0.00000107514533801  0.00000110293576728  0.00000113226593494  0.00000116460785765
  0.00000119777534422  0.00000123138355209  0.00000126567253392  0.00000130032362811
  0.00000133522741908  0.00000137239658323  0.00000141755827404  0.00000146505305550
  0.00000151327694836  0.00000156272206126  0.00000161361664905  0.00000166983958829
  0.00000173318884026  0.00000180025570622  0.00000186978168995  0.00000194329682736
  0.00000202273501775  0.00000211785403481  0.00000221741153142  0.00000231505990685
  0.00000243058221662  0.00000257609416835  0.00000273579154174  0.00000290644399780
  0.00000309629449174  0.00000334058051718  0.00000364087823786  0.00000397759999006
  0.00000439263401501  0.00000518269829368  0.00000577312299337  0.00000640118402499
  0.00000722317056477  0.00000842364440354  0.00000887528708965  0.00000921905307468
  0.00000955743501690  0.00001027966882111  0.00001163407516882  0.00001307448572063
  0.00001450598415890  0.00001595092404989  0.00001721697407632  1.00000000000000000
  0.00000139869227695  0.00000144768530640  0.00000148301385099  0.00000151829835285
  0.00000155403599315  0.00000158984589143  0.00000162480710931  0.00000166545204753
  0.00000171446978142  0.00000176293687033  0.00000181170156437  0.00000186085165004
  0.00000191070315507  0.00000196196062725  0.00000201783734879  0.00000207810037194
  0.00000214015805663  0.00000220345103204  0.00000226745465851  0.00000233176802466
  0.00000239839673361  0.00000247205007113  0.00000255212758804  0.00000262965804280
  0.00000270631575738  0.00000278109498038  0.00000285771568736  0.00000294211480377
  0.00000304315363411  0.00000314126498550  0.00000323939236977  0.00000333765119467
  0.00000343512437691  0.00000354754935366  0.00000368425094423  0.00000383352435637
  0.00000398289694866  0.00000413123690002  0.00000428246744333  0.00000446238667266
  0.00000465465273299  0.00000485431856318  0.00000506543896019  0.00000529134132858
  0.00000552512986634  0.00000576333472575  0.00000600083145315  0.00000625560577111
  0.00000651049050359  0.00000677790956749  0.00000704901744140  0.00000731918584463
  0.00000761056795404  0.00000795516301568  0.00000830997327195  0.00000867149380739
  0.00000903873066102  0.00000940167034768  0.00000976915389981  0.00001013771083445
  0.00001053871140901  0.00001088848044476  0.00001123440109817  0.00001166868767097
  0.00001211079141683  0.00001262800818189  0.00001327485141302  0.00001393267470513
  0.00001462312640821  0.00001535153248303  0.00001610259263589  0.00001693111762462
  0.00001782618503158  0.00001879427738471  0.00001985960496672  0.00002104054957531
  0.00002209327621018  0.00002287425823453  0.00002450640306447  0.00002757800972847
  0.00003116230064338  0.00003453023016688  0.00003806544583646  0.00004177838260497
  0.00004587212089565  0.00005014612506763  0.00005424722255752  0.00005803976337855
  0.00006050161187499  0.00006265812881760  0.00006492480454978  0.00006717486681078
  0.00006968110730618  0.00007323673625517  0.00007570695367985  1.00000000000000000
  0.00142611059927335  0.00461512600656311  0.00743597683088692  0.00943835623681960
  0.01144861168272195  0.01512509498602628  0.01921755208868119  0.02457047521114948
  0.03073982608403514  0.03685948425435514  0.04318697116641267  0.04991318296022319
  0.05651991733166817  0.06329549290743537  0.07053136184792481  0.07826713623213510
  0.08592854222051173  0.09415673623315197  0.10267413664395882  0.11224702225494691
  0.11661493553755495  0.12138180340515352  0.12661732739426881  0.13221617018438769
  0.13789552661590185  0.14523699289644182  0.15372826001504250  0.16211338780081613
  0.17043992166533109  0.17886092070128695  0.18781129156529611  0.19703456108111067
  0.20557495569331691  0.21475748015010751  0.22447437596145453  0.23429714270851998
  0.24418774007345209  0.25458401313094048  0.26608955988064581  0.27780434931930154
  0.28969872681593678  0.30097978935076458  0.31632194532233765  0.33253538341144240
  0.34591507973316099  0.35854471374222091  0.37074216820710959  0.38206442112860128
  0.39283656340164569  0.40375440132391960  0.41480437468858572  0.42673011969491476
  0.43937808132431627  0.45457190482382742  0.46709392965883889  0.47778571568987943
  0.48870464561288018  0.49979751604571609  0.51099211576550718  0.52311998906637280
  0.53839448704274639  0.55590957841068500  0.57149247553962701  0.58266255775182563
  0.59446190856516301  0.60635488263596715  0.61844836861153196  0.63025022992786039
  0.64191172521623241  0.65327225670657008  0.66412813647962843  0.67453437823474904
  0.68511917160578606  0.69748654463478632  0.71052193668550456  0.72263541407485754
  0.73564878040974657  0.74912616688860356  0.76179644599040708  0.77447643726516135
  0.78738757122645042  0.79992429617065519  0.81204470659797057  0.82511170620725827
  0.83847133969701126  0.85258055144741862  0.86825078759281626  0.88345824708780096
  0.89707411479047139  0.90974931540976511  0.92200542529352936  0.93445893924533507
  0.94812347657593787  0.96403297607524796  0.98173767046615912  1.00000000000000000
 -0.00206341457483983  0.00980449571183965  0.01910685830202942  0.02921081891180183
  0.04001910260944146  0.05149051954799250  0.06255036901482885  0.07265521492720649
  0.08223662022786869  0.09162570791799841  0.09981832991551964  0.10733173447099317
  0.11552453807097594  0.12405864402737818  0.13476885987311144  0.14717916044852056
  0.15998429285573457  0.17286463281345463  0.18543428468135867  0.19803096760307462
  0.21156666431249602  0.22729055918964527  0.24275702530920915  0.25474396106161390
  0.26638012643946074  0.27594957619326982  0.28448682522719876  0.29190722210365727
  0.29809510426064983  0.30681164857411175  0.31803305478990557  0.32892753293772287
  0.33853612200528999  0.34704704861629454  0.35587496786918121  0.36540590638137505
  0.37473469075790139  0.38370200732685428  0.39182442182101418  0.40179885874751875
  0.41303729961322205  0.42428294000631073  0.43483233691167300  0.44659761269522691
  0.45786776551758579  0.46703762791873898  0.47611200429715367  0.48553417925978487
  0.49527379674479721  0.50498730435050898  0.51477093277577313  0.52525361256837899
  0.53753995804404686  0.55010713763909402  0.56210679414205034  0.57205195567757738
  0.58135634671765457  0.59112908175879886  0.60118962324659986  0.61123892073118480
  0.62154302403607498  0.63648963673542203  0.65995009863944021  0.67329236060477848
  0.68604271748288936  0.69859683499231651  0.71103694715982890  0.72359736509960604
  0.73454870265125749  0.74456416467923980  0.75403778869672988  0.76325436474533725
  0.77239163747764383  0.78151313443550074  0.79094468481416946  0.80120717518190077
  0.81172443017728813  0.82206740471862083  0.83167416604609457  0.84026713317869406
  0.84884906059723686  0.85768000791047738  0.86622177440021675  0.87449791287568179
  0.88297375548709700  0.89147204063604324  0.90052369111325714  0.91021788797247083
  0.92156528399259185  0.93620699652669193  0.94743474680529238  0.95772396403283411
  0.96841500088182464  0.97930643966583453  0.98967763848501056  1.00000000000000000
  0.01108203732087819  0.01201017819657767  0.01293831907227714  0.01386645994797661
  0.01506056427481384  0.02036475439844784  0.02566894452208184  0.03097313464571583
  0.04226271740792110  0.05578647062505168  0.06938189690231714  0.08260826729408262
  0.09805593090698764  0.11040214273676451  0.12139658664730719  0.13234089926261730
  0.14347255800092687  0.15503239391814608  0.16764339154486479  0.18314086574136224
  0.19987214938423578  0.21577641882480839  0.23320014091003702  0.25041483082470922
  0.26077515192170159  0.27072187991154273  0.28081521604296139  0.29072740460972624
  0.29957945451426210  0.30803420175070734  0.31741315977536383  0.32784551136601781
  0.33790949593737746  0.34763381994487752  0.35753801321286749  0.36804814035872985
  0.37871864596167687  0.38961491695298928  0.40102859581797584  0.41316939060982144
  0.42651585174590534  0.43957352940739919  0.45124659254409311  0.46148246487151623
  0.47039067658866790  0.47909065405793988  0.48785145342388614  0.49679513096464584
  0.50520909180204288  0.51259912572754618  0.51904950887490542  0.52726389790228623
  0.53687104460187884  0.54744213464018654  0.55837602804469888  0.57421168725473481
  0.59527714160088552  0.61177987576536219  0.62825682040417408  0.64287576179166195
  0.65558001386535170  0.66723165034071852  0.67877857388992868  0.68989305770456855
  0.70111623145293678  0.71300676604514268  0.72580815745100469  0.73611676560565908
  0.74567264050279025  0.75556430528704399  0.76545416359049734  0.77527189244597250
  0.78537836282633855  0.79232294345251664  0.79748706204620123  0.80290494807223600
  0.80831066032128207  0.81351629934038938  0.82266758069406354  0.83261352571158675
  0.83961839808920324  0.84636140404246429  0.85294344404803346  0.86052169957272873
  0.86955180407622179  0.87897434844244049  0.88834884082741483  0.89759077812333177
  0.90769217316378326  0.91849468123270783  0.93165835338487724  0.94687821652025328
  0.96190055168004829  0.97525121013786686  0.98783748635185986  1.00000000000000000
 -0.00001491778827766  0.00003220565959066  0.00007132564299057  0.00007627252439206
  0.00008026282388011  0.00008473046100670  0.00008917545983135  0.00009357318470273
  0.00009796958330163  0.00010236502097466  0.00010664250386740  0.00011088391555810
  0.00011474200861718  0.00011860824515853  0.00012264990687474  0.00012672699636482
  0.00013101002235686  0.00013568997811904  0.00014108754865316  0.00014640706371577
  0.00015176423453347  0.00015715250168674  0.00016204007538156  0.00016692773232262
  0.00017181549709334  0.00017669723825313  0.00018166424996753  0.00018690319269514
  0.00019222859824785  0.00019738623787876  0.00020207472544370  0.00020678435299067
  0.00021150634103956  0.00021671445283065  0.00022207701819834  0.00022875466771490
  0.00023524486527083  0.00024121710556863  0.00024718765459733  0.00025315207540801
  0.00025914305142760  0.00026526924028566  0.00027156850642322  0.00027873600120728
  0.00028606653510994  0.00029358959733524  0.00030032047808653  0.00030681963493127
  0.00031244407608927  0.00031807985856686  0.00032390938167198  0.00032977627506676
  0.00033621944814851  0.00034275377099084  0.00034955238278651  0.00035629750330065
  0.00036299820425280  0.00037051741266758  0.00037835112660871  0.00038627031081269
  0.00039487600637087  0.00040453989533632  0.00041401430277389  0.00042311289523160
  0.00043194480407560  0.00044047350030888  0.00044907826000166  0.00045771812928649
  0.00046636530715691  0.00047501248502734  0.00048334948756793  0.00049111924970233
  0.00049792519235302  0.00050439576209670  0.00050813983178786  0.00051179248293030
  0.00051567989816479  0.00052004599583556  0.00052487336671522  0.00052963204008869
  0.00053372196705470  0.00053783296301828  0.00054279674624976  0.00054784490274063
  0.00055325572526088  0.00055890487808956  0.00056455403091824  0.00057785313257197
  0.00058164949712624  0.00058428412325668  0.00059284340167957  0.00059495287323352
  0.00059719997250858  0.00059958829452242  0.00059958829462301  1.00000000000000000
 -0.00035312241735734  0.00135292152188967  0.00421580488960063  0.00706517952560556
  0.01008479949946480  0.01352479999902558  0.02124781951633888  0.02831797256581767
  0.03515401946426525  0.04224036779192827  0.05261910123237498  0.06273097633575107
  0.07309296870708851  0.08221513500366548  0.08985092450657158  0.09672552492589885
  0.10327846461699590  0.10972413225873917  0.11644211516013482  0.12339318784123611
  0.13010166943934187  0.13569233271676623  0.14050688861717275  0.14528333289654188
  0.15032299077499359  0.15639647353975228  0.16264795494092660  0.16859943392518437
  0.17429376707560010  0.18005478452476237  0.18562149015044704  0.19171824493440418
  0.19804254738673277  0.20444819630416508  0.21069434315950200  0.21682458789310868
  0.22272709555393941  0.22871683095674925  0.23575559278266556  0.24344132480970068
  0.25056876177773685  0.25644003739956378  0.26190887997194046  0.26746709342665043
  0.27326355100293026  0.27940445426691424  0.28529522242123451  0.29094512091366576
  0.29710385176913690  0.30592477463890588  0.45310639367294009  0.63194771906808689
  0.68336913773881269  0.72128479600333339  0.73503610092683869  0.73826418811766581
  0.74515324286729323  0.75168458789830095  0.75768840546999072  0.76369846352027426
  0.76985232434827555  0.77586765637904520  0.78170972174832720  0.78753685784683014
  0.79360081731489063  0.80003991975218236  0.80653985821916130  0.81343590297697776
  0.82120853903034186  0.82945134281066935  0.83710062863001122  0.84438298261577349
  0.85176566506981610  0.85828963540538850  0.86411318437670670  0.86998489557274250
  0.87592303385753123  0.88200719794756344  0.88804828255988988  0.89410609484845815
  0.90020730212593081  0.90616966570881974  0.91193348482362679  0.91817738102968116
  0.92535475756779595  0.93297601444753842  0.94058924071133643  0.94827804202281984
  0.95596297218798088  0.96301644771708572  0.96943309035562808  0.97513123098756538
  0.98100627039574462  0.98682772877825786  0.99337016903141706  1.00000000000000000
  0.72406924099511005  0.72739635142185477  0.73321870053748905  0.74122264202895205
  0.74858880119674487  0.75488621060552918  0.76062371378871596  0.76680975581884314
  0.77207091018384832  0.77632412272183660  0.78051864002652127  0.78465744483085142
  0.78844822489559696  0.79228116355822986  0.79638467945326930  0.80037179913349377
  0.80410138218976634  0.80771873008932182  0.81138000358153539  0.81522691127824698
  0.81916113585113803  0.82282605858614033  0.82628259273404159  0.82966103620495779
  0.83320675176365289  0.83782498625058488  0.84248849022370964  0.84698056248129816
  0.85130621596796108  0.85551744778725691  0.85951162247729440  0.86350659871590196
  0.86746286840138653  0.87136561118997313  0.87505088205247428  0.87837817908588511
  0.88154347954977830  0.88466346895373327  0.88769373843124577  0.89076977216620334
  0.89389818052831871  0.89694787444628787  0.89985430262034327  0.90269790615952239
  0.90551874404662192  0.90826589171644878  0.91090726546513812  0.91348388252904122
  0.91602391035639319  0.91843794200982742  0.92069552652627507  0.92298613313203737
  0.92523350877143840  0.92738532558531483  0.92949090908757748  0.93158767075524829
  0.93376610963512685  0.93596669830054291  0.93814293082162514  0.94022995758163908
  0.94224820639543971  0.94394211276162643  0.94553182389072243  0.94713327295928329
  0.94872731344766192  0.95054577783152372  0.95242268545027453  0.95429252053173030
  0.95617731284960672  0.95808253398787913  0.95996269685019753  0.96178700964057429
  0.96358137963306389  0.96527411283612652  0.96700055219853709  0.96867268324806222
  0.97028636563869231  0.97184337192032100  0.97341604772762969  0.97516221732781205
  0.97708018373239502  0.97909167651031515  0.98110646159093085  0.98312560751822353
  0.98535501533078051  0.98725632166789601  0.98824586460758890  0.98915762617359237
  0.99005765325338790  0.99097444547616609  0.99190535042480354  0.99284453126100602
  0.99436685137873571  0.99688290726004281  0.99809760486904109  1.00000000000000000
  0.28908523118219598  0.31069543686818385  0.32205838862244845  0.33113208442401293
  0.34046763725678403  0.34973270925113459  0.35790730949731592  0.36538723467692885
  0.37295690166716317  0.38044380911600573  0.38795839149217387  0.39500869357556734
  0.40043870269721693  0.40543849515143315  0.41052227853371731  0.41563846710764429
  0.42074154723894830  0.42583926038711351  0.43077916117099524  0.43562710878682459
  0.44032509107199858  0.44495499795148036  0.44955288876502608  0.45407559387158403
  0.45866652702325789  0.46372936931442521  0.46903594782263192  0.47436127662765326
  0.47955364448955562  0.48451527501555341  0.48960321391296308  0.49473448572893802
  0.49969216961380453  0.50383383520138281  0.50776021237976743  0.51168533194264465
  0.51566288157965623  0.51965402166025276  0.52370436249537211  0.52774289113764550
  0.53178067751850444  0.53587014303709968  0.54008141951127786  0.54414076950745216
  0.54803766169268420  0.55183556658558708  0.55543607629205571  0.55898688572007293
  0.56271448653012768  0.56668963157797958  0.57067813671177814  0.57458307731965286
  0.57850815084982565  0.58247723750660374  0.58666735849380180  0.59082290358515022
  0.59495572652469020  0.59901658112342715  0.60315329798221662  0.60778140696065264
  0.61260529520719709  0.61728356198060985  0.62199078885364967  0.62731527725365988
  0.63456801741653568  0.64133679376567532  0.64727738526197243  0.65248939359591063
  0.65775314475805380  0.66309923240248714  0.66822937895881707  0.67131874951670800
  0.67355580705405649  0.67585891531976594  0.67784044149175893  0.67979770345387469
  0.68175959920782436  0.68470550484819936  0.68601684849228028  0.68606450403341257
  0.68639055910573032  0.68646709503210956  0.68649594873191122  0.68652480243171277
  0.68655365613151442  0.68658250983131608  0.68661136353111762  0.69019749217916337
  0.69462416224291579  0.69905083230666809  0.70347750237042050  0.70790417243417281
  0.71233084249792522  0.71675751256167763  0.72118418262542994  1.00000000000000000
   2.6084213530463532E-010  -1.0000000000000000     
  <DiscreteSampler_grid>
  Helicity
  1 # 1 for a reference and 2 for a running grid.
  40 # Attribute 'min_bin_probing_points' of the grid.
  1 # Attribute 'grid_mode' of the grid. 1=='default',2=='initialization'
  0.0000000000000000 # Attribute 'small_contrib_threshold' of the grid.
  0.5000000000000000 # Attribute 'damping_power' of the grid.
 # binID   n_entries weight   weight_sqr   abs_weight
    1   924   3.744541701164470E-009   9.543579324365048E-016   3.744541701164470E-009
    2   203   6.335980528552718E-010   1.092158562722782E-017   6.335980528552718E-010
    3   26   1.286734964756531E-010   1.159950174190094E-019   1.286734964756531E-010
    4   720   3.041091832083518E-009   5.460476787132239E-016   3.041091832083518E-009
    6   553   2.258760876505719E-009   4.261383505853771E-016   2.258760876505719E-009
    8   134   6.505486728118187E-010   1.184855282805358E-017   6.505486728118187E-010
    10   488   2.243194203455456E-009   4.375734872618516E-016   2.243194203455456E-009
    12   189   4.548152343995358E-010   2.094617997709374E-018   4.548152343995358E-010
    13   154   4.930645837524789E-010   1.307725210843194E-018   4.930645837524789E-010
    17   579   2.489382821276951E-009   5.132781290505075E-016   2.489382821276951E-009
    18   788   3.530043727516402E-009   1.946963914958693E-015   3.530043727516402E-009
    20   1251   5.258822350592428E-009   3.309050497569451E-015   5.258822350592428E-009
    22   2076   6.762979524515560E-009   5.537673972429987E-015   6.762979524515560E-009
    23   67   1.938281872069445E-010   2.395722744323818E-019   1.938281872069445E-010
    24   38   1.012663613224462E-010   4.185168458317325E-020   1.012663613224462E-010
    25   132   3.571184247916393E-010   1.681299713779262E-018   3.571184247916393E-010
    26   881   4.142098319355649E-009   2.057392976328732E-015   4.142098319355649E-009
    28   50   1.680062079341891E-010   1.537505709197981E-019   1.680062079341891E-010
    29   1040   4.113926018514582E-009   1.072321435455261E-015   4.113926018514582E-009
    31   758   4.243674909143951E-009   2.404035215601064E-015   4.243674909143951E-009
    32   129   3.262966024793648E-010   6.641963478687041E-019   3.262966024793648E-010
    33   18   6.491724028276445E-011   4.185965103681796E-020   6.491724028276445E-011
    34   226   8.989565755887478E-010   3.290018190280636E-017   8.989565755887478E-010
    35   1349   5.632267191900205E-009   4.280942934716983E-015   5.632267191900205E-009
    36   564   2.364149101742023E-009   6.292008837457676E-016   2.364149101742023E-009
    37   159   5.038415257554801E-010   3.613964318616491E-018   5.038415257554801E-010
    38   621   2.641456995684698E-009   7.464414997402460E-016   2.641456995684698E-009
    39   307   7.504080806158420E-010   7.281193917674162E-018   7.504080806158420E-010
    40   34   7.505767701686357E-011   2.479903093748033E-020   7.505767701686357E-011
    41   1412   6.196925052034950E-009   4.441411136238494E-015   6.196925052034950E-009
    42   577   2.536614648791222E-009   6.765577045774127E-016   2.536614648791222E-009
    43   428   1.833004800868485E-009   2.637435439053931E-016   1.833004800868485E-009
    45   325   1.021117156973753E-009   4.231431145546595E-018   1.021117156973753E-009
    46   739   3.551581314170609E-009   2.420421388207365E-015   3.551581314170609E-009
    47   393   1.232060728524338E-009   7.465695308336723E-017   1.232060728524338E-009
    48   252   1.139877479169644E-009   8.868728696237321E-017   1.139877479169644E-009
    49   1182   5.193985800700111E-009   3.713660041134905E-015   5.193985800700111E-009
    52   843   3.937261670119809E-009   2.065067444542201E-015   3.937261670119809E-009
    53   1020   4.461654030592259E-009   1.634437238434295E-015   4.461654030592259E-009
    54   178   4.515338208850311E-010   1.760135207714490E-018   4.515338208850311E-010
    55   169   7.207076446147211E-010   1.210161873355703E-017   7.207076446147211E-010
    56   422   2.202404927162125E-009   3.923512806728592E-016   2.202404927162125E-009
    57   180   6.554670380525426E-010   5.391261357803512E-018   6.554670380525426E-010
    58   1112   4.725375360775683E-009   1.424550430020610E-015   4.725375360775683E-009
    59   6   3.633398284738432E-011   5.418288171938632E-021   3.633398284738432E-011
    60   33   7.673042811711809E-011   1.929175637706465E-020   7.673042811711809E-011
    62   344   1.315568840319593E-009   1.448643430092373E-016   1.315568840319593E-009
    63   7   2.594037743782704E-011   2.633198283206136E-021   2.594037743782704E-011
  </DiscreteSampler_grid>
  <DiscreteSampler_grid>
  grouped_processes
  1 # 1 for a reference and 2 for a running grid.
  10 # Attribute 'min_bin_probing_points' of the grid.
  1 # Attribute 'grid_mode' of the grid. 1=='default',2=='initialization'
  0.0000000000000000 # Attribute 'small_contrib_threshold' of the grid.
  0.5000000000000000 # Attribute 'damping_power' of the grid.
 # binID   n_entries weight   weight_sqr   abs_weight
    13   10   1.377593058924265E-002   7.389310204393871E-004   1.377593058924265E-002
    14   10   1.377593058924264E-002   7.389310204393852E-004   1.377593058924264E-002
    16   10   2.355642917102721E-003   2.259074948962761E-005   2.355642917102721E-003
    17   10   2.355642917102717E-003   2.259074948962753E-005   2.355642917102717E-003
    22   10   1.377593058924265E-002   7.389310204393873E-004   1.377593058924265E-002
    23   10   1.377593058924263E-002   7.389310204393848E-004   1.377593058924263E-002
    25   10   2.355642917102721E-003   2.259074948962762E-005   2.355642917102721E-003
    26   10   2.355642917102717E-003   2.259074948962753E-005   2.355642917102717E-003
  </DiscreteSampler_grid>
