  0.00000071860715711  0.00000073732446731  0.00000074568495531  0.00000075637675796
  0.00000076710214805  0.00000077792006064  0.00000078887556278  0.00000080008505656
  0.00000081165218264  0.00000082342232036  0.00000083524271645  0.00000084724495380
  0.00000085983294641  0.00000087268534723  0.00000088541954503  0.00000089799005208
  0.00000091063231842  0.00000092338568856  0.00000093638273812  0.00000094981676976
  0.00000096350911776  0.00000097723903635  0.00000099084636806  0.00000100472222342
  0.00000101932945337  0.00000103419998115  0.00000104932529814  0.00000106434240272
  0.00000107957736585  0.00000109505054779  0.00000111091113177  0.00000112649594027
  0.00000114202017167  0.00000115747162015  0.00000117287701425  0.00000118938052245
  0.00000120767960019  0.00000122613589340  0.00000124509775712  0.00000126362158343
  0.00000128218538603  0.00000130081317654  0.00000132000909645  0.00000133952236647
  0.00000135860471573  0.00000137777297416  0.00000139764322104  0.00000141946859507
  0.00000144257543119  0.00000146555136101  0.00000148849430745  0.00000151132443527
  0.00000153441812358  0.00000155788314035  0.00000158201773102  0.00000160625637034
  0.00000163090927819  0.00000165665416204  0.00000168396339938  0.00000171127705435
  0.00000173894822587  0.00000176669969107  0.00000179467670795  0.00000182278896739
  0.00000185098439423  0.00000187938557897  0.00000190773399102  0.00000193566824498
  0.00000196411809210  0.00000199325043242  0.00000202228101761  0.00000205139135536
  0.00000208127801966  0.00000211180125013  0.00000214269221842  0.00000217514125916
  0.00000220763330801  0.00000224067945855  0.00000227287610536  0.00000230614625967
  0.00000233852075912  0.00000237224294775  0.00000240651735612  0.00000244062104092
  0.00000247423327315  0.00000250822666739  0.00000254397354266  0.00000258157425840
  0.00000262164505762  0.00000264065005738  0.00000265766097206  0.00000267536686135
  0.00000269334675259  0.00000271170853286  0.00000271807258350  1.00000000000000000
  0.00000021612896088  0.00000022527633491  0.00000023215682293  0.00000023909196664
  0.00000024605094241  0.00000025638202356  0.00000026644771450  0.00000027655385840
  0.00000028646009586  0.00000029712538031  0.00000030864876327  0.00000032032230612
  0.00000033221284523  0.00000034391971912  0.00000035624692941  0.00000036936001124
  0.00000038320661685  0.00000039732228906  0.00000041176706901  0.00000042665453481
  0.00000044157057105  0.00000045675253594  0.00000047229016494  0.00000048833568321
  0.00000050471573167  0.00000052125789039  0.00000053859287839  0.00000055685313636
  0.00000057574029224  0.00000059468383806  0.00000061375602416  0.00000063227483744
  0.00000065296525248  0.00000067338591559  0.00000069422118005  0.00000071485324183
  0.00000073623260057  0.00000075748965487  0.00000078128438400  0.00000080862743240
  0.00000083448999304  0.00000086117497547  0.00000088815344915  0.00000091521049968
  0.00000094640978433  0.00000098002022624  0.00000101310553772  0.00000104564854734
  0.00000107816540435  0.00000111158116623  0.00000114706366743  0.00000118506032218
  0.00000122482558455  0.00000126542237603  0.00000130576835532  0.00000134763341633
  0.00000139326045339  0.00000144507996087  0.00000149884130074  0.00000155436199865
  0.00000161128680632  0.00000167139106197  0.00000173607059601  0.00000180482715334
  0.00000187620850448  0.00000195150671929  0.00000203441587773  0.00000212532735734
  0.00000222301243766  0.00000232754031184  0.00000244690126914  0.00000258735592033
  0.00000273821622441  0.00000290621722966  0.00000311263749523  0.00000334080165442
  0.00000358406206620  0.00000384457996124  0.00000413397537953  0.00000445937367395
  0.00000480838545762  0.00000514207575801  0.00000552541940670  0.00000595934803755
  0.00000673236034902  0.00000789758336347  0.00000876944933002  0.00000957847056264
  0.00001033290412072  0.00001119152497427  0.00001221905018457  0.00001369683648580
  0.00001638212805478  0.00002116095518731  0.00002688696395845  1.00000000000000000
  0.00000090937997797  0.00000098821902137  0.00000104253209590  0.00000109758309531
  0.00000115123711397  0.00000120306262716  0.00000125428208675  0.00000130446090149
  0.00000135551881405  0.00000140338619245  0.00000144978058760  0.00000149727548759
  0.00000154536559133  0.00000159489576395  0.00000164613234466  0.00000169949826086
  0.00000175356996687  0.00000180686997223  0.00000186004156449  0.00000191479990058
  0.00000197289446311  0.00000203928224307  0.00000210857274977  0.00000217691419854
  0.00000224675962667  0.00000232035707703  0.00000238965284844  0.00000247244524409
  0.00000255773014384  0.00000264257289206  0.00000273228322827  0.00000282747566908
  0.00000292946012221  0.00000304277876739  0.00000315914181640  0.00000327641337672
  0.00000339692054163  0.00000352449387006  0.00000366100350976  0.00000380407329598
  0.00000395315334188  0.00000410844438982  0.00000427368371854  0.00000445058103871
  0.00000463158056114  0.00000481523608784  0.00000500163407679  0.00000520243474165
  0.00000542470075945  0.00000565666379101  0.00000589950582609  0.00000615322516451
  0.00000644395878873  0.00000675902701442  0.00000708246503183  0.00000740255676304
  0.00000776209032630  0.00000814645346892  0.00000854900537021  0.00000897087642058
  0.00000950914175647  0.00001008379883214  0.00001063550753656  0.00001125261758326
  0.00001201024957706  0.00001284147101069  0.00001369459038248  0.00001448055427997
  0.00001532965746505  0.00001613042219556  0.00001697341968480  0.00001786154952517
  0.00001882557559094  0.00001988284909664  0.00002098749919989  0.00002206846575095
  0.00002324544558158  0.00002481068361950  0.00002677068713955  0.00003100645653504
  0.00003445986137683  0.00003602487830778  0.00003755016228490  0.00003930589748567
  0.00004095523685355  0.00004249560206990  0.00004403158426422  0.00004555695269861
  0.00004724419298791  0.00004907872617233  0.00005182478186681  0.00005719193231982
  0.00006438658872408  0.00007500553619939  0.00008953121890682  1.00000000000000000
 -0.00214354903068601  0.00610142645769106  0.01431846965429266  0.02241639004038810
  0.03084149498940914  0.03955442941248961  0.04753865985321470  0.05513564553191584
  0.06263550854941763  0.06970693689793774  0.07665130115555278  0.08357824980752289
  0.09016433957005686  0.09672578957599358  0.10348911279418926  0.11043498894889515
  0.11750799471748395  0.12486749202229269  0.13280447394141420  0.14093388745388280
  0.14921537427457257  0.15773527691673314  0.16636388392581189  0.17468448225368513
  0.18313537125408927  0.19116308500139984  0.19921321918390436  0.20748670093423752
  0.21650462515172966  0.22576987517711600  0.23528033449141855  0.24530146749156517
  0.25604414773051254  0.26711629416570798  0.27742582038852770  0.28734990041158659
  0.29782580390091318  0.30865049117705790  0.31845021451811395  0.32758232236568990
  0.33686403728608566  0.34624890361710187  0.35581275063564377  0.36575350430016307
  0.37650813189560284  0.38882345955439829  0.40113095398987825  0.41209596658648034
  0.42316908604044073  0.43386563214097906  0.44429765431192569  0.45464118585971486
  0.46586953245703622  0.47759981225272824  0.48915750827607452  0.50099341039257961
  0.51306677580207638  0.52495263195231712  0.53670422135383467  0.54790590785095861
  0.55926475566432055  0.57125578529910626  0.58323837845341442  0.59469101162480542
  0.60614514775764083  0.61859507254557600  0.63087978046794801  0.64322936050936441
  0.65585735553084390  0.66824861019762116  0.67962914400236341  0.69083206655868878
  0.70184178574155331  0.71286830361296050  0.72387597421125183  0.73488553505080023
  0.74595218655682982  0.75771732424209315  0.76968647438149651  0.78205170242884570
  0.79408863158065590  0.80518311726875436  0.81624012912446176  0.82755999668901281
  0.83887267656746634  0.84909063045679256  0.86285991704503540  0.87747675294243255
  0.89339946105861168  0.91250807696800007  0.93337182630917304  0.94500840039045553
  0.95905309396566274  0.97269849962938149  0.98617623335678217  1.00000000000000000
 -0.00215470572136513  0.00961407018979154  0.01934635470507282  0.03005065767295617
  0.04101099201002963  0.05225054167231724  0.06382033428395531  0.07611768667355592
  0.08778540127352766  0.09876155381567267  0.10887433549622480  0.11820949420602397
  0.12774297465828177  0.13745015392622531  0.14759710673298856  0.15788898211746311
  0.16872812380689248  0.18138505366964816  0.19427756724593070  0.20693140876801389
  0.21819834850939412  0.22858059305265502  0.23905551370174943  0.24981236053185116
  0.26026602332367998  0.26998467299763484  0.27955623205580460  0.28913591313087789
  0.29923467789589653  0.30988720439730194  0.31982940825972567  0.32980342509550309
  0.34017848635476211  0.35051317362746665  0.36061709988591573  0.37077912424931470
  0.38175495653771885  0.39364335403445816  0.40577519886098717  0.41740683508179588
  0.42819948477018832  0.43840764643659297  0.44823264366369664  0.45782381661112803
  0.46762839337535161  0.47764172329960297  0.48781006594587639  0.49798397932567379
  0.50798715193440513  0.51784943044992815  0.52783201718043238  0.53808290311247509
  0.54859687730081863  0.55920608845711572  0.56953313088925772  0.57960507745410039
  0.58936707563850566  0.59888430531830306  0.60917932889383619  0.62012564425825623
  0.63061370720676835  0.64114869936071128  0.65131157234204107  0.66125068785110275
  0.67043381676110048  0.67915211318556945  0.68801429294675764  0.69813214779946697
  0.70864670138616803  0.71993106226899750  0.73094992932630842  0.74280152967964352
  0.75427130145047872  0.76598327482494255  0.77766433576954930  0.78932659052255993
  0.80103290562931384  0.81221311748928149  0.82254868053261643  0.83260023891312984
  0.84262158937382658  0.85259519710170550  0.86302324280106368  0.87376621504494334
  0.88473128273695367  0.89566354499757495  0.90604850972863127  0.91610835113829514
  0.92587656992605094  0.93597801254208635  0.94684470242970020  0.95823656441137550
  0.96953814476521993  0.98032276029014065  0.99029679950629579  1.00000000000000000
 -0.00272598462326163  0.01055427605234566  0.02164480059901718  0.03142475109599749
  0.04121902816340027  0.05168616222234352  0.06194336958069497  0.07118092685112877
  0.08022404717068975  0.08984582029692552  0.10006687490276753  0.10952596185684786
  0.11861388186640268  0.12804045698013652  0.13766364049728874  0.14721093131180155
  0.15648460076093390  0.16601905019057120  0.17585669813658977  0.18559957081491701
  0.19534172487414850  0.20528482355950306  0.21629254501603881  0.22847996462803138
  0.24216819123209957  0.25518709574617543  0.26568646363636322  0.27487751392334242
  0.28369377833712933  0.29246899078333061  0.30117914167862614  0.31040545786626600
  0.32055272108664906  0.33132029575152172  0.34261041335425446  0.35386461303403499
  0.36472634543559201  0.37517044805670341  0.38473035216931595  0.39413209027855622
  0.40362920782672845  0.41314840245285833  0.42257692649505252  0.43188922919140182
  0.44156966628492283  0.45133411164675219  0.46114121669707148  0.47138953811496520
  0.48135505988186628  0.49244040123697941  0.50355428229568400  0.51645549129343371
  0.52683941437199044  0.53720515664503510  0.54657825642441893  0.55650082039269000
  0.56653585437905307  0.57693777456601902  0.58710868472788569  0.59739954578770427
  0.60836362103401764  0.62044358580487713  0.63142911501771326  0.64234805029344477
  0.65297879558113814  0.66336892506646417  0.67321778126557696  0.68303124523287129
  0.69391957029758544  0.70515008121352230  0.71623864777589741  0.72700619361868735
  0.73860783530617213  0.75075848335886297  0.76289823103535537  0.77410690099520862
  0.78430354098680155  0.79438294115495678  0.80429056038701197  0.81397399011107363
  0.82355923899105188  0.83387736901637810  0.84679594218995557  0.86189845251544273
  0.87625611660301239  0.88909772075732230  0.90122633273488106  0.91296321011212189
  0.92435001770612735  0.93537335601146443  0.94573389715755707  0.95589624604442069
  0.96635285051287334  0.97785379047746190  0.98888342048689548  1.00000000000000000
 -0.00004058216351756 -0.00001695681370535  0.00000666853610685  0.00004071242065631
  0.00007564768211471  0.00008518324138468  0.00009424458466454  0.00010335043230565
  0.00011230651882148  0.00012118374168350  0.00012927512567645  0.00013733154343213
  0.00014545751904906  0.00015357453374805  0.00016137852323765  0.00016918251272724
  0.00017705506515131  0.00018493130821341  0.00019198879004133  0.00019894412784157
  0.00020580637632562  0.00021260812688738  0.00021955191271667  0.00022675786489271
  0.00023417850676009  0.00024234647654508  0.00025054197326012  0.00025878959351485
  0.00026662833728387  0.00027409803321784  0.00028276187561710  0.00029197433399673
  0.00030158394545809  0.00030903158175323  0.00031627528195213  0.00032300892208955
  0.00032976911666003  0.00033657307416309  0.00034312904998062  0.00034951727171202
  0.00035574418248590  0.00036190177088631  0.00036777651516101  0.00037354733919431
  0.00038070959744419  0.00038884549274911  0.00039826170498144  0.00040428932090461
  0.00041003528721070  0.00041578125351678  0.00042153946294411  0.00042735827316680
  0.00043723710097415  0.00045459678951289  0.00046482885383053  0.00047519476158786
  0.00048413037325347  0.00049274319072799  0.00050183395765145  0.00051115064609336
  0.00052118618566434  0.00053261987862414  0.00054560692238925  0.00055706453218126
  0.00056765804656798  0.00057825156095471  0.00058734416721065  0.00059468631414644
  0.00060208319115317  0.00060948843058485  0.00061689367001652  0.00062788252596217
  0.00064872056133066  0.00066274105269865  0.00067466950477953  0.00068276677233303
  0.00069065801729062  0.00069853468678239  0.00070727900229318  0.00076448406333285
  0.00080206375691680  0.00082184118627913  0.00087459091128879  0.00100164441892993
  0.00101875531812449  0.00103469945444210  0.00104665229654296  0.00105968959342982
  0.00107294394454912  0.00112020289832141  0.00113973474574742  0.00115458768702942
  0.00120764886702816  0.00156387142563118  0.00159844423282580  1.00000000000000000
  0.20557920754229930  0.21480970002555216  0.22108567428533596  0.22744778885065869
  0.23299135081824598  0.23846379253766070  0.24386872209386071  0.24933469706624684
  0.25477886708746139  0.26036433471064263  0.26601930296721332  0.27159031977347997
  0.27690472184907233  0.28224153689524240  0.28756552179733286  0.29297534179013729
  0.29866343479798840  0.30449440239324477  0.31043874524387710  0.31663043930980544
  0.32296513672086047  0.32921096962621499  0.33552655208069637  0.34204418235431344
  0.34872117338551706  0.35567936963220415  0.36310961047677554  0.37089161545685290
  0.37890740908202997  0.38728442296725790  0.39547864611223255  0.40316663870005814
  0.41018066593093150  0.41677489298648679  0.42277177747031197  0.42881005698573499
  0.43477959290971718  0.44024128262276024  0.44525020844906893  0.45063550309751604
  0.45662158160589467  0.46305586314024177  0.46964426598221587  0.47602205068490167
  0.48289855585266550  0.48973826528858089  0.49666211801739046  0.50417545903681726
  0.51271943490360639  0.52110815205876282  0.53073916058337556  0.54042425728852683
  0.54918339391377802  0.55749995385433704  0.56517474772817833  0.57204462301628245
  0.57870733765767568  0.58565701496971867  0.59280913707065497  0.59998732065121796
  0.60700236036829247  0.61390835467375771  0.62082667315571960  0.62790541832804991
  0.63509324498470265  0.64222903825491406  0.64910366225670335  0.65577690940845368
  0.66234035500756971  0.66866802933175262  0.67487377790007419  0.68109060032273105
  0.68736784711225241  0.69347639724028387  0.69947685314323005  0.70536381049504759
  0.71165173148659278  0.71814445371337210  0.72461130449808897  0.73078231449131081
  0.73668168455382155  0.74258429426202599  0.74855376690503517  0.75467823284465196
  0.76098012797970027  0.76720667087448247  0.77292325503894288  0.77819697779997443
  0.78389652255150677  0.78763568798701400  0.78773354072805646  0.78779405582480810
  0.78942307540993761  0.79532643335387410  0.80122979129781091  1.00000000000000000
  0.75188850832119325  0.75691748047262286  0.76098171975760609  0.76470416104507599
  0.76824642997261983  0.77194498194092664  0.77588434714802113  0.77976022712666038
  0.78355773405605667  0.78732486675726732  0.79121196926472748  0.79551045228961526
  0.79999335632303181  0.80429356676310881  0.80839388304266724  0.81228660661933383
  0.81611156078878289  0.81999329477284455  0.82406562172929687  0.82827097681239481
  0.83248062322978233  0.83652373103197641  0.84035082358665236  0.84407889911564815
  0.84775948440543103  0.85135052184188142  0.85479789321743660  0.85791861133013092
  0.86106502148319441  0.86419530815529821  0.86726009949778282  0.87025387998342763
  0.87321079628273401  0.87603254082267246  0.87872438301262956  0.88144584440853113
  0.88417583298372160  0.88689602638121945  0.88957870756312452  0.89216386218272858
  0.89470921914760204  0.89702922153961884  0.89921696468253920  0.90141319645366003
  0.90360297569921322  0.90577554132195714  0.90795533755908719  0.91014738093755931
  0.91230335209482205  0.91439311956213265  0.91645848779480821  0.91852787441441863
  0.92061110623844811  0.92266773501100330  0.92470426142952122  0.92672879514650008
  0.92873934590064244  0.93071957362103497  0.93270373030042042  0.93468268610848781
  0.93664198691975065  0.93858751147725639  0.94053486543630493  0.94241068657703808
  0.94422398529869356  0.94603402890778832  0.94787224522233515  0.94976926178325249
  0.95165763820013827  0.95349123972285077  0.95529413883364633  0.95708577366099579
  0.95888922686432154  0.96071709258545801  0.96253130322846858  0.96431535216019204
  0.96599584825646101  0.96747691132610203  0.96891417783064782  0.97027448306695052
  0.97158274417352952  0.97295098623714682  0.97445287645956236  0.97615892764437751
  0.97814341883359601  0.98019258875606818  0.98196941747503341  0.98375486637446174
  0.98556739234256274  0.98755545660457633  0.98966400107338470  0.99179590658078021
  0.99382249876179529  0.99587428820986967  0.99787425512867145  1.00000000000000000
  0.30931994809517865  0.31872843140497320  0.32488744317580531  0.33085790914717950
  0.33698813887463192  0.34335393072310155  0.34957678515555385  0.35556878154666904
  0.36120291836875490  0.36688578922061943  0.37244087234624246  0.37766722385782864
  0.38257897653170020  0.38751755060957965  0.39243194584555580  0.39722686238498484
  0.40198599739944280  0.40662143545915364  0.41111407460395583  0.41547023650963621
  0.41996709221588990  0.42465165478185629  0.42937366660184612  0.43407397983781848
  0.43872837482426424  0.44347381715851469  0.44831840845952553  0.45323333848835301
  0.45814539368847268  0.46294013013344409  0.46765805552731116  0.47229649996108763
  0.47681841219811660  0.48124026691802929  0.48555073710599805  0.48991498407730083
  0.49411274640318276  0.49819030380662238  0.50213125010753445  0.50595789450984441
  0.50981469501121068  0.51368093004904358  0.51763803414022336  0.52174600059038545
  0.52598991627683700  0.53030812794377191  0.53458636860310782  0.53881428213656846
  0.54311684603739607  0.54744450573207359  0.55152058380746416  0.55542845102822480
  0.55930752235385817  0.56360111603017959  0.56819963755460812  0.57260458757819799
  0.57687049646457933  0.58114622466980936  0.58532739616990415  0.58948091179958773
  0.59363147344298572  0.59778457097097648  0.60190788975519149  0.60621873484718625
  0.61058876950077423  0.61489177043797616  0.61914865285353549  0.62336715310306734
  0.62760269638560440  0.63190041844684697  0.63629130085460950  0.64080291503653164
  0.64533519024793418  0.64980824727053799  0.65425633094882851  0.65862817629586334
  0.66294435652363592  0.66724438332444080  0.67155236543499053  0.67578021398753108
  0.68002413100870052  0.68431086629786031  0.68852760186781281  0.69259036572973331
  0.69656526026247789  0.70046301315304560  0.70428576249014940  0.70860409244426170
  0.71336065791740189  0.71888156096796640  0.72330786974826811  0.72698702322847752
  0.73028222185578051  0.73281160270943813  0.73305827776592092  1.00000000000000000
   1.3037000200739231E-010  -1.0000000000000000     
  <DiscreteSampler_grid>
  Helicity
  1 # 1 for a reference and 2 for a running grid.
  40 # Attribute 'min_bin_probing_points' of the grid.
  1 # Attribute 'grid_mode' of the grid. 1=='default',2=='initialization'
  0.0000000000000000 # Attribute 'small_contrib_threshold' of the grid.
  0.5000000000000000 # Attribute 'damping_power' of the grid.
 # binID   n_entries weight   weight_sqr   abs_weight
    1   413   7.566439837579595E-010   6.735150968698530E-017   7.566439837579595E-010
    2   226   3.425095278899272E-010   7.881588142064059E-018   3.425095278899272E-010
    3   10   1.732240830186974E-011   1.085741850685681E-021   1.732240830186974E-011
    4   707   1.536396531232334E-009   1.899316297143043E-016   1.536396531232334E-009
    5   614   1.201205192688078E-009   9.875538528319356E-017   1.201205192688078E-009
    6   103   1.821721031596957E-010   2.444190053586939E-019   1.821721031596957E-010
    7   154   2.184309879101838E-010   4.105629322870120E-019   2.184309879101838E-010
    8   310   5.939260253497662E-010   2.993903916837188E-017   5.939260253497662E-010
    9   516   1.024318808862969E-009   8.788900675862279E-017   1.024318808862969E-009
    11   275   6.027801603510419E-010   2.398081659075377E-017   6.027801603510419E-010
    12   291   7.025579097687541E-010   3.098696280730582E-017   7.025579097687541E-010
    13   933   2.003812608680590E-009   4.055517808308049E-016   2.003812608680590E-009
    15   871   1.306507178691697E-009   5.477519380466984E-017   1.306507178691697E-009
    17   80   9.832279947436029E-011   1.008552558891365E-019   9.832279947436029E-011
    20   1074   2.290779187896374E-009   5.052643414942082E-016   2.290779187896374E-009
    22   409   4.739418416060200E-010   3.419068370591114E-018   4.739418416060200E-010
    24   98   1.409592251505630E-010   2.537739615067463E-019   1.409592251505630E-010
    25   219   3.219667779471762E-010   1.636571893393335E-018   3.219667779471762E-010
    26   312   4.674371702867582E-010   1.689465138994816E-017   4.674371702867582E-010
    27   512   1.094961986973020E-009   9.713552827733762E-017   1.094961986973020E-009
    28   135   1.550076116705234E-010   9.419227254469651E-020   1.550076116705234E-010
    29   1138   2.086758594549817E-009   2.693260117494418E-016   2.086758594549817E-009
    31   500   9.290256317797888E-010   8.382249797736753E-017   9.290256317797888E-010
    32   563   1.175666787805788E-009   1.220665936606975E-016   1.175666787805788E-009
    33   248   4.570203897418868E-010   1.558020359957457E-017   4.570203897418868E-010
    34   1073   2.215706985930916E-009   6.157990751420731E-016   2.215706985930916E-009
    35   628   1.170954017736571E-009   8.558365708245858E-017   1.170954017736571E-009
    36   182   2.122384129877295E-010   3.778836645489790E-019   2.122384129877295E-010
    37   100   1.785176456997310E-010   8.207116799716033E-019   1.785176456997310E-010
    38   979   2.078137857162901E-009   6.940509829877445E-016   2.078137857162901E-009
    39   1447   3.052081872530372E-009   6.879340166004673E-016   3.052081872530372E-009
    40   714   1.463193389921992E-009   1.538150973524973E-016   1.463193389921992E-009
    41   190   2.164002167674001E-010   2.697282641605174E-019   2.164002167674001E-010
    42   730   1.499079205016313E-009   4.058590160202093E-016   1.499079205016313E-009
    44   5   8.726124195194042E-012   3.370316182945623E-022   8.726124195194042E-012
    45   805   1.608596013640435E-009   3.383256050153641E-016   1.608596013640435E-009
    46   670   1.280777619405309E-009   1.786249049657398E-016   1.280777619405309E-009
    47   622   1.311735074124918E-009   2.668404899913329E-016   1.311735074124918E-009
    48   679   1.416426896772499E-009   2.273381138009448E-016   1.416426896772499E-009
    49   1243   2.317084592672281E-009   4.194457939743420E-016   2.317084592672281E-009
    50   821   1.841175615567389E-009   2.866363970410947E-016   1.841175615567389E-009
    51   142   1.663020871386140E-010   1.970473927910941E-019   1.663020871386140E-010
    53   672   1.168129147264770E-009   1.155204350429678E-016   1.168129147264770E-009
    54   706   1.584507050865186E-009   1.585130710649948E-016   1.584507050865186E-009
    55   759   1.785686078977300E-009   3.017892290889219E-016   1.785686078977300E-009
    56   810   1.555158670805702E-009   4.233866046762106E-016   1.555158670805702E-009
    57   1243   2.512829701348436E-009   6.336652840532843E-016   2.512829701348436E-009
    58   568   1.104288723102237E-009   1.475020071038345E-016   1.104288723102237E-009
    59   123   1.824911944799210E-010   8.997051855222413E-019   1.824911944799210E-010
    60   1547   3.037196733799544E-009   4.614175205274084E-016   3.037196733799544E-009
    61   523   1.035703773782533E-009   1.111768151913084E-016   1.035703773782533E-009
    62   722   1.496163422110761E-009   3.340621398006071E-016   1.496163422110761E-009
    63   351   5.618502892269607E-010   1.701485077062767E-017   5.618502892269607E-010
    64   345   5.955500113526264E-010   1.137158986519020E-017   5.955500113526264E-010
  </DiscreteSampler_grid>
  <DiscreteSampler_grid>
  grouped_processes
  1 # 1 for a reference and 2 for a running grid.
  10 # Attribute 'min_bin_probing_points' of the grid.
  1 # Attribute 'grid_mode' of the grid. 1=='default',2=='initialization'
  0.0000000000000000 # Attribute 'small_contrib_threshold' of the grid.
  0.5000000000000000 # Attribute 'damping_power' of the grid.
 # binID   n_entries weight   weight_sqr   abs_weight
    13   10   2.175264272215803E-001   1.403596651797812E-001   2.175264272215803E-001
    14   10   2.175264272215804E-001   1.403596651797813E-001   2.175264272215804E-001
    16   10   1.374727082429443E-002   5.642855633765092E-004   1.374727082429443E-002
    17   10   1.374727082429443E-002   5.642855633765094E-004   1.374727082429443E-002
    22   10   2.175264272215803E-001   1.403596651797812E-001   2.175264272215803E-001
    23   10   2.175264272215804E-001   1.403596651797812E-001   2.175264272215804E-001
    25   10   1.374727082429443E-002   5.642855633765088E-004   1.374727082429443E-002
    26   10   1.374727082429443E-002   5.642855633765094E-004   1.374727082429443E-002
  </DiscreteSampler_grid>
