  0.00000072010767645  0.00000072520471526  0.00000073671498883  0.00000074587822488
  0.00000075385574006  0.00000076218788335  0.00000077148980613  0.00000078167684383
  0.00000079452764416  0.00000080844757669  0.00000082236280680  0.00000083656960876
  0.00000085078320839  0.00000086597762432  0.00000088133293098  0.00000089686014819
  0.00000091244980384  0.00000092800142293  0.00000094331633032  0.00000095885884059
  0.00000097489550739  0.00000099108670158  0.00000100709505959  0.00000102278737192
  0.00000103826743003  0.00000105401821870  0.00000106991879925  0.00000108601901916
  0.00000110221896027  0.00000111844287032  0.00000113458798307  0.00000115073297933
  0.00000116675970529  0.00000118294150394  0.00000119917920052  0.00000121571685698
  0.00000123153380991  0.00000124796836076  0.00000126503895501  0.00000128294679725
  0.00000130129475571  0.00000132003149983  0.00000133920001326  0.00000135821520397
  0.00000137647122108  0.00000139498982384  0.00000141439332953  0.00000143400365805
  0.00000145400717908  0.00000147454291801  0.00000149572536459  0.00000151749889330
  0.00000153951858948  0.00000156164643420  0.00000158377967149  0.00000160600268783
  0.00000162802986576  0.00000165111399374  0.00000167556213212  0.00000170083963887
  0.00000172690159348  0.00000175381233490  0.00000178121933887  0.00000180892573802
  0.00000183637035183  0.00000186377622051  0.00000189164462360  0.00000191992879471
  0.00000194881485339  0.00000197742277427  0.00000200558171606  0.00000203364989735
  0.00000206125125706  0.00000208887996132  0.00000211609689513  0.00000214389283084
  0.00000217195170753  0.00000220041563211  0.00000222847571449  0.00000225692665471
  0.00000228596653636  0.00000231639037527  0.00000234755686792  0.00000237843980727
  0.00000240944896708  0.00000244022775521  0.00000247147892696  0.00000250354325772
  0.00000253612930687  0.00000256868727384  0.00000260118510125  0.00000263457443267
  0.00000266747841924  0.00000270516480369  0.00000271010424377  1.00000000000000000
  0.00000021836018516  0.00000025294676757  0.00000027515880858  0.00000029409045588
  0.00000031561485551  0.00000033748307933  0.00000035607094347  0.00000039008946096
  0.00000042350790278  0.00000045245058287  0.00000047793383563  0.00000050745764055
  0.00000053685402868  0.00000056692939489  0.00000059777733529  0.00000062876515684
  0.00000065888305789  0.00000068825406999  0.00000071930880524  0.00000074802570921
  0.00000076631038336  0.00000078576218341  0.00000080614837635  0.00000082657218822
  0.00000084711691010  0.00000087408404488  0.00000091061665712  0.00000094724049225
  0.00000098807111322  0.00000102914945258  0.00000107157186030  0.00000111059896543
  0.00000115777665520  0.00000120714970096  0.00000125758141123  0.00000130856045034
  0.00000136438038242  0.00000142399029080  0.00000148652548508  0.00000155136739200
  0.00000161801109933  0.00000168422993469  0.00000174934416293  0.00000181701963146
  0.00000188430325529  0.00000195102523382  0.00000202136967024  0.00000209818723777
  0.00000218296570185  0.00000226915285371  0.00000235414017261  0.00000243994132510
  0.00000252672587787  0.00000261741174957  0.00000271002127409  0.00000280702963050
  0.00000291092216158  0.00000302940379208  0.00000315446359336  0.00000328407833126
  0.00000341616158029  0.00000355480246747  0.00000372008980509  0.00000389081016080
  0.00000406503828801  0.00000425658573877  0.00000452117303769  0.00000483790907011
  0.00000519010731089  0.00000566247875860  0.00000618541599681  0.00000670407340753
  0.00000725547437968  0.00000773766220338  0.00000820914110041  0.00000873414027308
  0.00000930278338256  0.00000992581546013  0.00001048807581022  0.00001103593978242
  0.00001163405592800  0.00001231464623342  0.00001307169748431  0.00001415603166394
  0.00001574924098623  0.00001710709228981  0.00001863653510468  0.00002046769388068
  0.00002285456145927  0.00002561656339348  0.00002812150453018  0.00003213221070773
  0.00003739562637305  0.00006002667483651  0.00018720208911151  1.00000000000000000
  0.00000020987354965  0.00000023403601498  0.00000025135815624  0.00000026950162327
  0.00000028822263355  0.00000030721150036  0.00000032939960174  0.00000035055807413
  0.00000037208915291  0.00000039422332383  0.00000041579120835  0.00000043779361479
  0.00000046255984063  0.00000048702837807  0.00000051407713416  0.00000054294635031
  0.00000057415282081  0.00000060664692986  0.00000063806293083  0.00000066701332775
  0.00000069499776909  0.00000072336813561  0.00000075187784110  0.00000078063974197
  0.00000081059686841  0.00000084061260676  0.00000087069042578  0.00000090174769135
  0.00000093341306475  0.00000096564294820  0.00000099943043254  0.00000103278511220
  0.00000106427844256  0.00000109493202794  0.00000112792268223  0.00000116562767107
  0.00000120534421769  0.00000124507756439  0.00000128615574116  0.00000131864376681
  0.00000134417528928  0.00000137346127973  0.00000140348209761  0.00000143315795637
  0.00000147545323267  0.00000152643126732  0.00000157798184051  0.00000162742908934
  0.00000168464409287  0.00000174773522699  0.00000181253065772  0.00000187965887081
  0.00000194453568037  0.00000202839260696  0.00000212789726288  0.00000223123090669
  0.00000233975770858  0.00000245926831664  0.00000259051864320  0.00000272446852849
  0.00000285858520563  0.00000301639792484  0.00000318403340083  0.00000336342809206
  0.00000355896308515  0.00000378683771664  0.00000402670947876  0.00000427243179241
  0.00000456312904728  0.00000487315991264  0.00000521249983891  0.00000558418992054
  0.00000598942125602  0.00000643976936462  0.00000694572422871  0.00000749587679865
  0.00000813556886585  0.00000880957944643  0.00000950950521127  0.00001026834139605
  0.00001103411632955  0.00001179960852956  0.00001260589082379  0.00001364651899390
  0.00001490744377455  0.00001634563287704  0.00001829142974537  0.00002092689935366
  0.00002428881356078  0.00002809627419320  0.00003214350573583  0.00003633667930731
  0.00004186455056465  0.00005969605044550  0.00008802258214198  1.00000000000000000
 -0.00113938048491177  0.00420127513265834  0.00883959810095231  0.01381908584491202
  0.01902581319689017  0.02414025503074193  0.02934053824010158  0.03438704304956598
  0.03946886546468842  0.04466337567825138  0.05039776537516542  0.05630637173409020
  0.06255236912773646  0.06956884137241233  0.07665741018425716  0.08413869733332308
  0.09238007217585968  0.10107843774171417  0.10965274669650546  0.11824354469646089
  0.12718691840424723  0.13646929425519244  0.14543906410416488  0.15302913650043801
  0.15993290795010257  0.16657245669007681  0.17310969831918732  0.18022506760465362
  0.18751973479355893  0.19473497950384999  0.20179829601378924  0.20851145268736682
  0.21706896267321887  0.22570414805904077  0.23542486605866442  0.24445453583277399
  0.25750483468491242  0.26990678716013117  0.28024742205176689  0.28974796523227436
  0.29930652845497840  0.30893240411318074  0.31814997474101031  0.32706336165649896
  0.33693519741513167  0.34738925050295483  0.35750728151555022  0.36754153201056050
  0.37870186836279368  0.39121658104460633  0.40364257970914585  0.41668779684047003
  0.43186710307151677  0.44339428978831935  0.45129571540368840  0.45946105108073687
  0.46730131284349075  0.47481315081371828  0.48434192448664015  0.49771756079466922
  0.51122690945838245  0.52618508532588981  0.54192902933472409  0.55857962665820504
  0.57478975761277495  0.59088079272236749  0.60667406752531139  0.62173011839764636
  0.63497721402853147  0.64755198587405394  0.66045485389536207  0.67505385641404270
  0.68992956953385620  0.70572079106437646  0.72280179349691054  0.73689864211737377
  0.74912755747758242  0.76115387459905137  0.77340016294106340  0.78609824538235573
  0.80106640832683507  0.81873648080461148  0.83589328165058219  0.85238739605394487
  0.86799356538366079  0.88113859055504851  0.89164377050033061  0.90211144250787689
  0.91228440868010252  0.92263349668780048  0.93255869170756378  0.94446483508214607
  0.95805801499376342  0.97219346499157877  0.98604332950213447  1.00000000000000000
 -0.00022469980499350  0.00034872292440717  0.00092214565380784  0.00187491193919720
  0.00335342724976443  0.00569383351049681  0.01044148730756260  0.01553688938802089
  0.02461889133903839  0.03655826378044624  0.04881229460679224  0.06132859874555771
  0.07417379656095474  0.08711723528595790  0.09889928621066835  0.10566857580988553
  0.11226235776068179  0.11836785386195398  0.12436906828088158  0.13200659755406105
  0.14191166456505014  0.15178871908732719  0.16143691936310176  0.17178452772013675
  0.18290801202646056  0.19470488372284500  0.20659328909173835  0.22110660872881474
  0.23825658878848965  0.25424853280003806  0.26740175612651457  0.28021150120894894
  0.29250852954008777  0.30373161036721075  0.31514620347539107  0.32699357122774941
  0.33867679691937796  0.34978652406185257  0.36128253306038777  0.37354280168523435
  0.38525999563792696  0.39636551210636028  0.40513381197224929  0.41389357720803854
  0.42264666197790413  0.43070540843095256  0.43883828101759076  0.44827352850807284
  0.45825172320828694  0.46830769143419992  0.47795427950424302  0.48738441566253848
  0.49714151246571187  0.50649584474067721  0.51541019031644586  0.52506073966416644
  0.53474712029574933  0.54434700750932630  0.55397752266542954  0.56426012208567577
  0.57482764246839024  0.58552887711683976  0.59617632987476654  0.60613498354129403
  0.61584100547366660  0.62702410816680021  0.64051350508644012  0.65375590632692981
  0.66667399214407375  0.68039196072024777  0.69453923992258793  0.70878126832019117
  0.72313602154176648  0.73434219365183517  0.74285908222283936  0.75221971261514875
  0.76146163695813507  0.77074336964216195  0.78011011667102370  0.78866796121286309
  0.80183656848121809  0.81967808445844703  0.83576672051669343  0.84834043917399071
  0.86101667744071808  0.87340304064011298  0.88555256853493836  0.89812333235844655
  0.91156287094312893  0.92514138604273410  0.93860637217368803  0.95142379346195050
  0.96376957625171855  0.97575191837752540  0.98768379275547857  1.00000000000000000
 -0.00005610601837324  0.00621089454612243  0.01174291511324941  0.01623862611367100
  0.01803972542197239  0.02209284578321731  0.03092595513986382  0.03992460426848485
  0.04923164888522175  0.05858862861898181  0.06777624666426413  0.07709587310808387
  0.08640756275004374  0.09551484124799760  0.10464520601825258  0.11359295699170920
  0.12253685779085438  0.13027369245917550  0.13717173281175712  0.14421087468860047
  0.15206376536017996  0.16044333809713143  0.16848144430173992  0.17650205309207809
  0.18385640409655266  0.19391900306922283  0.20769754420125125  0.22033428505663438
  0.23313369958888333  0.24616570705306079  0.25815378360538566  0.26970038081690845
  0.27969475835528779  0.28968799182611688  0.29923066721986119  0.30820094626343697
  0.31764359955263261  0.32695110672449557  0.33694077811971712  0.34766538772247202
  0.35920063850620004  0.37206987715226181  0.38422941780536207  0.39715445065245303
  0.41122894209286026  0.42561753815926961  0.43911808261176299  0.45133902725973812
  0.46283325513902995  0.47445722267539903  0.48621236264763518  0.49755368070948597
  0.51017732597177012  0.52244311719350178  0.53386035989735714  0.54453607296473661
  0.55429924684750576  0.56398409274998085  0.57366930969669272  0.58313433016908378
  0.59259399632470589  0.60184355986465243  0.61284096525978293  0.62553402709609829
  0.63824651036839919  0.65149463508194960  0.66505284848240176  0.67812522481454052
  0.69114122557121105  0.70428352536769867  0.71676728234531095  0.72716495516674351
  0.73535243071423928  0.74408293475761933  0.75315662053649346  0.76271677938457516
  0.77355427590990256  0.78582004989081145  0.79786872289410882  0.80939977446642608
  0.82095000444223287  0.83254510821169447  0.84491290368493033  0.85722882093307784
  0.86952340300442033  0.88189479564679629  0.89352624995767682  0.90443477102386227
  0.91527384511337717  0.92719548873957325  0.93993296941690463  0.95231906325438442
  0.96433285982055850  0.97685386362436011  0.98848769216513355  1.00000000000000000
 -0.00000475073544621 -0.00000209093485414  0.00000056886573794  0.00000322866633002
  0.00000910885602216  0.00001862297509076  0.00002813709415937  0.00003763670450659
  0.00004678242273615  0.00005592814096570  0.00006504618937590  0.00006599614042123
  0.00006694609146656  0.00006790396633233  0.00006890348642911  0.00006990300652588
  0.00007090939582734  0.00007192393548311  0.00007293847513889  0.00007394209174720
  0.00007494288922732  0.00007594532424894  0.00007696321478260  0.00007798110531625
  0.00007899616941155  0.00008000766632398  0.00008101916323641  0.00008201778627608
  0.00008301259784043  0.00008400994782488  0.00008504986859615  0.00008608978936742
  0.00008709214404911  0.00008805017881954  0.00008900821358996  0.00008973290987505
  0.00009032591524487  0.00009091892061469  0.00009151192598451  0.00009210605095418
  0.00009271236607448  0.00009331868119478  0.00009392499631508  0.00009453131143538
  0.00009516485143321  0.00009581444943278  0.00009646404743235  0.00009711364543192
  0.00009806478153355  0.00009935496247033  0.00010064196441055  0.00010192371432787
  0.00010315467214719  0.00010424804015789  0.00010534140816859  0.00010668002595403
  0.00010808030699972  0.00010954227089055  0.00011099054562858  0.00011178721372564
  0.00011258388182271  0.00011338054991977  0.00011397074142636  0.00011444645733143
  0.00011492217323650  0.00011539788914157  0.00011587360504664  0.00011634932095171
  0.00011682495956040  0.00011730059537658  0.00011777623119275  0.00011825186700893
  0.00011872750282510  0.00011923093134561  0.00011980375009999  0.00012037656885437
  0.00012094938760875  0.00012152220636313  0.00012411702254894  0.00014387269565145
  0.00014843564199946  0.00015262622740022  0.00015379516412986  0.00015496410085949
  0.00015613303758913  0.00015730197431877  0.00015847091104841  0.00015963974652542
  0.00016080851734184  0.00016197728815826  0.00016734756987873  0.00018560245233055
  0.00018560245241733  0.00018560245249098  0.00018560245250098  1.00000000000000000
  0.19621773303536591  0.21404701033769985  0.22718320856881719  0.23876859460316474
  0.24907056470885713  0.25759564263737894  0.26502793164097388  0.27280837063679875
  0.27919481174099930  0.28506702779639742  0.29036446330586607  0.29470245013633839
  0.29809839189944737  0.30341703181218255  0.30987060796508242  0.31576297380100465
  0.32113054405487329  0.32655001307115411  0.33195837156701236  0.33726815191702592
  0.34233351733576683  0.34719372995218351  0.35188751271203178  0.35691224575642017
  0.36214130625090540  0.36714192553761560  0.37195354495668875  0.37694424114415448
  0.38235138475631686  0.38787333495305620  0.39336004812006686  0.39917960142192604
  0.40533377514958069  0.41169596085451016  0.41820548412566888  0.42651206037044564
  0.43439242487660107  0.44158509993317369  0.44853707753021416  0.45538019426675208
  0.46219101140519014  0.46896154556614056  0.47567023855931456  0.48190693330389173
  0.48744185184717964  0.49314313100444879  0.49888331375737360  0.50407181484187646
  0.50912351761467045  0.51428036468888405  0.51940517048414148  0.52429043376121642
  0.52895183636524412  0.53358719083985773  0.53821074786526724  0.54296540197163234
  0.54769077501470242  0.55256047226667659  0.55750846372067231  0.56211338682244982
  0.56643751801466913  0.57072824272907452  0.57511576168282519  0.57952858101063309
  0.58394952685465329  0.58859535998030443  0.59350634431722005  0.59841384269761055
  0.60330269851939744  0.60815931112630806  0.61285632718040528  0.61746902499774270
  0.62197394685496044  0.62722255831106677  0.63330484307071699  0.63980488168358129
  0.64609590036846831  0.65198822622666597  0.65777803162402593  0.66358734651943385
  0.66981391061133799  0.67636320551522910  0.68287480617792917  0.68927452671841072
  0.69560215577850082  0.70222530132468064  0.70963542777427735  0.71807873077782325
  0.72675621802121804  0.73550978919546506  0.74453018190903275  0.75666657204308885
  0.77226688073505267  0.79156477628613486  0.80862930839522373  1.00000000000000000
  0.73574589183943251  0.73772432219642814  0.73958040386662793  0.74145656599879572
  0.74329917813809465  0.74511482046351030  0.74693706026595241  0.74888223869048609
  0.75031866786864565  0.75119170783040412  0.75204818300168341  0.75289740259636284
  0.75362022258700578  0.75655838771315898  0.75992702323657613  0.76308475512313600
  0.76617623737099039  0.76932725178413686  0.77250413853518018  0.77564792868831378
  0.77877106282854391  0.78195736183497122  0.78544634960213400  0.78904826781640502
  0.79249342898506459  0.79572343872146512  0.79887208002604693  0.80196139210594863
  0.80507066714383479  0.80824425515772136  0.81138607209717684  0.81438728388957493
  0.81727385849632761  0.82013835770522592  0.82299717355737878  0.82586142695511056
  0.82874884106364000  0.83164255102717421  0.83454421744695506  0.83738361966106134
  0.84016733145955136  0.84291839877670327  0.84574671953584413  0.84860744141306743
  0.85141029987662009  0.85419562731614973  0.85703052452943307  0.85995497309321378
  0.86294216889809461  0.86592670952434347  0.86884195042703583  0.87177179199555110
  0.87471283063859329  0.87777817107045564  0.88077331009390414  0.88376589180283793
  0.88677021615677876  0.88976021402807492  0.89274832768082013  0.89569086429298617
  0.89837069277789539  0.90088354960112471  0.90336331441107742  0.90592558931460798
  0.90861400287606231  0.91135967646211802  0.91417516345125038  0.91690425337486459
  0.91936280287520766  0.92172597433592118  0.92413851380676360  0.92665507315269557
  0.92923501798178065  0.93180631958525817  0.93431661756850448  0.93679875979684357
  0.93925506777324597  0.94171556367971898  0.94419817121546290  0.94673973085736529
  0.94933176810490849  0.95173135343495663  0.95393899621738054  0.95607701172983095
  0.95826691655577334  0.96098577555923304  0.96333470782930286  0.96552733250863332
  0.96776704187846507  0.97022548170915435  0.97326070319709168  0.97667132283695324
  0.98036604712398556  0.98698420353822247  0.99376951198671792  1.00000000000000000
  0.25549452108557907  0.27122255011092489  0.28695057913627070  0.30267860816161651
  0.31795321755609107  0.31951508810475476  0.32107695865341851  0.32263882920208220
  0.32734841957123889  0.33284123936121351  0.34021134207140885  0.34769982972675495
  0.35479548294035401  0.36159188327966135  0.36824157665046742  0.37482831929964400
  0.38129615554870339  0.38781039804224726  0.39439899405139967  0.39878145627092565
  0.40212499809516378  0.40561123232525631  0.40912398831938490  0.41397698605539740
  0.41986678690972717  0.42563056645194458  0.43131318734852697  0.43704137273081861
  0.44271733376345762  0.44819152104588184  0.45374746932506921  0.45932427004167498
  0.46482134845393536  0.47017973692281145  0.47548907434269999  0.48071824543751179
  0.48594165113378490  0.49121998550460477  0.49642865746835224  0.50153018758209766
  0.50655159516731119  0.51126616397922275  0.51587768670026768  0.52067278683598472
  0.52603524793381862  0.53165399858004458  0.53753280397681547  0.54302964846263591
  0.54833798345753137  0.55339757410658408  0.55889370715146502  0.56416563392839070
  0.56907583550426655  0.57376428387611211  0.57842428320054728  0.58310459827806060
  0.58775894052247890  0.59234906307379753  0.59686515369081539  0.60138231270933973
  0.60569378866573642  0.60973647341154791  0.61379890118495140  0.61783931353972765
  0.62193678052713763  0.62590675562601539  0.62965789103072989  0.63327171997472587
  0.63688168910802878  0.64058074303294366  0.64440831287210598  0.64808673729026811
  0.65154418902732314  0.65496995020929405  0.65836373715928220  0.66187391614997704
  0.66537928876149355  0.66891762579306702  0.67238047208966034  0.67574865218054825
  0.67897076676855816  0.68214863223476185  0.68531412479037912  0.68616444269817811
  0.68652187560025102  0.68972836939000415  0.69454966026999243  0.69925627829303205
  0.70327270911336270  0.70500344386025871  0.70673417860715460  0.70790755589147536
  0.70829137394991626  0.70867519200835705  0.70905901006679795  1.00000000000000000
   4.9301627055880905E-010  -1.0000000000000000     
  <DiscreteSampler_grid>
  Helicity
  1 # 1 for a reference and 2 for a running grid.
  40 # Attribute 'min_bin_probing_points' of the grid.
  1 # Attribute 'grid_mode' of the grid. 1=='default',2=='initialization'
  0.0000000000000000 # Attribute 'small_contrib_threshold' of the grid.
  0.5000000000000000 # Attribute 'damping_power' of the grid.
 # binID   n_entries weight   weight_sqr   abs_weight
    2   556   4.998041018517356E-009   4.019875424273656E-015   4.998041018517356E-009
    3   1823   1.579428693415681E-008   3.067932432075613E-014   1.579428693415681E-008
    4   1296   1.230038108778337E-008   1.753668752205239E-014   1.230038108778337E-008
    6   157   1.439149641245259E-009   7.950708272329579E-017   1.439149641245259E-009
    8   644   5.793323343705954E-009   3.507726784904606E-015   5.793323343705954E-009
    9   293   2.634825480262757E-009   5.196978002050146E-016   2.634825480262757E-009
    12   500   4.124627282641694E-009   1.083802405858183E-015   4.124627282641694E-009
    13   465   3.458504550845186E-009   5.879602421573067E-016   3.458504550845186E-009
    15   121   9.119954695975811E-010   6.892467612334474E-018   9.119954695975811E-010
    16   801   7.162841487530364E-009   7.195336745113794E-015   7.162841487530364E-009
    18   398   3.228919899715027E-009   8.370507479529039E-016   3.228919899715027E-009
    20   326   2.987790214707043E-009   3.474925836354053E-016   2.987790214707043E-009
    21   338   3.134735315885430E-009   9.517647144614883E-016   3.134735315885430E-009
    22   517   4.983025906478063E-009   1.518912812783208E-015   4.983025906478063E-009
    23   515   4.615611603783029E-009   1.443664080623877E-015   4.615611603783029E-009
    24   591   5.607871479043658E-009   2.181032413574932E-015   5.607871479043658E-009
    25   336   2.622736297992398E-009   4.249423071793074E-016   2.622736297992398E-009
    28   315   2.675224396631107E-009   1.893693136648561E-016   2.675224396631107E-009
    29   874   8.664496843952864E-009   1.074591355890558E-014   8.664496843952864E-009
    34   645   6.123130908746432E-009   2.201988012109323E-015   6.123130908746432E-009
    36   678   5.042691776352469E-009   9.113847370287664E-016   5.042691776352469E-009
    38   551   5.472296830903089E-009   2.509308252421422E-015   5.472296830903089E-009
    39   352   3.561766562713732E-009   7.557701746157174E-016   3.561766562713732E-009
    40   478   4.956913850145170E-009   3.297165942727293E-015   4.956913850145170E-009
    41   251   2.349534406018620E-009   3.092165348642027E-016   2.349534406018620E-009
    44   237   2.383620520955884E-009   3.944247036988340E-016   2.383620520955884E-009
    45   744   6.706081163264749E-009   3.121900440536851E-015   6.706081163264749E-009
    47   315   2.997655401993854E-009   3.341170167240740E-016   2.997655401993854E-009
    48   328   3.279065137944645E-009   9.381182020835640E-016   3.279065137944645E-009
    49   1181   1.107450065845493E-008   1.605452633338662E-014   1.107450065845493E-008
    50   167   1.063051061186626E-009   1.244707609121574E-017   1.063051061186626E-009
    51   740   6.451104686291226E-009   3.077857833230644E-015   6.451104686291226E-009
    52   64   3.933099467344383E-010   7.387380695470425E-019   3.933099467344383E-010
    53   123   7.953661651418511E-010   1.687802005312509E-017   7.953661651418511E-010
    55   443   3.639086092163660E-009   4.466254651829989E-016   3.639086092163660E-009
    56   948   9.092102261537432E-009   9.930822123952828E-015   9.092102261537432E-009
    57   2550   2.432735194473314E-008   2.808664804321452E-013   2.432735194473314E-008
    58   719   6.752019664137307E-009   5.595288739831762E-015   6.752019664137307E-009
    59   272   1.946147334430208E-009   1.322193273101836E-016   1.946147334430208E-009
    60   329   3.059869241988041E-009   5.567194270889461E-016   3.059869241988041E-009
    61   96   9.684246630516590E-010   1.953927480090149E-017   9.684246630516590E-010
    62   379   2.836287913508522E-009   3.054030114252913E-016   2.836287913508522E-009
    63   4   4.734115537299495E-011   4.306655113951215E-021   4.734115537299495E-011
    64   629   5.718465457160710E-009   2.664430473136354E-015   5.718465457160710E-009
  </DiscreteSampler_grid>
  <DiscreteSampler_grid>
  grouped_processes
  1 # 1 for a reference and 2 for a running grid.
  10 # Attribute 'min_bin_probing_points' of the grid.
  1 # Attribute 'grid_mode' of the grid. 1=='default',2=='initialization'
  0.0000000000000000 # Attribute 'small_contrib_threshold' of the grid.
  0.5000000000000000 # Attribute 'damping_power' of the grid.
 # binID   n_entries weight   weight_sqr   abs_weight
    13   10   7.582796479591532E-002   1.337466909459982E-002   7.582796479591532E-002
    14   10   7.582796479591515E-002   1.337466909459976E-002   7.582796479591515E-002
    16   10   1.170225280240093E-002   7.797810245908503E-004   1.170225280240093E-002
    17   10   1.170225280240090E-002   7.797810245908459E-004   1.170225280240090E-002
    22   10   7.582796479591518E-002   1.337466909459978E-002   7.582796479591518E-002
    23   10   7.582796479591505E-002   1.337466909459973E-002   7.582796479591505E-002
    25   10   1.170225280240093E-002   7.797810245908510E-004   1.170225280240093E-002
    26   10   1.170225280240090E-002   7.797810245908466E-004   1.170225280240090E-002
  </DiscreteSampler_grid>
