  0.00000018892816963  0.00000019612997115  0.00000020042512981  0.00000020404455526
  0.00000020758104952  0.00000021115041141  0.00000021475146695  0.00000021835918733
  0.00000022198293567  0.00000022576233299  0.00000022959590033  0.00000023346277215
  0.00000023737661529  0.00000024131704393  0.00000024530330855  0.00000024931924549
  0.00000025339323007  0.00000025757162378  0.00000026191417459  0.00000026641917652
  0.00000027106453808  0.00000027582473569  0.00000028077583611  0.00000028586301367
  0.00000029100421190  0.00000029620165276  0.00000030150266899  0.00000030693886111
  0.00000031251548959  0.00000031824335843  0.00000032412667527  0.00000033014086826
  0.00000033624303103  0.00000034244287163  0.00000034878669762  0.00000035529057238
  0.00000036200669168  0.00000036897670584  0.00000037613288954  0.00000038348618490
  0.00000039108263831  0.00000039893759566  0.00000040709178928  0.00000041554193111
  0.00000042424770499  0.00000043317442851  0.00000044236252046  0.00000045179464663
  0.00000046155890037  0.00000047171578968  0.00000048210137072  0.00000049272933024
  0.00000050370907644  0.00000051517171176  0.00000052746533050  0.00000054031640891
  0.00000055341013114  0.00000056706711984  0.00000058177848681  0.00000059744064522
  0.00000061376805049  0.00000063080849341  0.00000064886530369  0.00000066810805685
  0.00000068855570036  0.00000071014843722  0.00000073306226162  0.00000075738451324
  0.00000078342721541  0.00000081158800858  0.00000084184473905  0.00000087431781623
  0.00000090927646223  0.00000094765699286  0.00000098985496382  0.00000103541785514
  0.00000108460879353  0.00000113902304881  0.00000119955273584  0.00000126663226632
  0.00000134123309774  0.00000142616185141  0.00000152300534200  0.00000163223753397
  0.00000175761858144  0.00000190405700853  0.00000208207342880  0.00000231261791628
  0.00000262177748799  0.00000304510996986  0.00000365300195761  0.00000466055394112
  0.00000672770990508  0.00001240609054119  0.00004644691832123  1.00000000000000000
  0.00000011437831909  0.00000012393705586  0.00000012955126798  0.00000013483075279
  0.00000014019796098  0.00000014562599928  0.00000015116409288  0.00000015679452376
  0.00000016254597371  0.00000016840597240  0.00000017439065772  0.00000018053001915
  0.00000018682675527  0.00000019320223843  0.00000019965157424  0.00000020630844437
  0.00000021318793939  0.00000022014695879  0.00000022717188451  0.00000023434421844
  0.00000024169648848  0.00000024925215930  0.00000025698535750  0.00000026493039890
  0.00000027306179354  0.00000028141749880  0.00000029007467059  0.00000029903160752
  0.00000030834889798  0.00000031807265592  0.00000032814150618  0.00000033835805414
  0.00000034874811642  0.00000035941830670  0.00000037040680575  0.00000038207552736
  0.00000039438152777  0.00000040729194152  0.00000042077806556  0.00000043486107909
  0.00000044959272916  0.00000046484984645  0.00000048070375631  0.00000049714534860
  0.00000051427074308  0.00000053231263894  0.00000055118117799  0.00000057092404753
  0.00000059157014667  0.00000061314871102  0.00000063603288450  0.00000066054453647
  0.00000068631516866  0.00000071306676273  0.00000074084855130  0.00000077023801455
  0.00000080166086040  0.00000083461689513  0.00000086896319190  0.00000090519970242
  0.00000094380574647  0.00000098481592429  0.00000102808062095  0.00000107344183926
  0.00000112128878118  0.00000117188128844  0.00000122504568480  0.00000128004356182
  0.00000133797566449  0.00000140068056598  0.00000146925162123  0.00000154235321265
  0.00000161972374947  0.00000170395576364  0.00000179650188198  0.00000189560644318
  0.00000200184893977  0.00000212089661336  0.00000224973628518  0.00000239158232916
  0.00000255486113075  0.00000274311011653  0.00000295410191468  0.00000318760553412
  0.00000345417161631  0.00000377753186844  0.00000418190627169  0.00000467910165103
  0.00000530531121848  0.00000611879657334  0.00000720409940177  0.00000872004059994
  0.00001119811677222  0.00001718575442487  0.00003366841427347  1.00000000000000000
  0.00000016956387414  0.00000022244571260  0.00000025054788833  0.00000027401142049
  0.00000029607335773  0.00000031721882058  0.00000033763824895  0.00000035811170350
  0.00000037937079609  0.00000040104655120  0.00000042219275556  0.00000044358159341
  0.00000046514949118  0.00000048670534630  0.00000050821133937  0.00000053009830041
  0.00000055300165657  0.00000057623311562  0.00000059964706491  0.00000062323983628
  0.00000064686322513  0.00000067078344276  0.00000069510937614  0.00000071998961888
  0.00000074523611244  0.00000077090799086  0.00000079686362500  0.00000082332636818
  0.00000085026068958  0.00000087730174774  0.00000090444839622  0.00000093183124720
  0.00000096005097192  0.00000098894716667  0.00000101807211067  0.00000104795108460
  0.00000107816339846  0.00000110806776695  0.00000113843392929  0.00000116978517357
  0.00000120153364592  0.00000123506302829  0.00000127009499689  0.00000130572808107
  0.00000134196121139  0.00000137887872457  0.00000141672467486  0.00000145560802474
  0.00000149565246208  0.00000153717822812  0.00000158039180402  0.00000162499705552
  0.00000167071294211  0.00000171823838660  0.00000176732404185  0.00000181778356676
  0.00000187056006242  0.00000192588694968  0.00000198409524627  0.00000204526461621
  0.00000210923409798  0.00000217582084920  0.00000224531353816  0.00000231803583249
  0.00000239500238935  0.00000247653706790  0.00000256224313241  0.00000265167796811
  0.00000274638828798  0.00000284899130991  0.00000296035328254  0.00000307972241314
  0.00000320670443092  0.00000334318332436  0.00000349246106367  0.00000365583974003
  0.00000383421349745  0.00000402862254111  0.00000424365517585  0.00000448383848631
  0.00000475107466536  0.00000504612076562  0.00000537468683552  0.00000575757231110
  0.00000622713736124  0.00000678557032372  0.00000745684554138  0.00000831246511616
  0.00000937473559328  0.00001060840335958  0.00001209812537209  0.00001376282115506
  0.00001568919566973  0.00002052151656896  0.00003051238287661  1.00000000000000000
 -0.00311355895291245  0.01423341202577794  0.02877765215845511  0.04374899781983529
  0.05997821887909469  0.08196763450233890  0.10517423360261847  0.12862155703647304
  0.15149694658075513  0.17442123920869304  0.19545614243017079  0.21341589958284471
  0.22971823789967466  0.24496288717500245  0.25934127386809314  0.27298425443675223
  0.28602662958311043  0.29825570352617153  0.30985070516435348  0.32114102607955636
  0.33228727063324937  0.34312141247945344  0.35365982144804109  0.36391059951185456
  0.37386480565321983  0.38389041499395765  0.39397278196136920  0.40380907741441019
  0.41345907486196309  0.42292546761143518  0.43221121999786510  0.44140324501532407
  0.45057424597221618  0.45962865281679810  0.46848117735983402  0.47720811722603379
  0.48597795783638698  0.49466774473784869  0.50312390839118637  0.51148430121042432
  0.51990705932304060  0.52839935326704002  0.53681203155680923  0.54511850077473090
  0.55338815330374913  0.56166604077658777  0.56994059921579332  0.57818635472572577
  0.58644819550870009  0.59474577041293819  0.60303146801978247  0.61120588428119238
  0.61926767392709325  0.62725721478136875  0.63524422953834581  0.64325682960616726
  0.65121936589283347  0.65906534337009293  0.66686447064939625  0.67468545311539707
  0.68246763056396087  0.69013031094311361  0.69776940488767547  0.70551562420891800
  0.71346105455186271  0.72141974420416966  0.72921684244525475  0.73692684362854743
  0.74469856797679901  0.75259091110234810  0.76054208603124773  0.76855205394839798
  0.77659253925475602  0.78450862283235412  0.79211458716367500  0.79979529156025386
  0.80768225697439444  0.81569593685172026  0.82395151354729779  0.83224383510350508
  0.84043301627154177  0.84861560779321532  0.85704493889845534  0.86566759488672196
  0.87448050072852124  0.88361379441214505  0.89313330708033178  0.90299139830576880
  0.91347833517730170  0.92479789651801825  0.93690726229875598  0.94929652629302685
  0.96179375286792768  0.97434140642022327  0.98714951011822938  1.00000000000000000
 -0.00239305107746272  0.00927186604183194  0.02018762631488892  0.03117819865944980
  0.04206456968397948  0.05285538122100515  0.06346916114338294  0.07395416575109413
  0.08458897266240269  0.09554415347497475  0.10640939182018369  0.11710068799978825
  0.12781530173498451  0.13885303043959538  0.14988440196049882  0.16088690553296198
  0.17175254849951244  0.18250180278470060  0.19331377463951244  0.20404497901012453
  0.21481770814807202  0.22555094153699556  0.23633668512612727  0.24743059177414908
  0.25846458198128719  0.26995708920001182  0.28164460625902099  0.29314149244123772
  0.30434792176544978  0.31511413414299422  0.32558805087970394  0.33601154793150895
  0.34642668177895225  0.35671200186222457  0.36703128351502429  0.37759165391618471
  0.38839791392752104  0.39893228250263246  0.40914970480798923  0.41936053163707387
  0.42964495444170686  0.43989767452179601  0.45004241391007938  0.46025551504446299
  0.47058874496745717  0.48101470310738975  0.49141569614917491  0.50152351478415680
  0.51144170735605110  0.52143722117289648  0.53150746555068296  0.54152438725965646
  0.55149614058868279  0.56132234852808705  0.57152993595207857  0.58209449659801393
  0.59300659966055913  0.60384160710071333  0.61445898590420311  0.62484801853095495
  0.63529507793886708  0.64575119232002320  0.65625344285240939  0.66662633104423707
  0.67684604062075626  0.68699121540539598  0.69721747607447571  0.70729426759715774
  0.71755023172499033  0.72799220621093341  0.73866771691902966  0.74924973783808690
  0.75979004523623539  0.77031973225190686  0.78056020944208093  0.79041763186266067
  0.79978239707488019  0.81057071040794215  0.82097934192680633  0.83093296465315303
  0.84079057463836904  0.85074860858513690  0.86104321190653910  0.87141546549523941
  0.88194985121451352  0.89273553410204765  0.90383695598694802  0.91496896160697416
  0.92628517654506193  0.93702091692509315  0.94863323600699923  0.95847298435789741
  0.96870546963461379  0.97893317685347758  0.98985605521973696  1.00000000000000000
 -0.00227005052701483  0.00912064693169561  0.01893781336009153  0.02903557927893159
  0.03906827414488040  0.04929294862345282  0.05953851899014753  0.06965482043209650
  0.07989162585135245  0.09029782388404847  0.10085399996710803  0.11155243064063422
  0.12194771969213287  0.13241509995435610  0.14282766263558602  0.15319871481669489
  0.16341741841340798  0.17340618823623424  0.18329387743943237  0.19331134344825457
  0.20329505950526580  0.21316308378706808  0.22296378441585105  0.23305188184338291
  0.24323887242373751  0.25359577707170655  0.26409506778781633  0.27465640175855704
  0.28496880604456781  0.29551515929941247  0.30618492540184894  0.31700238599633590
  0.32764258563842058  0.33806109226283787  0.34841670230052363  0.35867794339493320
  0.36914646189923533  0.37973152376267744  0.39022557665288687  0.40055796282114581
  0.41089396154354640  0.42136407348549354  0.43214651686683092  0.44321483980658472
  0.45416552897231133  0.46497833461909971  0.47566745243768793  0.48639363897978771
  0.49720411768878559  0.50796361036665116  0.51866518204666678  0.52958577529826178
  0.54061607137061563  0.55185542061184678  0.56298314004356820  0.57411202219288571
  0.58517725230769413  0.59580956684441533  0.60598034329943928  0.61615939960888988
  0.62705411232355146  0.63771153981057638  0.64839805460795941  0.65921609082525789
  0.66996182096193324  0.68089878269781823  0.69183537741196488  0.70296673456763004
  0.71401921837747051  0.72511827723145950  0.73489897954857419  0.74689984040517032
  0.75831606749454250  0.76929224164478271  0.78012590484634903  0.79067853811780575
  0.80124014258240439  0.81172652455317662  0.82182105422777141  0.83180816845450600
  0.84197705301633374  0.85260349067327967  0.86269686401028456  0.87293101611259449
  0.88305806398062014  0.89303241619563234  0.90303734134759639  0.91296018732307327
  0.92332645388709478  0.93437330144297004  0.94586144258307991  0.95694887301660736
  0.96790848132684670  0.97874575608248138  0.98960310977410026  1.00000000000000000
  0.00000176916025078  0.00000204133238557  0.00000231685528334  0.00000263909682074
  0.00000304421141881  0.00000349550772500  0.00000396378890581  0.00000444437165773
  0.00000492833987068  0.00000540594514488  0.00000587254962839  0.00000632766070876
  0.00000676926867751  0.00000719724151373  0.00000761286987931  0.00000802028469618
  0.00000842144650834  0.00000881521654494  0.00000919953243311  0.00000957473075406
  0.00000994187294848  0.00001030204918768  0.00001065622012965  0.00001100581613032
  0.00001135279988493  0.00001169661780382  0.00001203462368005  0.00001236710530465
  0.00001269820401167  0.00001302863475865  0.00001335765088597  0.00001368244601314
  0.00001399481297778  0.00001429932122039  0.00001460089280858  0.00001490901932475
  0.00001522817241922  0.00001554599691363  0.00001586220802830  0.00001618100775430
  0.00001649595836468  0.00001680333503507  0.00001710114232283  0.00001740215255270
  0.00001770610283211  0.00001800764372976  0.00001829705708581  0.00001857816391769
  0.00001885625586443  0.00001913661349349  0.00001942448097272  0.00001970772655182
  0.00001999147082997  0.00002025862901301  0.00002050332830381  0.00002075761957879
  0.00002100426184215  0.00002124282675942  0.00002149062503030  0.00002175596306245
  0.00002201058827501  0.00002228543617022  0.00002256555548381  0.00002283790596097
  0.00002310936849305  0.00002338104165144  0.00002365016552709  0.00002392201011868
  0.00002418749505191  0.00002449211257200  0.00002480639274577  0.00002511006957201
  0.00002541304061091  0.00002572479225904  0.00002605821618322  0.00002638698188050
  0.00002672168466649  0.00002709462837526  0.00002749193470328  0.00002791261672859
  0.00002832748293935  0.00002877600224527  0.00002925195402212  0.00002971063114845
  0.00003013801774737  0.00003057068739979  0.00003103985866158  0.00003170846186549
  0.00003257064070338  0.00003322457555684  0.00003397874513371  0.00003492772968346
  0.00003631147868270  0.00003933491460777  0.00004650681084252  1.00000000000000000
 -0.00442961864843787  0.01538428716733836  0.02793790634125290  0.04007811086679193
  0.05265968327784544  0.06536297089225554  0.07834568159254800  0.09206491834400478
  0.10533560890786574  0.11695460462492036  0.12965571085672464  0.14258178809785760
  0.15451420914554295  0.16599285059994426  0.17676648056862018  0.18681114230127827
  0.19642933863679754  0.20609587740525531  0.21586761907007182  0.22544192579501091
  0.23491175366630818  0.24420478304707313  0.25357531252709858  0.26315068328952279
  0.27260496121960032  0.28197974292402184  0.29153198035945072  0.30139194765705662
  0.31136396372547642  0.32110601308852854  0.33067674906789951  0.34042813614314210
  0.35038879939263529  0.36046361405000016  0.37055736859678073  0.38053687112978241
  0.39057228333579358  0.40063687058375935  0.41066741020884295  0.42079485901922975
  0.43088103862522886  0.44068127020956693  0.45015286184265274  0.45951656700384708
  0.46877176305362506  0.47764084531691897  0.48607103483663350  0.49442435243895672
  0.50305708680744754  0.51202127348446858  0.52094915301654898  0.52984568708710422
  0.53869662256131434  0.54784255254523506  0.55726341469986695  0.56689010566540898
  0.57655959333110718  0.58631120666739922  0.59614475093586838  0.60600188005238376
  0.61598124062586534  0.62596447772999608  0.63575951329853642  0.64532623719337578
  0.65485571401177645  0.66447705196122187  0.67419112257030744  0.68382983799529251
  0.69330211014443177  0.70270512081683012  0.71218059891066265  0.72177934461649107
  0.73135387484823655  0.74081970039757095  0.75026632687612671  0.75975640650221710
  0.76926687767908641  0.77872614156482600  0.78818879032666700  0.79789260418833496
  0.80797319110014942  0.81841820380247077  0.82929944622934804  0.84085272857696947
  0.85340884855961896  0.86722641610113371  0.88205571443151010  0.89699293297651395
  0.91100826694983872  0.92388262803018018  0.93634918863337213  0.94909947086990487
  0.96207636218674386  0.97520737460770301  0.98823732200816294  1.00000000000000000
  0.66686319587121068  0.68882367546780288  0.69814422745477955  0.71070254598205895
  0.72261924617267470  0.73377073816770111  0.74299406210309371  0.74907342520088327
  0.75535281751739669  0.76229851620345745  0.76874551317608086  0.77483957365980094
  0.78060471422012456  0.78610716400697045  0.79139352400845553  0.79643554091283220
  0.80124313972924610  0.80579664754760572  0.81016554639029614  0.81440597135924164
  0.81852769314808627  0.82253285639841345  0.82642016940117913  0.83017827525408949
  0.83380746069505252  0.83733144482628674  0.84076741531791732  0.84412800486884620
  0.84739017083774981  0.85056009199600979  0.85367759670440169  0.85674305084471902
  0.85972562541927156  0.86262598945853064  0.86544599559815782  0.86818252293430165
  0.87084773870732224  0.87349354088450082  0.87607373058828686  0.87855803805123667
  0.88098554249365812  0.88340863635281563  0.88564356367631014  0.88788243103787690
  0.89013356660438148  0.89238484118294159  0.89457940677355718  0.89673208794088788
  0.89882334655259355  0.90084594294904152  0.90282562141081502  0.90479178273667815
  0.90676003194818633  0.90872507785483192  0.91064720363657337  0.91251739641536089
  0.91436161753057177  0.91620012615440993  0.91803663013692161  0.91986107656273963
  0.92160311542196127  0.92333899523989205  0.92505687987025276  0.92680096390764977
  0.92848919411185526  0.93008423572767474  0.93163626058464399  0.93317908056143517
  0.93477359938480797  0.93630839310774938  0.93780206863798277  0.93929965544958705
  0.94086120797076989  0.94245477560214919  0.94382527923713733  0.94535908311494499
  0.94715336310140508  0.94901244300272891  0.95089472471815750  0.95285161837424404
  0.95488637854134850  0.95700941216668722  0.95923837426227343  0.96156902047256099
  0.96411259966080498  0.96662799878621930  0.96922952907597792  0.97193186820746702
  0.97471345149067412  0.97759186629208816  0.98063702175415457  0.98380289484823402
  0.98578140081564403  0.98890519095281715  0.99179166338082148  1.00000000000000000
  0.27105980930854112  0.27660889174913267  0.28081440675232688  0.28504193642164138
  0.29104823712175432  0.29846999080961500  0.30503570897404481  0.31061663506114023
  0.31591964563359082  0.32162224328479400  0.32748687217680472  0.33323068692125063
  0.33885595312590416  0.34427465567868670  0.34953947492639992  0.35479242478289197
  0.35992333833322060  0.36487219089154177  0.36974530958624252  0.37458143605946093
  0.37932760885152378  0.38406545398593928  0.38880829004574913  0.39348743749436388
  0.39808070312141164  0.40260993118557975  0.40709370410668161  0.41151219915786769
  0.41587566489253314  0.42025083760057907  0.42462739956030099  0.42888493288292506
  0.43297771706384519  0.43705943060256108  0.44129384886015294  0.44559289586292200
  0.44983084481473939  0.45404652915006238  0.45828561157438474  0.46254728320811200
  0.46678607965602081  0.47097558312952492  0.47513324779172517  0.47925515215723974
  0.48335682695276577  0.48748638119142829  0.49164010142096504  0.49578348847011094
  0.49992575621402041  0.50409130200116048  0.50827607787532392  0.51246593252734207
  0.51664885360066493  0.52082952721002507  0.52500467973650733  0.52923882238832420
  0.53353312081234527  0.53777266329045881  0.54198560794739081  0.54625420212647613
  0.55056996079857956  0.55488507644817819  0.55917946734102131  0.56347204789521921
  0.56778269484622157  0.57215938944162470  0.57660428642195660  0.58113585415694091
  0.58573203397350093  0.59040191921124241  0.59510389854263346  0.59980842213199159
  0.60449106345197834  0.60918513380315087  0.61393730341194352  0.61881644157074023
  0.62377779477599149  0.62877845893228979  0.63384775575263808  0.63889899180344056
  0.64405551602891031  0.64936527497633068  0.65476333570056289  0.66008948511226939
  0.66548006362778511  0.67101939424375801  0.67675292162792811  0.68264060562769335
  0.68828461056157275  0.69378422388802252  0.69969645414131454  0.70637364333211294
  0.71322968488071958  0.71908661509412830  0.72523338188954767  1.00000000000000000
   2.0662123874051700E-012  -1.0000000000000000     
  <DiscreteSampler_grid>
  Helicity
  1 # 1 for a reference and 2 for a running grid.
  20 # Attribute 'min_bin_probing_points' of the grid.
  1 # Attribute 'grid_mode' of the grid. 1=='default',2=='initialization'
  0.0000000000000000 # Attribute 'small_contrib_threshold' of the grid.
  0.5000000000000000 # Attribute 'damping_power' of the grid.
 # binID   n_entries weight   weight_sqr   abs_weight
    1   24320   1.359240555383718E-009   2.248640448398572E-016   1.359240555383718E-009
    2   13806   8.004904911589367E-010   4.676206765088139E-017   8.004904911589367E-010
    3   5   1.501208840553236E-013   8.503319022919048E-026   1.501208840553236E-013
    4   24007   1.379220236533134E-009   9.690703193691388E-017   1.379220236533134E-009
    5   3981   2.236611097252980E-010   7.497808391241152E-019   2.236611097252980E-010
    6   155   8.150364398331398E-012   5.133756689798652E-022   8.150364398331398E-012
    7   2676   1.490243444512055E-010   1.064205824007645E-018   1.490243444512055E-010
    8   1910   1.064216169493685E-010   2.103868042367465E-019   1.064216169493685E-010
    10   3959   2.275990216392598E-010   1.139747959098655E-018   2.275990216392598E-010
    11   5890   3.335571574606348E-010   4.715315768636847E-018   3.335571574606348E-010
    12   9853   5.664298572026255E-010   1.333919265197306E-017   5.664298572026255E-010
    13   16286   9.301939506509609E-010   3.391411667599670E-017   9.301939506509609E-010
    14   728   3.943041719777788E-011   2.173830659805238E-020   3.943041719777788E-011
    16   15280   8.648239070491582E-010   2.649480460848815E-017   8.648239070491582E-010
    17   1844   1.095729536254383E-010   2.983757438419693E-019   1.095729536254383E-010
    18   3232   1.821243033138803E-010   2.661213370533823E-018   1.821243033138803E-010
    19   2241   1.249106211169567E-010   1.831472024388803E-019   1.249106211169567E-010
    20   1757   1.037813371890009E-010   4.642663961619579E-019   1.037813371890009E-010
    22   8799   4.996871979697919E-010   1.196687440890643E-017   4.996871979697919E-010
    23   1308   7.622589510506559E-011   9.576381213097314E-020   7.622589510506559E-011
    24   26872   1.528777788594223E-009   1.080021931366092E-016   1.528777788594223E-009
    25   23939   1.369059670874146E-009   6.213404664492118E-017   1.369059670874146E-009
    26   10483   5.832577054121231E-010   4.393097591323119E-017   5.832577054121231E-010
    27   228   1.299570810337845E-011   2.440965583860982E-021   1.299570810337845E-011
    29   15195   8.691201544199855E-010   3.570556879183073E-017   8.691201544199855E-010
    31   5965   3.381943398774294E-010   4.963822325389076E-018   3.381943398774294E-010
    34   2059   1.136538482357871E-010   3.824491893731929E-019   1.136538482357871E-010
    35   8515   4.732431440180978E-010   1.627235649569440E-017   4.732431440180978E-010
    36   2629   1.467231179166514E-010   8.542098095711031E-019   1.467231179166514E-010
    37   5025   2.844016236400155E-010   4.047776118458509E-018   2.844016236400155E-010
    38   14037   8.000874945693583E-010   4.412801487455320E-017   8.000874945693583E-010
    39   43   2.354087914528731E-012   1.894445844204288E-023   2.354087914528731E-012
    41   7   3.713783719910644E-013   2.853279813141319E-025   3.713783719910644E-013
    42   803   4.359443356345482E-011   5.211827300558899E-020   4.359443356345482E-011
    43   2086   1.209833894688318E-010   1.819284588084182E-019   1.209833894688318E-010
    45   22939   1.297538880266792E-009   6.723457814276571E-017   1.297538880266792E-009
    46   24   1.814351302517516E-012   1.200335209870355E-023   1.814351302517516E-012
    47   4408   2.512596505310322E-010   2.652743559026228E-018   2.512596505310322E-010
    49   1962   1.090464141552083E-010   1.213986322791710E-019   1.090464141552083E-010
    52   1564   9.150014611112182E-011   1.005801279131850E-019   9.150014611112182E-011
    53   10744   6.110563948351520E-010   2.664310809225787E-017   6.110563948351520E-010
    54   11486   6.537926587742966E-010   3.265456599468356E-017   6.537926587742966E-010
    55   18452   1.053250583263268E-009   5.449314407011977E-017   1.053250583263268E-009
    58   14780   8.369244530773212E-010   6.379275490867957E-017   8.369244530773212E-010
    60   8404   4.800683407158775E-010   1.169574020635551E-017   4.800683407158775E-010
    61   105   7.041795700342770E-012   2.903749701816443E-022   7.041795700342770E-012
    62   14223   8.192340908111495E-010   4.562312340141495E-017   8.192340908111495E-010
    63   25520   1.458984697944870E-009   7.285305984754354E-017   1.458984697944870E-009
    64   3352   1.906181802468921E-010   9.486639319622669E-019   1.906181802468921E-010
  </DiscreteSampler_grid>
  <DiscreteSampler_grid>
  grouped_processes
  1 # 1 for a reference and 2 for a running grid.
  10 # Attribute 'min_bin_probing_points' of the grid.
  1 # Attribute 'grid_mode' of the grid. 1=='default',2=='initialization'
  0.0000000000000000 # Attribute 'small_contrib_threshold' of the grid.
  0.5000000000000000 # Attribute 'damping_power' of the grid.
 # binID   n_entries weight   weight_sqr   abs_weight
    10   10   1.275795302450065E-003   3.200943190279575E-006   1.275795302450065E-003
    16   10   1.275795302450065E-003   3.200943190279576E-006   1.275795302450065E-003
    22   10   1.275795302450065E-003   3.200943190279575E-006   1.275795302450065E-003
    28   10   1.275795302450065E-003   3.200943190279575E-006   1.275795302450065E-003
  </DiscreteSampler_grid>
