  0.00000071897557745  0.00000073557919499  0.00000074354875582  0.00000075280620918
  0.00000076447700242  0.00000077623133023  0.00000078756665361  0.00000079887594688
  0.00000081027511103  0.00000082187610456  0.00000083366635619  0.00000084585515120
  0.00000085873515624  0.00000087216903224  0.00000088562291676  0.00000089913498388
  0.00000091297841170  0.00000092715958911  0.00000094153302262  0.00000095584436330
  0.00000097013980604  0.00000098417225779  0.00000099856713760  0.00000101408300721
  0.00000103019184966  0.00000104651694256  0.00000106270813705  0.00000107953898423
  0.00000109628928713  0.00000111312706611  0.00000113024300193  0.00000114740185094
  0.00000116468496928  0.00000118271461603  0.00000120191245089  0.00000122142930086
  0.00000124079481288  0.00000125985934066  0.00000127871403110  0.00000129774596863
  0.00000131710054149  0.00000133628662473  0.00000135569586056  0.00000137474645562
  0.00000139359729289  0.00000141555874744  0.00000143756643409  0.00000145980981827
  0.00000148197336819  0.00000150408493581  0.00000152655420064  0.00000154962711030
  0.00000157295735177  0.00000159629420322  0.00000161964286152  0.00000164363525191
  0.00000166868896276  0.00000169438772674  0.00000171981205394  0.00000174489963160
  0.00000176981351391  0.00000179411238497  0.00000181729445347  0.00000183989866638
  0.00000186339891195  0.00000188837609735  0.00000191464783106  0.00000194106884985
  0.00000196798807651  0.00000199565554055  0.00000202436925680  0.00000205423054167
  0.00000208380624165  0.00000211301934856  0.00000214234680136  0.00000217210504127
  0.00000220235237758  0.00000223294363303  0.00000226429714849  0.00000229661844891
  0.00000233013706624  0.00000236381995684  0.00000239752091529  0.00000243157763723
  0.00000246580501177  0.00000249974267928  0.00000253365205742  0.00000256714068521
  0.00000260151840810  0.00000263141875733  0.00000265130667438  0.00000266960478325
  0.00000268833665050  0.00000270799445589  0.00000271416681320  1.00000000000000000
  0.00000026213693429  0.00000027234081386  0.00000027986276925  0.00000028771397775
  0.00000029487915695  0.00000030562775643  0.00000031664697166  0.00000032767489974
  0.00000033905699958  0.00000035061844600  0.00000036377164843  0.00000037805978536
  0.00000039263461054  0.00000040746652988  0.00000042248148215  0.00000043716127244
  0.00000045126368775  0.00000046511645715  0.00000047910603779  0.00000049335073276
  0.00000050817175601  0.00000052362963265  0.00000053985681735  0.00000055613457943
  0.00000057232359362  0.00000058874471729  0.00000060551059888  0.00000062238959621
  0.00000063961421826  0.00000065823946566  0.00000067731950304  0.00000069680392163
  0.00000071568303901  0.00000073376523779  0.00000075153535372  0.00000077026103282
  0.00000079117287166  0.00000081335906434  0.00000083575682492  0.00000085835579827
  0.00000088100347592  0.00000090388415760  0.00000092746462119  0.00000095267938079
  0.00000097902138343  0.00000100516534093  0.00000103165128732  0.00000105849296514
  0.00000108517167248  0.00000111094745947  0.00000113860667514  0.00000116781465571
  0.00000119828927895  0.00000123002766838  0.00000126216140149  0.00000129471558870
  0.00000132738350171  0.00000136226949114  0.00000140093073877  0.00000144377688493
  0.00000148578057565  0.00000152981629820  0.00000157498906813  0.00000162259179177
  0.00000167325669254  0.00000172719661954  0.00000178295732764  0.00000184148763784
  0.00000190363620365  0.00000197210124756  0.00000204966571052  0.00000213575536936
  0.00000222805257510  0.00000232689969050  0.00000244356459025  0.00000258629083707
  0.00000273614825464  0.00000289204294095  0.00000310769257882  0.00000333999657808
  0.00000359098006162  0.00000386731713946  0.00000416057704823  0.00000447644673924
  0.00000479897855744  0.00000513589080160  0.00000551630312962  0.00000595034139721
  0.00000655401408721  0.00000737338036079  0.00000849398443898  0.00000987993839241
  0.00001181313594482  0.00001418052392310  0.00001645505586083  1.00000000000000000
  0.00000116054043137  0.00000121013111228  0.00000124511609938  0.00000128042567736
  0.00000131567328401  0.00000135157077725  0.00000139448886973  0.00000143987743865
  0.00000148428059409  0.00000152767075057  0.00000157067626936  0.00000161425293702
  0.00000166254182567  0.00000171483516007  0.00000176820559607  0.00000182151920855
  0.00000187570236954  0.00000193172758466  0.00000198973770959  0.00000205251880680
  0.00000211565272844  0.00000217790170503  0.00000224066952499  0.00000230339833788
  0.00000236762818116  0.00000243744594982  0.00000251021930367  0.00000258333184231
  0.00000265777507635  0.00000273425919188  0.00000281644896967  0.00000289967950691
  0.00000300092918720  0.00000310514396118  0.00000321155410678  0.00000332155682942
  0.00000343126938492  0.00000355459173816  0.00000369329479215  0.00000383966993525
  0.00000399282047945  0.00000415344979501  0.00000432640160322  0.00000451130901716
  0.00000470214392642  0.00000489744180170  0.00000510305080432  0.00000532377178914
  0.00000555773877746  0.00000579786658425  0.00000603827084813  0.00000628982747053
  0.00000656892767292  0.00000687595039671  0.00000718629665842  0.00000751126526224
  0.00000787569694540  0.00000826786946498  0.00000867016444966  0.00000908182643468
  0.00000950535546408  0.00000993241142728  0.00001035785645973  0.00001081533841890
  0.00001134856751865  0.00001194387235376  0.00001256359654161  0.00001319385917414
  0.00001383223212934  0.00001451098427326  0.00001518559295370  0.00001582211895551
  0.00001649196038963  0.00001716557628439  0.00001784027512155  0.00001855702190444
  0.00001939685298489  0.00002036091623021  0.00002134781667538  0.00002234354603184
  0.00002330090529486  0.00002451023760499  0.00002580579273612  0.00002697975683071
  0.00002822712755607  0.00002974412734226  0.00003158391994498  0.00003376376497215
  0.00003667463805596  0.00004105500623506  0.00004490292136365  0.00004849521906930
  0.00005252011068062  0.00005577339751989  0.00005738912954910  1.00000000000000000
 -0.00038742682351307  0.00180274824384171  0.00439203763131931  0.00705124731356701
  0.00915123698367956  0.01111731525602764  0.01546235286789153  0.02072321097521672
  0.02714933199043643  0.03356309364360469  0.04005383421173969  0.04772120780872513
  0.05590324895168493  0.06394727935556495  0.07170555729788233  0.07926987826552827
  0.08746445718054625  0.09726359487906773  0.10666847444371208  0.11475373189819196
  0.12316105989931120  0.13260114564763051  0.14208552855533607  0.15172576662074458
  0.16136759585168434  0.17187289444506285  0.18296438630688749  0.19374464887672360
  0.20407892407730424  0.21383317539210442  0.22253739221269059  0.23154176527032197
  0.24062551244665673  0.25024201899043763  0.25951963533312861  0.26844509023708502
  0.27822766847378722  0.28889817696342834  0.30063826477614436  0.31292755032499664
  0.32536277054406970  0.33780854270815747  0.34988408719579300  0.36123703619829811
  0.37220493464612109  0.38307650032205803  0.39369595027479781  0.40406591950963927
  0.41377641048724784  0.42371010639813161  0.43370164988806775  0.44389430001846919
  0.45447961987044794  0.46622165028104023  0.47995653133651639  0.49189641985950727
  0.50376922162681126  0.51539615724401433  0.52654412416847229  0.53730290415733850
  0.54848770656831192  0.56003593118812500  0.57142342782669930  0.58271817976834561
  0.59435581455032827  0.60607728766538249  0.61796949799708101  0.62959765347267416
  0.64070736623087443  0.65232062355724718  0.66447733016772015  0.67695548859295096
  0.68985546990759883  0.70396260561406954  0.71731077454139203  0.73084352372473482
  0.74486344486822520  0.75957665315392664  0.77428366523313952  0.78858218005324265
  0.80272523508439686  0.81602952964281783  0.82833556795854668  0.83950090155875456
  0.85018944646873040  0.86147533335791693  0.87283649712372502  0.88410447588165275
  0.89581827473754772  0.90954883924609631  0.92405797433388115  0.93829714248948437
  0.95191100102843385  0.96656636306365618  0.98335010093070485  1.00000000000000000
  0.00005027401028450  0.00259045862363407  0.00398007052324571  0.00547511608514983
  0.00733866288411333  0.00924612656178046  0.01116066174566216  0.01304556232002107
  0.01747752770921353  0.02653076891394519  0.03719834122435325  0.04918683253748000
  0.06093638489933105  0.07120829222412617  0.08078970817292974  0.09028007135798936
  0.09953609793343104  0.10843846114567890  0.11721374091367985  0.12661949766193428
  0.13680788448303521  0.14693445861178675  0.15669006626597454  0.16635499950850333
  0.17621257571243731  0.18594476807014979  0.19665845024592044  0.20721096310871268
  0.22003999048148823  0.23265740918458741  0.24435603949662463  0.25545585191811054
  0.26614541725917806  0.27635743502876237  0.28651022326601194  0.29731430187128177
  0.30871601744439170  0.32077026949250542  0.33349318229702035  0.34351767912695363
  0.35365960273824670  0.36360719778633227  0.37350918598648436  0.38345075581346333
  0.39366640593872110  0.40472433956166176  0.41672275961578065  0.42857929432049580
  0.44059974097197141  0.45228052151027054  0.46454330604620842  0.47807422376332775
  0.49229455591802473  0.50722889364358903  0.52137548507444120  0.53367819999600019
  0.54492214558811192  0.55642620778857066  0.56745152478989336  0.57758512302073006
  0.58824858187810503  0.59930915977643284  0.61016235037427280  0.62105232012125344
  0.63282471600593171  0.64523702853281584  0.65651609636876029  0.66755862200012739
  0.67872996666478902  0.68988884856361110  0.70047853552013051  0.71229842804993493
  0.72538737214164362  0.73871820131863164  0.75183088652257046  0.76516650248605278
  0.77718653678487626  0.78868131719590528  0.80042514819382460  0.81241161844315923
  0.82441381694626414  0.83702670121269573  0.85040401426586754  0.86378543553804032
  0.87670616541496793  0.88884130077623635  0.90089473483389126  0.91174597600094465
  0.92266961869504516  0.93330583710318904  0.94487964592683960  0.95718453370319012
  0.96841929482788480  0.97929640488959946  0.98965759184693625  1.00000000000000000
 -0.00202714436784492  0.00857410929295564  0.01739424278403154  0.02681033598552236
  0.03640483237414978  0.04596121579274574  0.05564919303357602  0.06562631708734501
  0.07607787068523378  0.08706049296633746  0.09871346910578782  0.11011096522939456
  0.12105182948227253  0.13130665070180755  0.14165657652494823  0.15174554504129095
  0.16177057084260948  0.17169798202165665  0.18138942384193940  0.19151652648332981
  0.20218906731258196  0.21249469895192330  0.22192122336338227  0.23152642628292472
  0.24131707145981687  0.25089677079427275  0.25960025422693650  0.26844174910926194
  0.27804322345661092  0.28812516764359852  0.29784403568530982  0.30816271888014368
  0.32083581369629649  0.33625820713567356  0.35254800439137324  0.36325092076171595
  0.37360100684644010  0.38292882187655530  0.39244332201028032  0.40181645896038104
  0.41127920744886798  0.42096212944219408  0.43068655719975396  0.44034797556159772
  0.45085360996506502  0.46184209425109374  0.47330685429399549  0.48476689529870814
  0.49623419818396625  0.50787809864388600  0.51937587341451663  0.53359520190813614
  0.54674379773794879  0.55939684732437689  0.57172973407665018  0.58341633134180926
  0.59451546704470837  0.60559893893034378  0.61664408873783738  0.62698961663965525
  0.63678230076684228  0.64686441261881000  0.65777817921526160  0.66926687694847209
  0.68057343556826821  0.69124769313463885  0.70143275863899679  0.71158515564182323
  0.72183576617894674  0.73152489653133146  0.74072942639247830  0.75000557317085703
  0.75965520600543746  0.77004655760986152  0.77987143473151088  0.78923405500248600
  0.79874600520912142  0.80825317159706289  0.81846129060639272  0.82968204710979288
  0.84004028829810140  0.84938966060958287  0.85877436316380384  0.86799549958673072
  0.87719887227535420  0.88624279415043095  0.89581183804568976  0.90632265566896841
  0.91716582836566118  0.92782724188716248  0.93854743936106588  0.94952167184233083
  0.96085828937389695  0.97227267372838455  0.98441647022922052  1.00000000000000000
 -0.00003454845834124  0.00001777880469158  0.00006388633397860  0.00007297342418911
  0.00008189238460599  0.00009054787108797  0.00009875556550665  0.00010682329162801
  0.00011465693579532  0.00012248370426057  0.00013030306184605  0.00013834681635995
  0.00014646623856249  0.00015441762303016  0.00016235448669645  0.00017027881624599
  0.00017818969514398  0.00018604363558035  0.00019370975267302  0.00020095007395355
  0.00020790728988765  0.00021425217423205  0.00022060817662411  0.00022710635911500
  0.00023360454160589  0.00024005112683432  0.00024649079684389  0.00025324597243541
  0.00026015570320639  0.00026660020693713  0.00027277665540328  0.00027910312151004
  0.00028554237738778  0.00029223119491291  0.00029909241177985  0.00030594524642839
  0.00031279503980477  0.00031947098610697  0.00032612164413560  0.00033258989097434
  0.00033904984876785  0.00034568073462303  0.00035233581714989  0.00035851997742717
  0.00036462410218358  0.00037115335456331  0.00037791048193690  0.00038495501198735
  0.00039214740025300  0.00040128641482184  0.00041056736169823  0.00041909446193431
  0.00042805013540677  0.00043747306982541  0.00044813287078806  0.00047479147732706
  0.00049992523177198  0.00051335498148944  0.00052713517452808  0.00054175782103673
  0.00057254516093983  0.00058515770005185  0.00059427007889533  0.00060126034742284
  0.00061101227238291  0.00062883938509526  0.00063768875922676  0.00064582565675948
  0.00065436541568946  0.00066531611243130  0.00067380937428565  0.00068184317274017
  0.00069018317398205  0.00069843898882156  0.00070721656916796  0.00071718325456732
  0.00073375067423842  0.00074236655299654  0.00075142680353722  0.00077783828503219
  0.00078963683550365  0.00079968593395652  0.00080974611482250  0.00081982374342171
  0.00082995267217410  0.00084185838284658  0.00086860917337258  0.00094718459248508
  0.00097019295459441  0.00099554902385647  0.00102395416767971  0.00105322432126135
  0.00107837497713224  0.00112528247855750  0.00114075956509614  1.00000000000000000
  0.20497252714463537  0.21344017972487084  0.21871206813894675  0.22374355565251183
  0.22859888678815043  0.23402318312323522  0.23976352511131638  0.24552844952498123
  0.25170503234134406  0.25824551614092495  0.26482207067451863  0.27136125376647674
  0.27793936414831949  0.28456705951333394  0.29119740785409554  0.29779015131880915
  0.30432424498307309  0.31085902573466068  0.31757209496876382  0.32456504958493043
  0.33189962833659808  0.33896262937983335  0.34590999869423028  0.35300845386428364
  0.35975592830881475  0.36643782474751196  0.37310058710093635  0.37895350506063147
  0.38448493479867080  0.39025318998746794  0.39617721571473030  0.40176746125806850
  0.40711212819183512  0.41268432389605553  0.41868465964836499  0.42466542148607067
  0.43060912074378538  0.43662845022204771  0.44305402051409992  0.44981635568793582
  0.45620977424746856  0.46251994727388007  0.46909212409810730  0.47610387692804057
  0.48380097837742669  0.49084214784305086  0.49780837288548008  0.50629194083332851
  0.51648162879613346  0.52553775875254849  0.53391785295641847  0.54220310582463627
  0.54999581106744111  0.55749309377407119  0.56446265717904220  0.57021915967933623
  0.57617687974876419  0.58219718131113507  0.58881030418618807  0.59575578158461906
  0.60272243085162336  0.60948461182929226  0.61606491845412004  0.62272696600670185
  0.62973365582169361  0.63702424650369049  0.64425757620074930  0.65122203617310725
  0.65793477538893697  0.66456428529473921  0.67126096590910722  0.67811239169354154
  0.68487298094593851  0.69122518728625093  0.69723952897747310  0.70312549924225387
  0.70891836657126139  0.71449648759868034  0.72005307686444819  0.72568721474884568
  0.73124861319164558  0.73682326606455928  0.74215865686709603  0.74743190932026782
  0.75259323633514985  0.75773038694286199  0.76282894539307533  0.76813478596367668
  0.77313865656891900  0.77797492934006862  0.78281950792613864  0.78661126295725758
  0.78839613810331666  0.79491051580077032  0.80468623625421942  1.00000000000000000
  0.71539952178690513  0.74045477502255919  0.75252024053178124  0.75814941704010164
  0.76276369117483589  0.76789282764475753  0.77279060241207265  0.77753974717143448
  0.78227066063094397  0.78691683217425112  0.79149490476329598  0.79599377203366672
  0.80058433032211018  0.80509841459191911  0.80943648737304308  0.81376370138401466
  0.81824250812787791  0.82269925755621531  0.82687566335675189  0.83082596221515015
  0.83468552587873268  0.83853999120474065  0.84241400646003239  0.84624711084289195
  0.85002834065492128  0.85372901818845659  0.85706861942433410  0.86019249788201346
  0.86330132694535533  0.86639072857924215  0.86949856349828125  0.87258193350443081
  0.87560707268579074  0.87847919331922031  0.88128249305032702  0.88403655220507549
  0.88679292040167268  0.88952578968211815  0.89225078534126290  0.89492387965149689
  0.89746391332311704  0.89993068034484991  0.90240132977371212  0.90484710093775289
  0.90721819662987768  0.90956728307740387  0.91190431414022433  0.91424851652566008
  0.91659326698596510  0.91894182716141359  0.92125952338264105  0.92354326334818460
  0.92578724556274750  0.92802515559636378  0.93022783582570934  0.93236937642476958
  0.93445691855035418  0.93645019876988067  0.93838274755798146  0.94035807471646593
  0.94235520349155188  0.94434908154971708  0.94635066619743557  0.94830325817836292
  0.95013094734848325  0.95201194714169979  0.95387933011613113  0.95581320767976519
  0.95773882580921643  0.95942604513942809  0.96098764978211826  0.96251639575503478
  0.96400169991786577  0.96543712604799392  0.96677750846231958  0.96797103477706581
  0.96910276898261161  0.97028944200134326  0.97163401748240741  0.97327618284365225
  0.97512000597088344  0.97694305365328382  0.97864577352309057  0.98013451496875215
  0.98157119214655508  0.98312183794187002  0.98484453857570531  0.98659455516223071
  0.98832697336377207  0.99005607523937966  0.99173829524411894  0.99334296758567675
  0.99499614148898252  0.99685701227631618  0.99878779737574952  1.00000000000000000
  0.26342528141503357  0.27027418468383463  0.27896909106627038  0.28784213749055354
  0.29565218364251150  0.30319828713996338  0.31079478565206015  0.31781693462331045
  0.32427166833065790  0.33067115949754061  0.33706920866820850  0.34373705918000691
  0.35039421737230425  0.35665905149205296  0.36243829925012905  0.36797068097815860
  0.37336616260544814  0.37860415491150029  0.38384163729473925  0.38906152738714589
  0.39418351168430682  0.39887902838115619  0.40339899555005898  0.40794456638109899
  0.41252647884024662  0.41707857764051720  0.42197384710551200  0.42649165360304309
  0.43102839188375613  0.43561573718798030  0.44048143349166169  0.44533106617114565
  0.44997103822484502  0.45444380221869285  0.45908000722757303  0.46404071835750915
  0.46907113389926836  0.47388656142446101  0.47864347081699887  0.48337944910709696
  0.48819093375932143  0.49303869512241866  0.49800341929072789  0.50283931556434125
  0.50752699794216427  0.51217004287763213  0.51678557109103263  0.52137956915496808
  0.52587231486825459  0.53032627024619816  0.53476441829764965  0.53919485102290021
  0.54347917541766744  0.54770360379324068  0.55198284938221531  0.55626185039626330
  0.56026789290496015  0.56423459225681838  0.56842014140963693  0.57276252601580080
  0.57720148766377788  0.58161735347867627  0.58603493432503673  0.59046755743808543
  0.59477345972084539  0.59880075722952442  0.60268665323535764  0.60688068293064723
  0.61136066980107151  0.61573576138752872  0.62000821379164750  0.62428701552859445
  0.62851327985069450  0.63283303419366788  0.63729288746357815  0.64176078495683309
  0.64618335493592938  0.65066659112662850  0.65516040609053716  0.65956816799107310
  0.66407222157148860  0.66870994537335404  0.67315274253744595  0.67732765846133314
  0.68140214625565376  0.68547773188832883  0.68962309084208173  0.69506476667619577
  0.70020179697770779  0.70541772806608682  0.71109326186243194  0.71840098861315738
  0.72590535631478392  0.73236601035190341  0.73591509168613090  1.00000000000000000
   1.2684059364860741E-010  -1.0000000000000000     
  <DiscreteSampler_grid>
  Helicity
  1 # 1 for a reference and 2 for a running grid.
  40 # Attribute 'min_bin_probing_points' of the grid.
  1 # Attribute 'grid_mode' of the grid. 1=='default',2=='initialization'
  0.0000000000000000 # Attribute 'small_contrib_threshold' of the grid.
  0.5000000000000000 # Attribute 'damping_power' of the grid.
 # binID   n_entries weight   weight_sqr   abs_weight
    1   265   4.328338476915588E-010   8.958077755197176E-018   4.328338476915588E-010
    2   671   1.397941820908959E-009   1.531955130458370E-016   1.397941820908959E-009
    4   456   9.735620665021837E-010   8.024987961297539E-017   9.735620665021837E-010
    5   34   2.436275509373927E-011   2.309691774065871E-021   2.436275509373927E-011
    6   468   9.187983679982596E-010   1.243537251744622E-016   9.187983679982596E-010
    7   925   1.854286139813216E-009   4.389965159155721E-016   1.854286139813216E-009
    9   838   1.340467604645960E-009   1.882131426253020E-016   1.340467604645960E-009
    10   707   1.329545655899869E-009   1.753160759956647E-016   1.329545655899869E-009
    12   111   1.413263106644137E-010   4.558191711626518E-020   1.413263106644137E-010
    13   1184   2.255000494453926E-009   8.619887003181627E-016   2.255000494453926E-009
    14   102   1.139762309139176E-010   7.168808803999486E-020   1.139762309139176E-010
    15   2212   4.444022826478595E-009   1.973979096005627E-015   4.444022826478595E-009
    16   397   7.550671184676678E-010   5.671977838992961E-017   7.550671184676678E-010
    17   263   4.996132619887019E-010   7.751498611053552E-018   4.996132619887019E-010
    18   382   4.738665921769377E-010   2.751759903279117E-018   4.738665921769377E-010
    19   71   7.468077624207350E-011   2.532321386155448E-020   7.468077624207350E-011
    20   932   1.900940199321201E-009   3.432941437679111E-016   1.900940199321201E-009
    21   560   1.226892973277157E-009   1.011417218011510E-016   1.226892973277157E-009
    22   795   1.363458163669775E-009   2.226624639033689E-016   1.363458163669775E-009
    23   1   2.451438302110941E-012   6.009549749056572E-024   2.451438302110941E-012
    24   407   8.795619817815499E-010   6.701311370024319E-017   8.795619817815499E-010
    25   572   1.057672550641206E-009   1.756851076575413E-016   1.057672550641206E-009
    26   136   1.677120070529433E-010   1.581362733910772E-019   1.677120070529433E-010
    27   432   5.360347742042357E-010   2.976369306764730E-018   5.360347742042357E-010
    29   1280   2.727054273663061E-009   3.696339624426216E-016   2.727054273663061E-009
    30   126   2.118313593233901E-010   1.706528014018704E-018   2.118313593233901E-010
    31   696   1.379769120698391E-009   3.196389130081798E-016   1.379769120698391E-009
    32   676   1.458371267639827E-009   3.529977301927290E-016   1.458371267639827E-009
    33   336   7.907282132322125E-010   5.071008664645317E-017   7.907282132322125E-010
    35   30   3.465679162417635E-011   2.944953078617097E-021   3.465679162417635E-011
    38   337   7.456322668446810E-010   4.707465248004133E-017   7.456322668446810E-010
    39   1015   1.946947244302531E-009   2.416018858151062E-016   1.946947244302531E-009
    40   593   1.277297190655989E-009   1.494007254757202E-016   1.277297190655989E-009
    41   731   1.279426730813172E-009   8.342738179840083E-017   1.279426730813172E-009
    42   18   2.202577740405869E-011   1.318274434358527E-021   2.202577740405869E-011
    43   245   6.843036801827559E-010   4.083955707377794E-017   6.843036801827559E-010
    44   1379   2.647622394763457E-009   1.111363569506814E-015   2.647622394763457E-009
    45   594   1.351949656804368E-009   2.600186952148546E-016   1.351949656804368E-009
    46   578   6.595533365232718E-010   2.729269074617249E-018   6.595533365232718E-010
    47   168   3.385239354325155E-010   4.777157362792229E-018   3.385239354325155E-010
    48   329   6.037469626867580E-010   2.613661894498585E-017   6.037469626867580E-010
    49   588   9.859865689296937E-010   7.141035637336842E-017   9.859865689296937E-010
    50   711   1.390386653051561E-009   3.100833990801294E-016   1.390386653051561E-009
    51   95   1.761562570527105E-010   6.052208466410603E-019   1.761562570527105E-010
    52   530   8.009023406341636E-010   3.267155395047081E-017   8.009023406341636E-010
    53   782   1.555411925783232E-009   1.698313623090535E-016   1.555411925783232E-009
    54   1097   2.038504009978981E-009   5.455667449042403E-016   2.038504009978981E-009
    55   68   6.923847481549746E-011   3.957474884120737E-020   6.923847481549746E-011
    56   333   4.792602527052777E-010   4.376909743049551E-018   4.792602527052777E-010
    57   5   1.367988991431777E-011   6.584636818924658E-022   1.367988991431777E-011
    58   767   1.613908271661045E-009   2.543156662966750E-016   1.613908271661045E-009
    60   186   1.799315413968813E-010   7.643050930001222E-020   1.799315413968813E-010
    61   1088   2.228478230062864E-009   2.745748996941611E-016   2.228478230062864E-009
    62   968   2.062020611574899E-009   5.182050857796780E-016   2.062020611574899E-009
    64   852   1.664026649312462E-009   3.757462049834753E-016   1.664026649312462E-009
  </DiscreteSampler_grid>
  <DiscreteSampler_grid>
  grouped_processes
  1 # 1 for a reference and 2 for a running grid.
  10 # Attribute 'min_bin_probing_points' of the grid.
  1 # Attribute 'grid_mode' of the grid. 1=='default',2=='initialization'
  0.0000000000000000 # Attribute 'small_contrib_threshold' of the grid.
  0.5000000000000000 # Attribute 'damping_power' of the grid.
 # binID   n_entries weight   weight_sqr   abs_weight
    13   10   2.536574502712148E-001   1.966949699663909E-001   2.536574502712148E-001
    14   10   2.536574502712148E-001   1.966949699663910E-001   2.536574502712148E-001
    16   10   2.154404946486367E-002   1.225114310770483E-003   2.154404946486367E-002
    17   10   2.154404946486367E-002   1.225114310770483E-003   2.154404946486367E-002
    22   10   2.536574502712148E-001   1.966949699663909E-001   2.536574502712148E-001
    23   10   2.536574502712148E-001   1.966949699663910E-001   2.536574502712148E-001
    25   10   2.154404946486367E-002   1.225114310770483E-003   2.154404946486367E-002
    26   10   2.154404946486367E-002   1.225114310770483E-003   2.154404946486367E-002
  </DiscreteSampler_grid>
