  0.00000011213276831  0.00000011592808271  0.00000011842556183  0.00000012123805514
  0.00000012412461143  0.00000012693247460  0.00000012962424818  0.00000013231014411
  0.00000013503635710  0.00000013789090421  0.00000014084020748  0.00000014378085198
  0.00000014667203080  0.00000014969838583  0.00000015318540993  0.00000015700830098
  0.00000016095198232  0.00000016505452653  0.00000016909011374  0.00000017303321624
  0.00000017723038508  0.00000018141091438  0.00000018618036660  0.00000019117414711
  0.00000019650624490  0.00000020199857508  0.00000020736700780  0.00000021268506465
  0.00000021814175911  0.00000022380265384  0.00000022965682639  0.00000023581718714
  0.00000024226698699  0.00000024887180383  0.00000025565529520  0.00000026253764508
  0.00000026959907822  0.00000027687085305  0.00000028435251062  0.00000029191399970
  0.00000029949486688  0.00000030679249626  0.00000031420502552  0.00000032250495606
  0.00000033106530328  0.00000033981736824  0.00000034888664910  0.00000035811424352
  0.00000036757349528  0.00000037724285734  0.00000038755548854  0.00000039840147023
  0.00000040966041666  0.00000042104391074  0.00000043288903653  0.00000044534568116
  0.00000045834799299  0.00000047148071374  0.00000048492516359  0.00000049939315118
  0.00000051516902499  0.00000053224528003  0.00000055040588986  0.00000056981436004
  0.00000059008579985  0.00000061129495360  0.00000063361613782  0.00000065853680070
  0.00000068629140059  0.00000071493697971  0.00000074671598871  0.00000078079346332
  0.00000081716574867  0.00000085606823747  0.00000089879709254  0.00000094613320181
  0.00000099837868473  0.00000105592851456  0.00000111974070442  0.00000119081590371
  0.00000126941551847  0.00000135766429776  0.00000146263151857  0.00000158208725685
  0.00000172369580626  0.00000190176546989  0.00000211741629534  0.00000239325381761
  0.00000277027168457  0.00000333037461946  0.00000427379225713  0.00000605074901203
  0.00000993119838161  0.00001845167595461  0.00011210556693913  1.00000000000000000
  0.00000011636356959  0.00000012278914950  0.00000012791126053  0.00000013347434546
  0.00000013952880691  0.00000014505952398  0.00000015071820926  0.00000015661293496
  0.00000016249479390  0.00000016892414511  0.00000017549575566  0.00000018218866736
  0.00000018893741003  0.00000019572669859  0.00000020265455057  0.00000020969522344
  0.00000021688370633  0.00000022430613782  0.00000023200402417  0.00000023997884088
  0.00000024822191844  0.00000025679277197  0.00000026561708289  0.00000027439253258
  0.00000028352818387  0.00000029272683199  0.00000030187404105  0.00000031116475634
  0.00000032086629229  0.00000033122085980  0.00000034228427122  0.00000035391577917
  0.00000036564628822  0.00000037772652565  0.00000039002480610  0.00000040243162311
  0.00000041420497231  0.00000042598575270  0.00000043852680900  0.00000045228739044
  0.00000046779213049  0.00000048399182284  0.00000050098960815  0.00000051848754755
  0.00000053734530376  0.00000055713224741  0.00000057763930991  0.00000059908879666
  0.00000062182815058  0.00000064664097510  0.00000067299806670  0.00000070042002680
  0.00000072884187478  0.00000075876375432  0.00000079059217198  0.00000082423242314
  0.00000085949308347  0.00000089647376455  0.00000093529611261  0.00000097684904572
  0.00000102043609541  0.00000106605759672  0.00000111373293577  0.00000116610669695
  0.00000122293357618  0.00000128057000467  0.00000134022744964  0.00000140434677857
  0.00000147471993529  0.00000154857656374  0.00000162543515628  0.00000170888180197
  0.00000180193268860  0.00000190363043255  0.00000201503468491  0.00000213762702219
  0.00000227058962481  0.00000241407428303  0.00000257267728189  0.00000274998249464
  0.00000295131024285  0.00000318544951526  0.00000345819212421  0.00000377360681655
  0.00000414877035433  0.00000462058137265  0.00000521921131645  0.00000594326969789
  0.00000688014925082  0.00000820151849272  0.00000999163938270  0.00001255929481411
  0.00001672743729250  0.00002416924044995  0.00004088482745091  1.00000000000000000
  0.00000016162488124  0.00000019525016587  0.00000021804582533  0.00000023882790465
  0.00000025995365303  0.00000028177671277  0.00000030353454393  0.00000032520078126
  0.00000034774808555  0.00000037057974951  0.00000039378830398  0.00000041685558571
  0.00000044003883072  0.00000046340053687  0.00000048644370160  0.00000050939581472
  0.00000053227474386  0.00000055595771208  0.00000058021502349  0.00000060486883899
  0.00000062946126451  0.00000065421196684  0.00000067908241072  0.00000070415729835
  0.00000072995719462  0.00000075640300091  0.00000078304828704  0.00000080923888765
  0.00000083590644869  0.00000086297255102  0.00000089116173752  0.00000092011317594
  0.00000094927421832  0.00000097740706074  0.00000100577833366  0.00000103460172919
  0.00000106657706716  0.00000109962840921  0.00000113382935070  0.00000116860286878
  0.00000120405803376  0.00000124015558624  0.00000127693042320  0.00000131369893725
  0.00000135132269002  0.00000138957792600  0.00000143033261509  0.00000147229925318
  0.00000151615585571  0.00000156129795483  0.00000160746598892  0.00000165493793449
  0.00000170436011806  0.00000175575438703  0.00000180884098996  0.00000186368305688
  0.00000192072229966  0.00000198043361784  0.00000204345110652  0.00000210975522604
  0.00000217782817371  0.00000224943678768  0.00000232471379821  0.00000240395392287
  0.00000248867355346  0.00000257821140985  0.00000267459411160  0.00000277394309355
  0.00000288166207396  0.00000300494517870  0.00000313656547754  0.00000327622150255
  0.00000342673135332  0.00000359630674104  0.00000378096168676  0.00000398145824421
  0.00000420521222298  0.00000446811893915  0.00000476197138667  0.00000508992864929
  0.00000546854140625  0.00000591398289808  0.00000643229923881  0.00000703511446208
  0.00000777112254058  0.00000869611010250  0.00000987174242617  0.00001123208523758
  0.00001273630750961  0.00001419858636877  0.00001560364065806  0.00001725701520471
  0.00001926006019906  0.00002277385438997  0.00003689401868323  1.00000000000000000
 -0.00291329586551952  0.01209369959839850  0.02122395205400277  0.03152776022974541
  0.04188568457242738  0.05284171950682040  0.06455696225991990  0.07597056758926621
  0.08654511272264027  0.09610575037843058  0.10563506963764037  0.11545744462760356
  0.12528778220398770  0.13540741466917144  0.14548161599785933  0.15489586308066811
  0.16386756741019623  0.17278945272188109  0.18160346991724460  0.19005484185591334
  0.19818467504380011  0.20626288118441086  0.21439893224190607  0.22254675756941383
  0.23075123848830856  0.23906012550422923  0.24734028291106450  0.25562991621351411
  0.26401601741161085  0.27252440655750237  0.28087402396269362  0.28919426521806607
  0.29772365795489264  0.30627046466585539  0.31479911890060608  0.32327811384933491
  0.33177287481341211  0.34050773795279693  0.34943461032841405  0.35830293459146872
  0.36696303291366761  0.37549631244231518  0.38401076237226234  0.39249698779371245
  0.40095067548758889  0.40934783564453081  0.41754267616182678  0.42542113871663989
  0.43340088995807519  0.44169725208880584  0.45074829793690141  0.45995521295533609
  0.46909905017232600  0.47827303992192471  0.48730645767076747  0.49613236926265702
  0.50494225777105384  0.51355198288433179  0.52179979889074346  0.52991862691059244
  0.53829787222049763  0.54703163943596522  0.55593832239331420  0.56471424768499323
  0.57343327267317457  0.58230749713994190  0.59154948057329593  0.60104434582727972
  0.61076557029198753  0.62081705748968097  0.63134001092125569  0.64213389874484739
  0.65277598836491257  0.66323547281778106  0.67342525347664073  0.68368397512974544
  0.69409179831799095  0.70462500828311991  0.71567536568974610  0.72743152014982726
  0.73982759554128197  0.75316536478483742  0.76727590630339171  0.78171178913315387
  0.79803498916588667  0.81570736045641612  0.83404595809299820  0.85416623808650760
  0.87458600557643285  0.89408338376110197  0.91377506275988341  0.93416345554116276
  0.95326936558370456  0.97010310780678677  0.98550766972045700  1.00000000000000000
 -0.00211656230333175  0.00873919870161525  0.01815654954873012  0.02872540601925978
  0.03858688546770027  0.04898193386307954  0.05936508564853370  0.06979715779598995
  0.07987897131860952  0.09010491022406240  0.10066212950961211  0.11127906614201426
  0.12167171832482027  0.13217066590046889  0.14241211044057075  0.15311361076864380
  0.16443697567666921  0.17540800401543416  0.18623756880549694  0.19732245499821968
  0.20808238997397063  0.21846107796873029  0.22858712685619295  0.23863566968216698
  0.24894261046258329  0.25982428602302621  0.27040758882263655  0.28219617441184663
  0.29321074404253405  0.30358498244361315  0.31427555607683483  0.32504731956747607
  0.33592617533586983  0.34707692052845690  0.35835838422844707  0.36975036803641670
  0.38074631982711066  0.39185455815390352  0.40287326725205291  0.41392832833629761
  0.42478666002500759  0.43566360496639367  0.44664426050950845  0.45753306514893455
  0.46804662719462742  0.47870997258764741  0.48992870161858593  0.50127701486735821
  0.51177047226905892  0.52188139973153302  0.53224841941487611  0.54294648488839614
  0.55375803869893492  0.56490775389637027  0.57602468200429002  0.58686951157142198
  0.59730936767970788  0.60762712609757241  0.61813549340679397  0.62872467531754794
  0.63908047027439085  0.64928830314543950  0.65961152490940156  0.67023464353889317
  0.68116842061101124  0.69216724330834889  0.70318938402626985  0.71424757623989621
  0.72510278168446973  0.73553323358652822  0.74580552872993700  0.75597718267581404
  0.76573771222904352  0.77558609019156499  0.78532099529252364  0.79570439032119100
  0.80610021938439069  0.81665323610627982  0.82738806456783298  0.83808789464362132
  0.84923088650991141  0.86042702801339055  0.87092795785404420  0.88100971439608589
  0.89106000864527835  0.90121974451484443  0.91124299097107586  0.92079545290995035
  0.93034605487863453  0.94031292231661856  0.95026203773688445  0.96024839939236073
  0.97063003253004043  0.98018155236609639  0.99029843026519859  1.00000000000000000
 -0.00148508249994677  0.00721766918337589  0.01321469536705971  0.02178179965158910
  0.03280908932903905  0.04297355704336705  0.05351980404624813  0.06411643198425081
  0.07452500439914508  0.08468344595994429  0.09490270985899704  0.10534349541787283
  0.11586027092043902  0.12621369124734177  0.13643082280814772  0.14677690541462396
  0.15728362506321300  0.16775523113635338  0.17821935534799219  0.18887445443840289
  0.19979977739578422  0.21082289371913740  0.22178357407034949  0.23263922302252607
  0.24349728647671107  0.25429093899193284  0.26496054398070162  0.27579817510071708
  0.28664316184825606  0.29717607778248978  0.30743385635606402  0.31792299831333332
  0.32867777150344996  0.33942814788736642  0.35019332444143564  0.36131894642476620
  0.37279190230137926  0.38404196144024100  0.39488373793188380  0.40600141475058549
  0.41793774810187523  0.43014065498167475  0.44198459522343803  0.45374562093989840
  0.46522238926795434  0.47605572653645239  0.48691625795880555  0.49762924611247267
  0.50811654457429289  0.51864564666052271  0.52951931169440447  0.54056053839562179
  0.55113644059629507  0.56156437794358793  0.57169074696762090  0.58085104068142668
  0.59011862432988393  0.59959334096841954  0.61007813110670794  0.62009026235521703
  0.63080395148998936  0.64248685490906576  0.65283281703793139  0.66330205443088341
  0.67388365872714417  0.68423997937997361  0.69454139730583730  0.70496516057957948
  0.71566077075275780  0.72623979786933734  0.73655957693377916  0.74701048185771668
  0.75766404910851359  0.76838228490326643  0.77890747285505246  0.78927660626905316
  0.79962864279801826  0.81008769352446885  0.82058444696566546  0.83107272841422031
  0.84145593870126179  0.85180387419440373  0.86233614802103253  0.87282148163573037
  0.88301497822664432  0.89315904601111984  0.90360798309783208  0.91433146682555533
  0.92499231528540249  0.93549462882761636  0.94598487461165126  0.95656243067483959
  0.96727695717212026  0.97795570714274593  0.98890311835810030  1.00000000000000000
  0.00000178289633638  0.00000195750132321  0.00000208528279221  0.00000226083240993
  0.00000245297697388  0.00000268749069738  0.00000295199537925  0.00000323515175317
  0.00000353175748271  0.00000384120106753  0.00000416371670865  0.00000449839761665
  0.00000483872223079  0.00000517117042319  0.00000550002248090  0.00000582692783867
  0.00000615737810753  0.00000648397853799  0.00000680678211947  0.00000712584579087
  0.00000744217268061  0.00000775592828167  0.00000806769656208  0.00000836832993714
  0.00000868191072638  0.00000901548652879  0.00000935714519423  0.00000970714482879
  0.00001005238602907  0.00001039116381605  0.00001073180496100  0.00001107433977361
  0.00001141646137195  0.00001176135827956  0.00001211095376177  0.00001246375744631
  0.00001281996789793  0.00001316992038350  0.00001351437985639  0.00001385260979073
  0.00001418184114178  0.00001451782975715  0.00001485601532615  0.00001520853790130
  0.00001556785894850  0.00001593866164065  0.00001631012190237  0.00001667500023962
  0.00001702407569937  0.00001734809401806  0.00001766174564776  0.00001796839507518
  0.00001828368155712  0.00001861711388594  0.00001897703280951  0.00001936026564052
  0.00001973586426879  0.00002007556124598  0.00002040159616256  0.00002071491692797
  0.00002105456439296  0.00002138735623082  0.00002176544982890  0.00002213111853003
  0.00002249572651889  0.00002286752775753  0.00002325617295481  0.00002365210556316
  0.00002403502421994  0.00002440857040889  0.00002477496914360  0.00002514219445854
  0.00002548252876506  0.00002584412706182  0.00002623741075189  0.00002656067545133
  0.00002688818915864  0.00002722362774233  0.00002757070162785  0.00002796087279849
  0.00002834635367504  0.00002865738422808  0.00002894572627363  0.00002923455946706
  0.00002951509974176  0.00002982492275981  0.00003028792629188  0.00003070278287209
  0.00003118177159456  0.00003185101336397  0.00003270340536834  0.00003407702365984
  0.00004133513750060  0.00004456071698463  0.00011467846348778  1.00000000000000000
 -0.00200808635268520  0.00765703192675199  0.01653103897909684  0.02589145171524773
  0.03543466219564641  0.04541793908887501  0.05549738551390614  0.06531937034956038
  0.07505174241412110  0.08458687791884900  0.09411035179715603  0.10357565506071152
  0.11296022266226870  0.12247848876605094  0.13239941470332700  0.14262651696871362
  0.15272009994925817  0.16275259187641070  0.17269955497341469  0.18255247650330098
  0.19217171007361364  0.20165818149855186  0.21135194408531924  0.22099206128696214
  0.23025377331265076  0.23909784369470649  0.24784494487237560  0.25687005683374287
  0.26604651046804534  0.27525075934003246  0.28449385790501669  0.29402963294850715
  0.30399449263267214  0.31426345979198755  0.32507417234359853  0.33649919936536310
  0.34874249577289401  0.36177977936083522  0.37529331828871654  0.38872502421192129
  0.40163084039469638  0.41544175645028319  0.43067267221908767  0.44718365740500632
  0.45967492641109731  0.47332466713337984  0.48609639312666003  0.49898932187302081
  0.51282572011883221  0.52713600651395487  0.54104184887976337  0.55277726054179810
  0.56357773980641335  0.57557364681636713  0.58897391253118381  0.60269110991023433
  0.61669810930916924  0.63105030072749457  0.64566876860700073  0.65976484897539933
  0.67318543488135685  0.68544682401839352  0.69600445019582757  0.70594721476674827
  0.71550244217091630  0.72471156932022673  0.73387467397977313  0.74277997636012016
  0.75152209465669617  0.76038242723803195  0.76929279848214172  0.77808344428934906
  0.78688524690953399  0.79613181236360786  0.80570660584647580  0.81535565217882300
  0.82505092480360176  0.83464015519408996  0.84418460576223842  0.85360789645380131
  0.86283502634245668  0.87226761711364920  0.88185360801087409  0.89148803277760702
  0.90109065940267385  0.91080339356691908  0.92024508225339452  0.92970285461412738
  0.93894746547472308  0.94786239128861438  0.95665724397727148  0.96511834181460920
  0.97348167121323415  0.98183929854616314  0.99080966156665773  1.00000000000000000
  0.70290924793389731  0.70614416891847642  0.70937908990305543  0.71261401088763454
  0.71584893187221355  0.71851419052096466  0.72052568752062229  0.72253718452028004
  0.72454868151993779  0.72932344600935162  0.73561703756537578  0.74164835680183128
  0.74748785203866652  0.75332127775166025  0.75892800221455670  0.76417008567303468
  0.76918714695376200  0.77408218200382428  0.77888332543642591  0.78344669977225656
  0.78785275215770623  0.79218986930676571  0.79643124978801227  0.80053764792773252
  0.80453983476270907  0.80852437944822597  0.81239849637907935  0.81607877721147970
  0.81962166872701991  0.82298739994260595  0.82618461889725003  0.82931323056273820
  0.83245525551086352  0.83561050930621006  0.83870655594012056  0.84175009096805109
  0.84472142146358564  0.84762281917143745  0.85046361561531736  0.85324077313783031
  0.85596497984192443  0.85863544395527513  0.86121589320069214  0.86374748585002192
  0.86624330570730501  0.86871773187214008  0.87111603544406391  0.87349725679208001
  0.87595520145389694  0.87844386827101495  0.88086952062341939  0.88321860612478564
  0.88549933147374782  0.88776379039272213  0.88999991656961042  0.89220042654286713
  0.89438207796051605  0.89655669884145950  0.89868662885071160  0.90077723071943050
  0.90288954932315091  0.90502503418926550  0.90721335727730446  0.90944511992065458
  0.91165926966436683  0.91381941829202040  0.91589859529121254  0.91796191848443098
  0.92009588230891393  0.92224031088701108  0.92439344360292652  0.92652324368681516
  0.92856200236869701  0.93055003401223890  0.93250193953528326  0.93450181690213441
  0.93657599511940315  0.93870339743895881  0.94084479794066811  0.94302239147974032
  0.94522622299279890  0.94743980210274836  0.94965327273193567  0.95182536813326502
  0.95384621606800990  0.95613740324672236  0.95842605371728817  0.96084175282114792
  0.96357856373386319  0.96698390952604341  0.97068697674554449  0.97406685922970837
  0.97665123999321468  0.97987863391572461  0.98557177300108978  1.00000000000000000
  0.26175207837796577  0.27909395621865218  0.28678470911751436  0.29422547341089289
  0.30116329609985887  0.30804070580354864  0.31464414738553159  0.32090945496520185
  0.32694406209262833  0.33278084970315347  0.33819508952956689  0.34360291799677495
  0.34905385772639425  0.35431701130036397  0.35954187740266452  0.36473247931689734
  0.36988133261275796  0.37493593434875178  0.37985723608826316  0.38458060774283193
  0.38887770185161441  0.39304438590928886  0.39736702195006629  0.40192954760795674
  0.40647038601548746  0.41092385172533624  0.41532512361127610  0.41961327509763152
  0.42385457193871973  0.42810611867480025  0.43234788187573403  0.43667050091788978
  0.44107301150012207  0.44546640427099754  0.44984239638802243  0.45424528101197276
  0.45872912782859032  0.46316534096795559  0.46749182806474610  0.47166525914066099
  0.47579148633513424  0.47998118278088736  0.48414163627048623  0.48826495146248761
  0.49232390662870590  0.49644955821059328  0.50062667105083425  0.50478880057242392
  0.50897968587688058  0.51315911957810478  0.51730085020116678  0.52148761346151251
  0.52574936150522633  0.53012386032267578  0.53445034999067864  0.53866629320181614
  0.54287181223465408  0.54722979189073317  0.55176315172362811  0.55631969969726902
  0.56069680493393637  0.56497101910620162  0.56931807562488679  0.57349130429169470
  0.57768751011052244  0.58188360421044405  0.58625993399843801  0.59049733241151248
  0.59486321611383275  0.59921401857491718  0.60364073572002930  0.60816213037382261
  0.61273287400697996  0.61729255438307340  0.62189065554728262  0.62659787124663124
  0.63143596729519924  0.63639906947593994  0.64150861439024864  0.64676329322043535
  0.65212142590982569  0.65757432252743031  0.66334389570801222  0.66950297622628074
  0.67569970086504139  0.68215149049388457  0.68971484636068947  0.69830583983419847
  0.70564508361155742  0.70986931674255926  0.71477858821530260  0.71928167118611497
  0.72663537013843171  0.73561565321521405  0.77413999465658090  1.00000000000000000
   8.5721395872316433E-012  -1.0000000000000000     
  <DiscreteSampler_grid>
  Helicity
  1 # 1 for a reference and 2 for a running grid.
  20 # Attribute 'min_bin_probing_points' of the grid.
  1 # Attribute 'grid_mode' of the grid. 1=='default',2=='initialization'
  0.0000000000000000 # Attribute 'small_contrib_threshold' of the grid.
  0.5000000000000000 # Attribute 'damping_power' of the grid.
 # binID   n_entries weight   weight_sqr   abs_weight
    3   2615   1.752699928044660E-009   7.223700002197682E-017   1.752699928044660E-009
    5   2891   1.930228168934093E-009   8.558202673305111E-017   1.930228168934093E-009
    6   65   5.234443523760207E-011   3.878753468493555E-020   5.234443523760207E-011
    7   239   1.386634167561845E-010   2.315731085846382E-019   1.386634167561845E-010
    9   982   6.021258403373396E-010   6.991817647575454E-018   6.021258403373396E-010
    10   1370   9.157314207862850E-010   2.196311148376560E-017   9.157314207862850E-010
    12   586   3.868794157082225E-010   2.160196406170715E-018   3.868794157082225E-010
    13   3712   2.458835323616434E-009   1.421556712960988E-016   2.458835323616434E-009
    14   304   1.797498835178601E-010   3.649579989825837E-019   1.797498835178601E-010
    15   152   9.771381354197891E-011   1.228666070727090E-019   9.771381354197891E-011
    16   9171   6.069140659866674E-009   5.348562332375278E-015   6.069140659866674E-009
    17   882   5.658111473072005E-010   5.763973212362384E-018   5.658111473072005E-010
    18   43   2.648921786828039E-011   5.243905757904708E-021   2.648921786828039E-011
    19   1668   1.129763625176638E-009   5.829353665512628E-017   1.129763625176638E-009
    20   2184   1.430392896636765E-009   8.173120577754440E-017   1.430392896636765E-009
    21   7349   4.869163167022607E-009   8.350663406825413E-016   4.869163167022607E-009
    22   122   1.002076132333645E-010   7.065366474999695E-020   1.002076132333645E-010
    23   2457   1.645319351897419E-009   9.818321929207235E-017   1.645319351897419E-009
    25   1283   8.862870147702397E-010   2.054459886468627E-017   8.862870147702397E-010
    26   3348   2.242817271302249E-009   1.937770816548967E-016   2.242817271302249E-009
    27   317   2.110649416856592E-010   3.634626965517924E-019   2.110649416856592E-010
    29   1130   7.488101974064343E-010   2.090056705976301E-017   7.488101974064343E-010
    30   770   5.264099778381781E-010   3.112989480256274E-018   5.264099778381781E-010
    31   2435   1.576153806077178E-009   2.058190831198235E-016   1.576153806077178E-009
    32   753   4.838127614645383E-010   2.842542552855777E-018   4.838127614645383E-010
    34   2384   1.564275209546167E-009   9.425384929963826E-017   1.564275209546167E-009
    35   790   5.170708417077072E-010   1.364478119461606E-017   5.170708417077072E-010
    37   2342   1.567428753187233E-009   8.399269165895241E-017   1.567428753187233E-009
    39   1330   8.977152948818009E-010   1.289367339881333E-017   8.977152948818009E-010
    40   9461   6.424361149207619E-009   1.172724895608192E-015   6.424361149207619E-009
    41   6137   4.125280647480791E-009   7.583348355332232E-016   4.125280647480791E-009
    42   3052   2.043050801870416E-009   2.468292963634309E-016   2.043050801870416E-009
    44   2151   1.385074889575023E-009   1.136174856053330E-016   1.385074889575023E-009
    45   2216   1.443861522615721E-009   1.584032980310610E-016   1.443861522615721E-009
    47   179   9.146298720189638E-011   6.425718034967049E-020   9.146298720189638E-011
    48   2995   2.068817409873061E-009   1.137636084316749E-016   2.068817409873061E-009
    49   1737   1.120317956386385E-009   9.685838928968692E-017   1.120317956386385E-009
    51   958   6.536798699605582E-010   1.281531079341942E-017   6.536798699605582E-010
    52   3154   2.113330971419617E-009   2.943858229093793E-016   2.113330971419617E-009
    53   1563   1.058222641699055E-009   3.960642111481762E-017   1.058222641699055E-009
    55   2981   2.051805578341147E-009   2.246396740086902E-016   2.051805578341147E-009
    57   2272   1.468168080863687E-009   1.007785611517706E-016   1.468168080863687E-009
    58   2312   1.514435235660002E-009   1.553984760569991E-016   1.514435235660002E-009
    59   1723   1.104926905839469E-009   5.744796867184431E-017   1.104926905839469E-009
    60   5414   3.551257638607157E-009   8.102937313721704E-016   3.551257638607157E-009
    61   194   1.100374840292140E-010   8.360598099465007E-020   1.100374840292140E-010
    62   4576   2.966725358203433E-009   7.075737216451577E-016   2.966725358203433E-009
    63   917   5.716066619084829E-010   7.976273582807078E-018   5.716066619084829E-010
  </DiscreteSampler_grid>
  <DiscreteSampler_grid>
  grouped_processes
  1 # 1 for a reference and 2 for a running grid.
  10 # Attribute 'min_bin_probing_points' of the grid.
  1 # Attribute 'grid_mode' of the grid. 1=='default',2=='initialization'
  0.0000000000000000 # Attribute 'small_contrib_threshold' of the grid.
  0.5000000000000000 # Attribute 'damping_power' of the grid.
 # binID   n_entries weight   weight_sqr   abs_weight
    10   10   1.975158735921737E-004   8.848609882788537E-008   1.975158735921737E-004
    16   10   1.975158735921737E-004   8.848609882788536E-008   1.975158735921737E-004
    22   10   1.975158735921737E-004   8.848609882788537E-008   1.975158735921737E-004
    28   10   1.975158735921737E-004   8.848609882788538E-008   1.975158735921737E-004
  </DiscreteSampler_grid>
