  0.00000013545312458  0.00000013857682968  0.00000014131513447  0.00000014500047026
  0.00000014816635363  0.00000015171170534  0.00000015540630687  0.00000015959042153
  0.00000016423920506  0.00000016864437570  0.00000017386409866  0.00000017808176018
  0.00000018192889863  0.00000018549727376  0.00000018973180494  0.00000019384977830
  0.00000019778868109  0.00000020244738257  0.00000020739150630  0.00000021248073347
  0.00000021750119580  0.00000022244899998  0.00000022775931733  0.00000023336743888
  0.00000023904975965  0.00000024454938061  0.00000024979111519  0.00000025453061523
  0.00000025834894128  0.00000026231324641  0.00000026628464302  0.00000027051822538
  0.00000027474896887  0.00000028024700529  0.00000028628890952  0.00000029322735890
  0.00000030197569269  0.00000031172598547  0.00000032266908760  0.00000033379186159
  0.00000034462380814  0.00000035630475589  0.00000036970567206  0.00000038383288557
  0.00000039855531047  0.00000041356474605  0.00000042901799986  0.00000044447571885
  0.00000045950894583  0.00000047423942246  0.00000048900215780  0.00000050255987823
  0.00000051581229538  0.00000052980922626  0.00000054342789711  0.00000055903477622
  0.00000057484477398  0.00000059416695740  0.00000061321610085  0.00000063323755963
  0.00000065578091853  0.00000068044539673  0.00000070624684310  0.00000073229583619
  0.00000075908733990  0.00000078844040861  0.00000082078329824  0.00000085516593852
  0.00000089178730082  0.00000093310287861  0.00000098074239177  0.00000103104255775
  0.00000108103652728  0.00000113044984040  0.00000118687643174  0.00000125437911144
  0.00000132760849379  0.00000140831715308  0.00000150347258246  0.00000161001535226
  0.00000175159693615  0.00000193118807883  0.00000212410329871  0.00000233515576174
  0.00000254759557905  0.00000279962950476  0.00000315911367034  0.00000363799996174
  0.00000432009968216  0.00000535367263761  0.00000691087881326  0.00000918446123014
  0.00001192658477756  0.00001693578860756  0.00002711538620324  1.00000000000000000
  0.00000017907807064  0.00000019783083418  0.00000020617058428  0.00000021228924156
  0.00000021845084370  0.00000022495085795  0.00000023131763929  0.00000023806644881
  0.00000024534927869  0.00000025307337739  0.00000026099118689  0.00000027009003653
  0.00000027928612968  0.00000028757399845  0.00000029547445075  0.00000030368592650
  0.00000031315638013  0.00000032407129675  0.00000033525961843  0.00000034497736939
  0.00000035508853744  0.00000036734870149  0.00000038135401851  0.00000039634229639
  0.00000041170853378  0.00000042791697111  0.00000044555926237  0.00000046393031020
  0.00000048203987079  0.00000050081328366  0.00000052333566367  0.00000055282990951
  0.00000059095987776  0.00000062474663603  0.00000065486236321  0.00000068226170327
  0.00000070865271372  0.00000073575641957  0.00000076432074271  0.00000079613181947
  0.00000083274918546  0.00000086773689472  0.00000090440846012  0.00000094465575750
  0.00000097812087599  0.00000101178968617  0.00000104550834067  0.00000107529816999
  0.00000110812637263  0.00000115390360655  0.00000120953919735  0.00000126816229076
  0.00000133066550093  0.00000139638629663  0.00000146580325252  0.00000154012967020
  0.00000161747677854  0.00000169882903212  0.00000179251372512  0.00000189245101654
  0.00000200218294116  0.00000211552405577  0.00000221852200628  0.00000231441792876
  0.00000240994994588  0.00000251960642620  0.00000264814060138  0.00000277696619798
  0.00000289075021671  0.00000300328584810  0.00000313575354432  0.00000330926262383
  0.00000348725282993  0.00000369692345614  0.00000395808032685  0.00000424911139167
  0.00000454626704719  0.00000483656813951  0.00000512718664043  0.00000549122462015
  0.00000591122764573  0.00000639287471239  0.00000695818396251  0.00000759088135806
  0.00000834537062515  0.00000927116313418  0.00001049234735602  0.00001224391037935
  0.00001369898430316  0.00001484336114227  0.00001632568362960  0.00001907098529052
  0.00002245121045930  0.00002696390676173  0.00005619184043364  1.00000000000000000
  0.00000025034670430  0.00000032603956019  0.00000038588554500  0.00000044368580464
  0.00000049899154938  0.00000055149871689  0.00000059686240244  0.00000063787164837
  0.00000065811131266  0.00000067018719711  0.00000068777831770  0.00000070426901734
  0.00000072027042226  0.00000073588740385  0.00000075436717127  0.00000077486079268
  0.00000079884921953  0.00000082108182049  0.00000084359178536  0.00000086586733217
  0.00000088843113700  0.00000090950675249  0.00000093089376470  0.00000095420923834
  0.00000097722076393  0.00000100097906652  0.00000102559763380  0.00000105106438011
  0.00000107674891109  0.00000110105322082  0.00000112799962419  0.00000116010741327
  0.00000119423970616  0.00000122867966613  0.00000126354674320  0.00000129924367566
  0.00000133445887599  0.00000136808759576  0.00000140036195345  0.00000143324992232
  0.00000146973722922  0.00000150894927457  0.00000154741056213  0.00000158486333275
  0.00000162322518971  0.00000166423941654  0.00000170846303216  0.00000174771893402
  0.00000178561051728  0.00000182342912196  0.00000186249225494  0.00000190239074807
  0.00000194485292454  0.00000198806163283  0.00000202975363093  0.00000207094969663
  0.00000211679541109  0.00000217373350698  0.00000222815354981  0.00000227808282516
  0.00000232782299709  0.00000238210307644  0.00000245444474472  0.00000253198877127
  0.00000260322163239  0.00000267734742355  0.00000276019491632  0.00000284514506526
  0.00000291004175990  0.00000299017704927  0.00000307954722532  0.00000317342640722
  0.00000327978568890  0.00000339867622307  0.00000355650842404  0.00000374116746364
  0.00000392408905493  0.00000411965388467  0.00000435165431995  0.00000463589545130
  0.00000496653509843  0.00000531603545745  0.00000567672418581  0.00000607041512554
  0.00000651950178624  0.00000701263857175  0.00000750276108670  0.00000800977769918
  0.00000848500612476  0.00000885155732149  0.00000935070674010  0.00000993880306463
  0.00001111547725106  0.00001790186471551  0.00005106740737359  1.00000000000000000
  0.03037203135273021  0.04093585813498184  0.04951185213047304  0.05742250298187863
  0.06532742187937482  0.07200273822671201  0.07389622083274053  0.07501526665154785
  0.08041211306188438  0.08710864174062770  0.09117939017407484  0.10424285333757156
  0.12459088701829793  0.14341237803749918  0.16599184818201271  0.19423784906858790
  0.21062686617061491  0.22554642937286667  0.24030416074961455  0.25439834099372477
  0.26892214545509857  0.28296621618796364  0.29624919356731383  0.30859851987946713
  0.32053827383997369  0.33313844554216271  0.34765240201926384  0.36086629726813113
  0.37196172754688123  0.38150768797487572  0.39063182929973078  0.39966708216742292
  0.40889836003365454  0.41793717183058821  0.42561709293573013  0.43293965184858862
  0.44006825335387845  0.44694489491146211  0.45372208351781662  0.46060269580018748
  0.46777363229452446  0.47493750691473624  0.48292871000010779  0.49187534055175153
  0.50081686013740190  0.50960121998821351  0.51853061849637316  0.52758402376153701
  0.53627980724658708  0.54529794655275443  0.55364261878195076  0.56211720777985918
  0.57163124353191441  0.58062099494295383  0.59001543441617110  0.60296763961745703
  0.61784782794473592  0.63028345454554457  0.63491359939404812  0.64311044744323143
  0.65099419788303070  0.65948534160227601  0.66770833767736237  0.67584694630022280
  0.68418527390288530  0.69317333530468872  0.70213492543309619  0.71072039045367363
  0.71911838345353762  0.72749369905687422  0.73574893330083235  0.74418716926925532
  0.75341984391912564  0.76375244020986077  0.77561898272012253  0.78676110208110495
  0.79584602361198853  0.80313167525396434  0.81102751690196018  0.81873921105325720
  0.82661940196036443  0.83434099532445916  0.84239584669210865  0.85027406403990302
  0.85782982798335228  0.86581468591853328  0.87434329902712948  0.88314317250177665
  0.89365462786884975  0.90517547047692448  0.91741632829683495  0.93195634943289207
  0.94197485594899966  0.95331432700025964  0.97403334543028819  1.00000000000000000
  0.00204249204569847  0.01687521875961661  0.02842842938714440  0.03542049559281474
  0.04561520960034473  0.05783859032495933  0.07274110600530488  0.08843362257593058
  0.10355633519985077  0.11752125788421960  0.13043349687242778  0.14262427648869741
  0.15596422747898683  0.16876350811209528  0.17998930367088034  0.19247373895004308
  0.20630263802788068  0.21799300276700762  0.22903043901159892  0.24096662091063392
  0.25288739618661699  0.26444349513960869  0.27559113571813870  0.28637622534615276
  0.29685868781484082  0.30579687596867011  0.31331810666238863  0.32205343233385791
  0.33153868071361209  0.34188397071734111  0.35478823074779814  0.36561157924120008
  0.37612525369895577  0.38754643294644131  0.39734419941318411  0.40632240400796321
  0.41457898820309658  0.42302286991000237  0.43249677982716339  0.44270000298807344
  0.45325936678111967  0.46364088198690850  0.47356381925516094  0.48361419325575949
  0.49449430782707665  0.50542117220840588  0.51590972351162301  0.52711250205160487
  0.54172020723709169  0.54828974186389179  0.55618708383147275  0.56407213472801276
  0.57039447110021091  0.57585000783981033  0.58135818603122891  0.58840338276702941
  0.59602654068704630  0.60343969615362536  0.61429663800186396  0.62768160184050159
  0.64081804185427227  0.65202582660838071  0.66136840907836292  0.67064108318482274
  0.67975712791986487  0.68960518438815854  0.69918362528761235  0.70840018847415931
  0.71762779464907034  0.72756372486720533  0.73920112336191912  0.75420263390102882
  0.77000512724587455  0.78343487317422411  0.79222587666197508  0.79828719411445459
  0.80590287932010318  0.81538716292901259  0.82405449469892378  0.83260983494144225
  0.84057754356093273  0.84771816145906864  0.85676047706658909  0.86704555289943996
  0.87743289935072266  0.88728022951723839  0.89746582444766920  0.91033278782164151
  0.92250700518818340  0.93453625044001365  0.94549002514116276  0.95646867357742116
  0.96857784539924641  0.98035691253250079  0.99089101724915618  1.00000000000000000
  0.00397966369435068  0.01364964704822634  0.02058500153814207  0.02721127283951493
  0.03405814989553056  0.04160542683059427  0.04862425665737615  0.05197682697265920
  0.05486903137867066  0.05944786482358651  0.07019660646313106  0.08167597081231839
  0.09127038608586527  0.09999470432818403  0.10881096774673468  0.11759571298432946
  0.12681173248637276  0.13625675182635966  0.14653236362317412  0.15797314269644214
  0.16971454787043755  0.18003618518891212  0.18963260927207432  0.19847337182957583
  0.20657490220911295  0.21484412450104584  0.22426871231066051  0.23386630619329010
  0.24417062851978941  0.25699531949273052  0.27076450413898145  0.28219753511814283
  0.29244097288302018  0.30222442461572940  0.31167072790385369  0.32104615322893887
  0.33113532913306709  0.34288269443804392  0.35545289079949260  0.36777599502467651
  0.37787066695631588  0.38603785794316003  0.39454125699026393  0.40436830268306923
  0.41434242942449329  0.42354005241973536  0.43191069462530829  0.44181495046004676
  0.45409211498260049  0.46996850670353890  0.48851158560880747  0.50292726233754292
  0.51688936529895024  0.53083592673321189  0.54258515774713312  0.55354546384396031
  0.56454493105644321  0.57559448475875918  0.58722388139747184  0.59870868537893784
  0.60944787470751971  0.61840423836647007  0.62762232193914880  0.63623102401933651
  0.64607625291324133  0.65606150179650369  0.66574048154050791  0.67550940321094510
  0.68559413284594795  0.70758644998889864  0.72642082560822807  0.74176955397107069
  0.75623705149656584  0.76962025011774959  0.78134685821811789  0.79185073529088557
  0.80044013994752161  0.80779952147236500  0.81539397843226225  0.82464616688222736
  0.83425996775575550  0.84267104255618508  0.85106862349416534  0.86153322713213087
  0.87244247158182797  0.88508870173050802  0.90176334837955807  0.91827424826101178
  0.93107219448254741  0.94137264158674316  0.95088958551736791  0.96034593539811453
  0.97012501053003786  0.97970257313095566  0.98927934045977872  1.00000000000000000
  0.00000168598918482  0.00000218257309643  0.00000260829534483  0.00000303065334597
  0.00000345314906557  0.00000387971133747  0.00000430673388673  0.00000474087892807
  0.00000517677953862  0.00000562518730139  0.00000607335542262  0.00000652079339310
  0.00000696504146040  0.00000740378897201  0.00000783799245109  0.00000826663697591
  0.00000869468865703  0.00000912211657963  0.00000954574370282  0.00000996585158679
  0.00001038565398819  0.00001080517085708  0.00001121976495304  0.00001162966144190
  0.00001204171277840  0.00001245629917033  0.00001286539565235  0.00001326722796442
  0.00001366730915202  0.00001406394557008  0.00001445867996344  0.00001484651782384
  0.00001523209251739  0.00001557199664688  0.00001591190077637  0.00001625311706691
  0.00001659465703775  0.00001693946229813  0.00001728630998982  0.00001764702281516
  0.00001802389941227  0.00001840803170371  0.00001880002933179  0.00001922468887004
  0.00001967354855535  0.00002010781791869  0.00002052501099045  0.00002087316094862
  0.00002122032058846  0.00002154325178430  0.00002186618298015  0.00002216306418015
  0.00002245012924210  0.00002273363638962  0.00002299209436053  0.00002325055233145
  0.00002350952868606  0.00002377019782054  0.00002403086695501  0.00002430974182266
  0.00002461974615804  0.00002492975049342  0.00002545366657035  0.00002609033651846
  0.00002669298664691  0.00002718789938342  0.00002767875554391  0.00002811076737843
  0.00002848109115586  0.00002885626836875  0.00002923689122827  0.00002961926142284
  0.00003000331803135  0.00003040187894805  0.00003081165069821  0.00003126517571551
  0.00003173388536963  0.00003220208677616  0.00003316301942095  0.00003440530105475
  0.00003539934762908  0.00003589606727410  0.00003625596188436  0.00003661792758407
  0.00003698171962097  0.00003734549652192  0.00003770923854853  0.00003819705813282
  0.00004035526990059  0.00004525479851034  0.00005127031087608  0.00005201517460155
  0.00005242724166876  0.00005277576655064  0.00005277576683236  1.00000000000000000
  0.03553461910238302  0.04457612482606521  0.05649896017929893  0.06912086580482107
  0.08262886242485479  0.09538851527505057  0.10847975361179871  0.12027988933019805
  0.13160583186287542  0.14118331753661301  0.15121968996665397  0.16049060507707294
  0.16955134065369012  0.17820259624719895  0.18677588892075686  0.19618024537434253
  0.20594599881828779  0.21510326927200277  0.22420252061269721  0.23365131912298850
  0.24352138863631870  0.25305122203423597  0.26239082333775038  0.27105717814125174
  0.28013104340976358  0.29055192607799651  0.30217675794622428  0.31440733701292028
  0.32346833889481208  0.32997382153002180  0.33597808712102700  0.34183703898272189
  0.34759043302405562  0.35313502441810618  0.36006049087597675  0.36869939860982531
  0.37665155805703737  0.38399155082566705  0.39264923324436712  0.40329172425599008
  0.41585856733936138  0.43048289011606727  0.44387410849309350  0.45109750582986929
  0.46045959321118229  0.46992948712866872  0.47936113994080570  0.48876090124710270
  0.49794431069708162  0.50727161505274787  0.51678746652864327  0.52666692577894214
  0.53527284515398410  0.54281590560519288  0.55050641963029978  0.55848382453822598
  0.56643742887435378  0.57394717946513218  0.58168185242528003  0.59033292009252558
  0.60254052107878575  0.61864383773088771  0.63608671459260491  0.65254438750783694
  0.66443320946174267  0.67241649977564788  0.68051276415159900  0.68797341679500157
  0.69432466375045110  0.70121029088695652  0.70914543240098449  0.71772044312305217
  0.72630466908228286  0.73378396593261941  0.74064307749696523  0.74763314752869592
  0.75543594303681671  0.76314079042436944  0.77011156986249207  0.77681416309528384
  0.78349361431965658  0.79029019242618159  0.79840654900741248  0.80774906053372164
  0.81704086873060855  0.82620701196648438  0.83508065573585954  0.84479398522117766
  0.85553073944366798  0.86615651077861167  0.87687096272028442  0.89585814590151669
  0.92671367080549172  0.95481728088276607  0.97906061816823164  1.00000000000000000
  0.73428272552008211  0.73988893954512247  0.74452519996968403  0.74942310789179634
  0.75375408935631472  0.75778817863133030  0.76175167685746759  0.76589452352367293
  0.76958173880332836  0.77298348772496128  0.77625789513572352  0.77955736991240077
  0.78285118066504822  0.78629060124831085  0.78952385771770484  0.79273987772079546
  0.79603586767319745  0.79917273704486957  0.80199811968160484  0.80483499055552232
  0.80765103527332061  0.81028245398511922  0.81256974419373829  0.81503507920574680
  0.81754640468400885  0.82032376800362616  0.82299748559915176  0.82536876789256941
  0.82767028229926165  0.83024428842361853  0.83290692432594460  0.83552088368497490
  0.83805543196071874  0.84052244757843542  0.84305120951967671  0.84565088426816304
  0.84779169322447434  0.84959536455358864  0.85142083273329117  0.85341664648614768
  0.85587317263471407  0.85843145850188074  0.86091043266780654  0.86334265736530169
  0.86575249824452427  0.86816647796154622  0.87054420089715134  0.87265655747027593
  0.87473061328941848  0.87702423688061737  0.87946111696117091  0.88191588742365212
  0.88430320192335876  0.88656853029304217  0.88888253066091061  0.89119616091431697
  0.89363193809468755  0.89612134924098641  0.89852316570939161  0.90081347286127800
  0.90304134443946615  0.90529385473269874  0.90760859954976036  0.90986415363934758
  0.91223128637671136  0.91471093325673591  0.91698933464519050  0.91933067935028023
  0.92163344651396251  0.92387567006559057  0.92635869716880614  0.92898946674294303
  0.93152868709840519  0.93393266112703577  0.93623487210479628  0.93851704056109220
  0.94073278262723248  0.94262495741604180  0.94433703168708771  0.94597986834037906
  0.94753376354929331  0.94901789522499935  0.95043152784648233  0.95176326534045552
  0.95374623481493681  0.95619623151514932  0.95922973809650469  0.96438496381633387
  0.96648899119662479  0.96784979357241674  0.96879160628772332  0.96962301973233267
  0.97037886467444590  0.97103148039078402  0.97233044276487801  1.00000000000000000
  0.27396013729415319  0.28751926332410083  0.29665526962654687  0.30357558022303904
  0.30967293314657757  0.31587331510237998  0.32184806328401844  0.32841013785193263
  0.33443643122382283  0.33980580225659007  0.34492141425631412  0.34990684181399673
  0.35448073722383927  0.35864931195680660  0.36298282371556051  0.36750725441018961
  0.37167870314168755  0.37575087594693601  0.37988880681705511  0.38418583936771017
  0.38830869243274652  0.39207403097013344  0.39579763491870013  0.39954978942088631
  0.40362763722506378  0.40817920781321704  0.41265461909610912  0.41675222110979632
  0.42035975988996976  0.42393950240417422  0.42772750243671137  0.43148274351191945
  0.43510831098521729  0.43876525150805196  0.44243945561427128  0.44598417540285923
  0.44941323799870847  0.45294016796796910  0.45644756117163354  0.45994794358990143
  0.46285957527296240  0.46537354217192622  0.46783503682755700  0.47093773765725194
  0.47437511132780008  0.47773869496495258  0.48109024957646646  0.48423439326125456
  0.48695137988256981  0.48974264543374973  0.49265017746776585  0.49573242179763261
  0.49931546229131357  0.50429878855769050  0.51015632676365308  0.51566823130706574
  0.52037909938084093  0.52466389917704415  0.52890162835932542  0.53316228043784286
  0.53748686521654843  0.54206530749108606  0.54682619355842987  0.55138775286846853
  0.55612885768943632  0.56100248391015506  0.56619904151504630  0.57176092913658905
  0.57757428481647277  0.58285451449484182  0.58738695925138318  0.59152003999477731
  0.59540966988490696  0.59948318508977338  0.60417241551288448  0.60846194168788770
  0.61333435323667929  0.61792339717564693  0.62247736482824545  0.62698180048666874
  0.63206573497778062  0.63726699474572424  0.64285154764164187  0.64863238266127077
  0.65408622531195504  0.65915710746713663  0.66412132365714549  0.66953060205795101
  0.67608688191285171  0.68417421215777396  0.69312654703531584  0.70177881611979176
  0.71080831906659048  0.72414840664261582  0.73318489391209540  1.00000000000000000
   1.2306313685621487E-010  -1.0000000000000000     
  <DiscreteSampler_grid>
  Helicity
  1 # 1 for a reference and 2 for a running grid.
  20 # Attribute 'min_bin_probing_points' of the grid.
  1 # Attribute 'grid_mode' of the grid. 1=='default',2=='initialization'
  0.0000000000000000 # Attribute 'small_contrib_threshold' of the grid.
  0.5000000000000000 # Attribute 'damping_power' of the grid.
 # binID   n_entries weight   weight_sqr   abs_weight
    3   274   7.063858003322592E-009   2.385712279514418E-015   7.063858003322592E-009
    4   104   3.291917177740829E-009   1.619672708848277E-016   3.291917177740829E-009
    5   423   1.149766259561451E-008   2.333713937472629E-015   1.149766259561451E-008
    6   597   1.715620605540639E-008   1.081455514103408E-014   1.715620605540639E-008
    7   12   3.295384800451543E-010   2.917714396033188E-019   3.295384800451543E-010
    8   80   2.514102302694355E-009   7.199877890025246E-017   2.514102302694355E-009
    10   19   4.042811504718999E-010   5.146621524127240E-019   4.042811504718999E-010
    12   237   5.381766789935677E-009   9.215998741560246E-016   5.381766789935677E-009
    13   2023   6.084458079104192E-008   4.057556909745307E-013   6.084458079104192E-008
    14   755   2.208383814750575E-008   3.613191674336156E-014   2.208383814750575E-008
    15   910   2.596742224924297E-008   2.495665031203372E-014   2.596742224924297E-008
    16   450   1.154412350696163E-008   2.885448884552708E-015   1.154412350696163E-008
    17   8   1.183867081743943E-010   8.174441747150296E-020   1.183867081743943E-010
    18   4   9.989325410260274E-011   2.924497715121446E-020   9.989325410260274E-011
    19   73   2.212704990017284E-009   6.084699938831939E-017   2.212704990017284E-009
    20   39   8.267678125057817E-010   4.367772548482317E-018   8.267678125057817E-010
    21   830   2.314063171980146E-008   8.323705631681627E-015   2.314063171980146E-008
    22   1   2.891939261850843E-011   8.363312694234400E-022   2.891939261850843E-011
    23   69   2.192641988593117E-009   8.038494093182619E-017   2.192641988593117E-009
    24   116   2.701271329801790E-009   8.646901412998595E-017   2.701271329801790E-009
    25   1   7.841860357380950E-012   6.149477386466288E-023   7.841860357380950E-012
    27   427   1.151867990688345E-008   2.621978052040666E-015   1.151867990688345E-008
    29   1   3.596310345026665E-013   1.293344809774581E-025   3.596310345026665E-013
    32   814   2.404863852218736E-008   1.083019659201468E-014   2.404863852218736E-008
    35   159   5.033743615010215E-009   5.433050657379815E-016   5.033743615010215E-009
    38   60   1.259530428892355E-009   6.802318057475621E-018   1.259530428892355E-009
    39   37   1.085716860331355E-009   8.105409793735131E-018   1.085716860331355E-009
    40   305   8.664146372974483E-009   1.283748377468361E-015   8.664146372974483E-009
    41   1   5.114874534534253E-011   2.616194150402699E-021   5.114874534534253E-011
    42   1   6.006202479666507E-012   3.607446822675210E-023   6.006202479666507E-012
    43   208   6.530811811043613E-009   6.830536161343273E-016   6.530811811043613E-009
    44   230   6.664851843508034E-009   7.765155834785510E-016   6.664851843508034E-009
    45   151   4.200063738250689E-009   1.344033870101419E-016   4.200063738250689E-009
    47   460   1.222262769918679E-008   2.970279727826377E-015   1.222262769918679E-008
    48   80   1.853597713187873E-009   4.374520910433865E-017   1.853597713187873E-009
    51   2412   6.817833775076684E-008   1.246274265823640E-013   6.817833775076684E-008
    54   419   1.219986547030937E-008   3.656382945224414E-015   1.219986547030937E-008
    56   1346   3.750305587655077E-008   3.095843056142687E-014   3.750305587655077E-008
    57   93   2.646204912127040E-009   7.686827738938475E-017   2.646204912127040E-009
    59   67   1.616402613007945E-009   1.436727814694649E-017   1.616402613007945E-009
    60   25   6.073698548325057E-010   2.860865685218471E-018   6.073698548325057E-010
    63   173   5.617439772447419E-009   3.525830229491370E-016   5.617439772447419E-009
    64   281   7.580545739922982E-009   9.414969866262415E-016   7.580545739922982E-009
  </DiscreteSampler_grid>
  <DiscreteSampler_grid>
  grouped_processes
  1 # 1 for a reference and 2 for a running grid.
  10 # Attribute 'min_bin_probing_points' of the grid.
  1 # Attribute 'grid_mode' of the grid. 1=='default',2=='initialization'
  0.0000000000000000 # Attribute 'small_contrib_threshold' of the grid.
  0.5000000000000000 # Attribute 'damping_power' of the grid.
 # binID   n_entries weight   weight_sqr   abs_weight
    10   10   8.648865129513768E-004   4.723350197244623E-006   8.648865129513768E-004
    16   10   8.648865129513769E-004   4.723350197244624E-006   8.648865129513769E-004
    22   10   8.648865129513768E-004   4.723350197244623E-006   8.648865129513768E-004
    28   10   8.648865129513768E-004   4.723350197244623E-006   8.648865129513768E-004
  </DiscreteSampler_grid>
