  0.00000016425556682  0.00000016976278238  0.00000017289813700  0.00000017628435921
  0.00000017951411965  0.00000018251844058  0.00000018615966184  0.00000018991595021
  0.00000019358709611  0.00000019723948034  0.00000020090768657  0.00000020470445692
  0.00000020897871937  0.00000021311908714  0.00000021683330930  0.00000022004831032
  0.00000022360348332  0.00000022741719425  0.00000023163437594  0.00000023606568140
  0.00000024044521001  0.00000024441672142  0.00000024978633025  0.00000025506764961
  0.00000026018072641  0.00000026568269201  0.00000027142900025  0.00000027695985349
  0.00000028207883942  0.00000028661436540  0.00000029085676834  0.00000029527902417
  0.00000029919823935  0.00000030389070185  0.00000030890919656  0.00000031375668761
  0.00000031869397266  0.00000032407065339  0.00000032992341630  0.00000033574024750
  0.00000034102800648  0.00000034617349116  0.00000035122431451  0.00000035645001121
  0.00000036269306465  0.00000036952865611  0.00000037707379586  0.00000038455975797
  0.00000039196838407  0.00000039897636709  0.00000040570415590  0.00000041275791686
  0.00000041996392228  0.00000042706616848  0.00000043401803622  0.00000044130933376
  0.00000044872658620  0.00000045608470746  0.00000046379923217  0.00000047244850367
  0.00000048186879180  0.00000049250183161  0.00000050234308634  0.00000051268106220
  0.00000052056433554  0.00000053430400810  0.00000055562103748  0.00000057857014493
  0.00000060443450918  0.00000063135773091  0.00000065664941729  0.00000068125759683
  0.00000070815796688  0.00000073866398047  0.00000077028663428  0.00000080551008681
  0.00000084136120268  0.00000087823079229  0.00000091611848787  0.00000095777278168
  0.00000100665326639  0.00000106390931026  0.00000112334830358  0.00000120005247669
  0.00000130019371186  0.00000140844517048  0.00000153479620942  0.00000168156176282
  0.00000185001699288  0.00000208719540113  0.00000235458046691  0.00000268517677383
  0.00000330647398226  0.00000560382834263  0.00006127594198411  1.00000000000000000
  0.00000200021944156  0.00000200672373650  0.00000201026818296  0.00000201458621287
  0.00000202107873790  0.00000202985882973  0.00000203882003575  0.00000204748186594
  0.00000205679387066  0.00000206625674048  0.00000207823857852  0.00000210173357143
  0.00000212255403777  0.00000214201952337  0.00000215890175482  0.00000217521165383
  0.00000219212513554  0.00000221071620194  0.00000223161973651  0.00000225858140831
  0.00000228835396783  0.00000231954216035  0.00000234569634122  0.00000237048372095
  0.00000239272466749  0.00000241585918240  0.00000244044430600  0.00000246535223610
  0.00000248989069156  0.00000251468266430  0.00000254081824644  0.00000256778406460
  0.00000259586926147  0.00000262638928560  0.00000265821714452  0.00000268895198992
  0.00000272134890589  0.00000275133956200  0.00000278339459791  0.00000281762680394
  0.00000285243807013  0.00000288554716226  0.00000291801642394  0.00000294981291316
  0.00000298279346626  0.00000301626181059  0.00000305235401228  0.00000309921882504
  0.00000316438176655  0.00000322679042040  0.00000329159423164  0.00000335894045248
  0.00000342998929264  0.00000350786652955  0.00000359465491568  0.00000368053166839
  0.00000376790558774  0.00000385216921424  0.00000393591263461  0.00000402351899688
  0.00000411435405014  0.00000421400925882  0.00000432578599447  0.00000444152912881
  0.00000456941238945  0.00000471303905592  0.00000486416679723  0.00000501538920275
  0.00000516790563749  0.00000531349086913  0.00000546371208561  0.00000563036956203
  0.00000581647774407  0.00000602639978136  0.00000625956762465  0.00000649498296308
  0.00000675012738041  0.00000705096849172  0.00000740277193493  0.00000775380928234
  0.00000804990746973  0.00000841456391139  0.00000886368667511  0.00000939770621200
  0.00001008208467985  0.00001096928228640  0.00001205567322076  0.00001340356931713
  0.00001550058047662  0.00001812027382794  0.00002075833375397  0.00002396407332668
  0.00002849172586248  0.00003638090316978  0.00006234715522626  1.00000000000000000
  0.00000013411557492  0.00000017761833574  0.00000020747031666  0.00000022829512034
  0.00000024405113470  0.00000025845883128  0.00000027435739628  0.00000029333405065
  0.00000031590317439  0.00000034123307604  0.00000036634851079  0.00000038917527499
  0.00000040937533959  0.00000043643536240  0.00000046885654401  0.00000051119202612
  0.00000056907575640  0.00000061813951582  0.00000065194061401  0.00000068002092433
  0.00000071179419204  0.00000074465507655  0.00000078352028277  0.00000082755139695
  0.00000086566960620  0.00000089889988942  0.00000093286060790  0.00000096920378668
  0.00000100508643228  0.00000103941624003  0.00000107105050375  0.00000110437911788
  0.00000115193845453  0.00000121854543970  0.00000129982000248  0.00000137415709360
  0.00000144718725804  0.00000151699077069  0.00000158520640570  0.00000165393941130
  0.00000172409496281  0.00000180159994450  0.00000188594978930  0.00000198156426837
  0.00000208764968543  0.00000220065188705  0.00000231532150699  0.00000243621511144
  0.00000256925100482  0.00000270309498515  0.00000282968379973  0.00000294300514532
  0.00000303743968629  0.00000311347844862  0.00000319895248151  0.00000328418678928
  0.00000336937098625  0.00000345682554628  0.00000354490323660  0.00000364546206900
  0.00000375528516842  0.00000387200791726  0.00000398162043329  0.00000410449153735
  0.00000422519344281  0.00000435264000711  0.00000447847583706  0.00000459561299477
  0.00000471550032919  0.00000484424945724  0.00000498343853502  0.00000512941290697
  0.00000531681625254  0.00000559236703077  0.00000591354787266  0.00000623258131301
  0.00000655307135813  0.00000689677085718  0.00000728228999870  0.00000767307574667
  0.00000807852655325  0.00000851622445711  0.00000900135274199  0.00000954856453579
  0.00001026004292764  0.00001092066007587  0.00001144550081966  0.00001223824173636
  0.00001331218423285  0.00001468434053168  0.00001633107587814  0.00001845473764933
  0.00002182141418097  0.00002564384506078  0.00003083808725211  1.00000000000000000
  0.00116366321206470  0.02472797775231093  0.04131641673501686  0.05584738281059212
  0.07084026497770410  0.08564686915016151  0.10004793009368777  0.11356683891260312
  0.12588741595953037  0.13714138779515875  0.14973050525374126  0.16312166070564388
  0.17686369207842184  0.19046570902381554  0.20315098085238764  0.21241278939603156
  0.21870263445053773  0.22543978742934162  0.23281306807121374  0.24080994023664168
  0.24860133182048100  0.25675955538695128  0.26446272772661772  0.27353678177623814
  0.28471419668372905  0.29610521904456266  0.30714434662454559  0.31758463136727727
  0.32747231153578693  0.33600890588069360  0.34303361203990312  0.34971979112598034
  0.35661617724641714  0.36499711476551339  0.37562234246159376  0.38768251407864746
  0.39982036678623106  0.41081171619216633  0.42020162483669365  0.42914509838044634
  0.43866346048053889  0.44926041564041963  0.46061563978255082  0.47211042767770334
  0.48361762382589563  0.49535704709927691  0.50754016549509062  0.51963468362831389
  0.52818940133768755  0.53568788762828135  0.54279180218551759  0.54966720919073575
  0.55667946169142490  0.56428287731127302  0.57192260630831904  0.57829034036291382
  0.58496533973812670  0.59310099392613425  0.60080570679036194  0.61442524876130222
  0.63094349200502609  0.64496304100455959  0.65675013792379544  0.66792295973729021
  0.67996115027795234  0.69150623525863408  0.70175521078784819  0.71344687445248622
  0.72579410466319583  0.73774240868024521  0.75080327985218631  0.76703287008965471
  0.78683623341941555  0.80697956371589707  0.82408258734038864  0.83478894992359975
  0.84223758117393799  0.85083623269093289  0.85919573312730291  0.86709624849079836
  0.87514805252807748  0.88152078657223232  0.88689011375976412  0.89205617019933436
  0.90241099695757609  0.91698963914930343  0.93065671285684803  0.94197463602905918
  0.94745843645715411  0.95438751957739754  0.95963528443854407  0.96370827994909325
  0.96729434112131829  0.98270713401058429  0.99788233618350786  1.00000000000000000
  0.00437603332318706  0.01001565952068454  0.01505723537492708  0.02066493194283869
  0.02639934611016570  0.03355597079120320  0.04208659819727797  0.05081624932147659
  0.06081203871699551  0.08073927920938423  0.10095429277328141  0.11009840201938345
  0.11662881247405331  0.12410528409419938  0.13162624118006716  0.13885330160819362
  0.14585810337673760  0.15343075354067415  0.16000789285651776  0.16684067101522990
  0.17795467054420347  0.19354451674207798  0.21100806716754442  0.22823555752263150
  0.24500095359121640  0.25837875695287188  0.27102610196711291  0.28366091920144748
  0.29578210720641634  0.30717028458397194  0.31809536733504795  0.32790977332835336
  0.33856048597800265  0.34870290917393443  0.35922591370447338  0.36753726876731074
  0.37572675340098166  0.38441844173780615  0.39335720784596900  0.40265617163921508
  0.41312150209948151  0.42546204748302152  0.43687370090655736  0.44791027495168689
  0.45898968562528158  0.47006232142445958  0.47991954562465422  0.48724249412518411
  0.49391602991470890  0.50093914984764631  0.50888261511562460  0.51752809912091091
  0.52507320008964875  0.53244088587581639  0.53959034609429746  0.54697762316832876
  0.55559185948505951  0.56339439596108054  0.56937264923793396  0.57520004045495066
  0.58153108270138609  0.58818724487622698  0.59535635747638893  0.60263378334047091
  0.60968097177303837  0.61595741454134512  0.62146423552155194  0.63029027271700111
  0.64237593152821171  0.65373684798775800  0.66427613172913813  0.67553575175912772
  0.68755159479851158  0.69784843004759756  0.70849279544357613  0.72211711532436484
  0.73692890036462388  0.75233095467300093  0.76822039847866541  0.78464301610381570
  0.80172678688476229  0.81576630799604710  0.83046415076143987  0.84436618302312816
  0.85753403645744186  0.87088512096035209  0.88399230958209130  0.89615959382887234
  0.90674592440616641  0.91710446708982374  0.92777561756347660  0.94108573455894917
  0.95568615114439970  0.97084060302285569  0.98601855349202627  1.00000000000000000
 -0.00041620234097158  0.00197554635691068  0.00477053255873443  0.00895890330802366
  0.01510414471597071  0.02113846134475788  0.02672768948930264  0.03003770408589619
  0.03425816157337525  0.03873943263295967  0.04273999374440060  0.04765071361180986
  0.05287471504446721  0.05793890943555246  0.06288117222849192  0.06713730397279735
  0.07172575153398691  0.07664729090939251  0.08106272056601635  0.08624033141785413
  0.09247349138297314  0.09820316546365308  0.10441100611430426  0.11057022321770071
  0.11672881933624554  0.12274816008254240  0.13033771855397649  0.13944789244012862
  0.14762158755360422  0.15314039167234189  0.15888868795888514  0.16459449232809858
  0.17006508927554659  0.17493905601223644  0.17963989770059449  0.18489117531294633
  0.19090248922393202  0.19748542444476083  0.20372742400480079  0.20814649508063457
  0.22268430179251963  0.23440617136324515  0.24371765398753803  0.25184504381340006
  0.25935841832568057  0.26657077211896502  0.27364066000100523  0.28067450625027118
  0.28886525919878425  0.29716490106305421  0.30612914982413092  0.31584947626476662
  0.32580318395904490  0.33518586810374928  0.34373769515449865  0.35231281464892589
  0.36168004196061337  0.37210324717285653  0.38312911045141962  0.39423329378450434
  0.40537543062889791  0.41727961597912594  0.42885201927918914  0.43948641227565166
  0.45360643010302332  0.47431123583506657  0.49077866717077162  0.50577209766690401
  0.51938362499587876  0.53206553041924187  0.54379880505225309  0.55493296949246163
  0.56671403302191381  0.58013043135816300  0.59206170859285501  0.60287661041823204
  0.61471941142750108  0.62944536155046005  0.64618273067251197  0.66277365129263244
  0.67756353501503297  0.69096146236550349  0.70432675148587420  0.71769341176873647
  0.73400828499397408  0.75305689389302233  0.77093587340280967  0.78845007596670580
  0.80868902808987586  0.83370954923939555  0.86035516623869268  0.88305120566521333
  0.90666080701272544  0.93393917661304993  0.95321072036333354  1.00000000000000000
 -0.00207585363815379  0.01042617272046652  0.02105408367550963  0.03217774527037501
  0.04443567395701468  0.06137628635220264  0.07962134973383593  0.09562425494819925
  0.10834678223947486  0.11849308583766113  0.12842334164265226  0.13787746268546189
  0.14582921335234064  0.15373121049634589  0.16112024986276308  0.17165934414655315
  0.18597633662675578  0.20082491416135750  0.21475878660669323  0.22682951081210326
  0.23929968297485321  0.25221563067085223  0.26448730021485539  0.27604583570922975
  0.28728223661815949  0.29862855791588372  0.30851972544091566  0.31567021925771066
  0.32258089021175645  0.32997867950306325  0.33663197626610747  0.34358612423369567
  0.35069407559484023  0.35792481011564142  0.36505630183707788  0.37119659334131366
  0.38296215517689824  0.39941626020735155  0.41501889334331016  0.42673587940422741
  0.43705929634122870  0.44605991857756083  0.45536105255161480  0.46597731021671696
  0.47862276714317198  0.49111344403958290  0.50114740713381833  0.51187473750997925
  0.52307622044772084  0.53540767892570795  0.54877998533544481  0.56279481322138025
  0.57694224783276538  0.59048121365608364  0.60352526282514296  0.61527253785282876
  0.62511577592276601  0.63225854179840868  0.63904985480754117  0.64674772957897164
  0.65488734607013965  0.66292767488230619  0.66972006369146742  0.67684930462960002
  0.68396554610261062  0.68972401043557585  0.69532686441253921  0.70167983976504555
  0.70855043325558820  0.71516890926405241  0.72112810561127794  0.72664753400112680
  0.73245506541211658  0.73866675304494445  0.74509481585345305  0.75405172493037531
  0.76718067143707203  0.78061097158448700  0.79349527877670478  0.80643858845593153
  0.82013899397845524  0.83435123596355476  0.84658281815250547  0.85738447097844717
  0.86838086547224858  0.87836508600085272  0.88907282790865794  0.90051597309607601
  0.91367874521745729  0.92918205863353998  0.94638207290744358  0.96057503671206057
  0.97138177456811381  0.98149424372999550  0.99085845935164019  1.00000000000000000
 -0.00475732651442986  0.01458114699363290  0.03353729592887318  0.05103688472638987
  0.06683695872838533  0.08115424213923346  0.09422384694947623  0.10665556973046697
  0.11902629057947867  0.13158506137869022  0.14458398515279336  0.15687514551537762
  0.16823769409337938  0.17961208181574637  0.18942554088806790  0.19776798850697680
  0.20579492875631569  0.21460100967849463  0.22407301181807751  0.23348636066477252
  0.24120576436559027  0.24825786621439191  0.25447690446942028  0.26087977694654868
  0.26673058245291648  0.27346785699877396  0.28009346829670928  0.28559326587484285
  0.29081306382479649  0.29586260078486970  0.30104463166628653  0.30622177368631615
  0.31085002470900436  0.31837482827153918  0.32906494703565631  0.33998404796206916
  0.35030377689396031  0.35883177054801224  0.36982823088543759  0.38230478881040642
  0.39594134119512930  0.40960570203025581  0.42218798572749666  0.43454039621791607
  0.44715569064191391  0.46071046246157527  0.47711324321857296  0.49125343030918184
  0.50373008020906718  0.51578291602817072  0.52710249152187449  0.53768009568589414
  0.54809099304092079  0.56041421606584085  0.57251252763504623  0.58320836745769544
  0.59092807443275031  0.59776744306897600  0.60470193334287037  0.61148409012016347
  0.61777430891327878  0.62405683656901390  0.63151591772846949  0.63938708159642965
  0.64699430501755029  0.65463306436454061  0.66253716133106655  0.67031981044976330
  0.67791745182314400  0.68577196684981556  0.69496347385018364  0.70416058687574978
  0.71253888483337058  0.72088236523355498  0.72976609088449951  0.73874541049505038
  0.74764301226643293  0.75703405998726869  0.76536074313110192  0.77380261526297600
  0.78315592999253447  0.79328961753169791  0.80471199898849088  0.81751873611061621
  0.83161152753255252  0.84690064888072969  0.85811113128221583  0.87085745655484714
  0.88541217674777861  0.90141423128392917  0.91759194056782023  0.93345269693771504
  0.94917339065180939  0.96431017829284960  0.97989358904897439  1.00000000000000000
  0.71136724203165802  0.72703381335876927  0.74001585713797213  0.75177685491677604
  0.76286927516663250  0.77285831030347374  0.78134352455736156  0.78895622780279784
  0.79605113847791376  0.80325785976139619  0.80910869818272468  0.81486326893064909
  0.81994747573191906  0.82526943725638513  0.83078211299074700  0.83505278446540299
  0.83838926721440865  0.84217776909829645  0.84585090590925394  0.84919119920434694
  0.85228917065444854  0.85517986546759417  0.85798825178802840  0.86079092093487541
  0.86353420553479976  0.86620275066646935  0.86900673732270306  0.87185703748438348
  0.87458225628449293  0.87726804777861611  0.87983501351432347  0.88215142856523288
  0.88434945921336350  0.88657275892274490  0.88882625645593716  0.89095294661308178
  0.89303821232833869  0.89514538108498110  0.89710630646574518  0.89904595081754934
  0.90100577313863106  0.90274454407693472  0.90440794682335668  0.90619026432316396
  0.90791488301701151  0.90954266070336254  0.91116543915945281  0.91294568057655101
  0.91466035950931934  0.91642109182402642  0.91826964908937303  0.92001739192144594
  0.92156326133697053  0.92298254688762216  0.92438240857492870  0.92588944461503508
  0.92751626249030761  0.92905603084032384  0.93040532890249883  0.93163605432424901
  0.93289593254590608  0.93418344094693440  0.93547444850261663  0.93686110248423415
  0.93830542967534347  0.93980471595670323  0.94109153355750474  0.94224680587785248
  0.94337630504177894  0.94467640669776509  0.94595668422401147  0.94719354284266688
  0.94845619969520334  0.94981315445186154  0.95141212914603068  0.95312182757585395
  0.95445027771612412  0.95561401133865742  0.95686121882899855  0.95806241474090625
  0.95952780567770724  0.96097260813060004  0.96239689302583720  0.96367027264353600
  0.96477908755823494  0.96584543385373034  0.96700348079357312  0.96827384444915598
  0.96987172948536815  0.97177215074153944  0.97346392071572585  0.97499706385047813
  0.97592545168589173  0.97656748753471490  0.98185343327539065  1.00000000000000000
  0.27195215491975139  0.28766308341146790  0.29861700089049903  0.30419617379505681
  0.31003908972900368  0.31505215482582322  0.31996817360501711  0.32495149614520019
  0.33052498422232002  0.33669063311593972  0.34320178442899901  0.34962635678445064
  0.35502394866088072  0.35845718845784580  0.36193775661716981  0.36561246558956012
  0.36966736430291142  0.37391007811781757  0.37843331920027057  0.38375137953208488
  0.38810047101512307  0.39143492642148658  0.39477439980842510  0.39868786590967581
  0.40291369595476079  0.40775955117100093  0.41268095153342527  0.41731302829034944
  0.42188367646458536  0.42665044562895182  0.43129098212574174  0.43586283557185901
  0.44009687170760986  0.44412607754836109  0.44811875863204553  0.45228231642772759
  0.45719156462732352  0.46214485471518535  0.46692097995138865  0.47093983360196506
  0.47479136962220930  0.47902158319165156  0.48371982076087389  0.48812519845042784
  0.49213871113136376  0.49611951374611002  0.50038515803383865  0.50467773057157783
  0.50889061080988840  0.51353882271422902  0.51892036245789219  0.52465940105840414
  0.52989277300202065  0.53465157527778673  0.53952139182560177  0.54475979892824311
  0.54988617377980054  0.55489069482746101  0.55967657691669881  0.56401180437233656
  0.56747300836522963  0.57136664526970804  0.57555541455772796  0.57988776724268654
  0.58409854803151040  0.58875299562123884  0.59359665903971781  0.59799330203182721
  0.60236931451334452  0.60716055127130153  0.61194607041101001  0.61635999828461718
  0.62066567502121739  0.62543289630843435  0.63146656458042394  0.63834108855426008
  0.64492369694263130  0.65105291246370312  0.65735455596907388  0.66383946524590864
  0.66885086074456968  0.67268781744640216  0.67460610539641730  0.67824975340657023
  0.68770925383834081  0.69802101749552625  0.70706167834210032  0.71262832853020930
  0.71442620213127239  0.71529956081516211  0.71617291949905182  0.71664839489276833
  0.71695614855892753  0.71726390222508685  0.71757165589124616  1.00000000000000000
   2.3292804394722495E-011  -1.0000000000000000     
  <DiscreteSampler_grid>
  Helicity
  1 # 1 for a reference and 2 for a running grid.
  20 # Attribute 'min_bin_probing_points' of the grid.
  1 # Attribute 'grid_mode' of the grid. 1=='default',2=='initialization'
  0.0000000000000000 # Attribute 'small_contrib_threshold' of the grid.
  0.5000000000000000 # Attribute 'damping_power' of the grid.
 # binID   n_entries weight   weight_sqr   abs_weight
    1   1   3.342979878325413E-014   1.117551446688859E-027   3.342979878325413E-014
    3   954   2.771566932536367E-009   4.261514804448056E-016   2.771566932536367E-009
    4   519   1.365883591530757E-009   2.748830105815635E-017   1.365883591530757E-009
    8   2545   7.040681298888748E-009   2.423093119295994E-015   7.040681298888748E-009
    10   3   5.197965594469716E-012   7.973153249092894E-023   5.197965594469716E-012
    11   379   9.778947807210531E-010   1.666724515023912E-017   9.778947807210531E-010
    12   14   2.805591285156101E-011   3.568244646536815E-021   2.805591285156101E-011
    13   519   1.258879652636371E-009   7.937904464499381E-017   1.258879652636371E-009
    16   5982   1.507901476774592E-008   1.116970014631436E-014   1.507901476774592E-008
    17   7   1.552439263868591E-011   7.422085960253738E-022   1.552439263868591E-011
    18   2   3.380356896356954E-013   1.339565310753812E-025   3.380356896356954E-013
    20   37   1.243424941648895E-010   1.112158101135035E-019   1.243424941648895E-010
    22   347   9.362059398835563E-010   2.389460123816928E-017   9.362059398835563E-010
    23   249   5.705205363971139E-010   5.804212311667623E-018   5.705205363971139E-010
    27   135   3.064349779527181E-010   7.186597826206866E-019   3.064349779527181E-010
    29   23   6.861111425570910E-011   3.200821638286225E-020   6.861111425570910E-011
    32   710   1.877349627943486E-009   4.716477323801939E-017   1.877349627943486E-009
    33   3   7.661513880220140E-012   8.254096067476180E-023   7.661513880220140E-012
    34   155   3.808521893274168E-010   9.183043564273290E-019   3.808521893274168E-010
    37   2523   6.607637249513614E-009   2.130670584968252E-015   6.607637249513614E-009
    38   37   6.084361820834829E-011   3.252251077143603E-020   6.084361820834829E-011
    39   481   1.270199205124953E-009   5.230723324967950E-017   1.270199205124953E-009
    41   100   2.606735833687560E-010   4.655681530626349E-019   2.606735833687560E-010
    42   44   1.123650723088367E-010   7.381714271708825E-020   1.123650723088367E-010
    43   25   5.813208087040803E-011   1.438654721578653E-020   5.813208087040803E-011
    44   448   1.187862918647513E-009   2.398571468528436E-017   1.187862918647513E-009
    48   1   1.511151062521530E-012   2.283577533759950E-024   1.511151062521530E-012
    49   1138   3.256556343147093E-009   9.275088204517617E-016   3.256556343147093E-009
    52   257   6.207412672182305E-010   1.901451458127573E-017   6.207412672182305E-010
    53   363   9.461507897880177E-010   2.122763281720804E-017   9.461507897880177E-010
    55   223   6.449865338611724E-010   6.654309033958459E-018   6.449865338611724E-010
    56   134   4.018696696586369E-010   1.477436079045781E-018   4.018696696586369E-010
    59   294   8.072004517134983E-010   3.245697021175556E-017   8.072004517134983E-010
    60   14   2.664958693540948E-011   3.879285108013427E-021   2.664958693540948E-011
    61   1   1.634243712939693E-013   2.670752513282915E-026   1.634243712939693E-013
    62   788   1.900848059171712E-009   6.353318778038373E-017   1.900848059171712E-009
    64   93   2.241852683962803E-010   4.859352602797566E-019   2.241852683962803E-010
  </DiscreteSampler_grid>
  <DiscreteSampler_grid>
  grouped_processes
  1 # 1 for a reference and 2 for a running grid.
  10 # Attribute 'min_bin_probing_points' of the grid.
  1 # Attribute 'grid_mode' of the grid. 1=='default',2=='initialization'
  0.0000000000000000 # Attribute 'small_contrib_threshold' of the grid.
  0.5000000000000000 # Attribute 'damping_power' of the grid.
 # binID   n_entries weight   weight_sqr   abs_weight
    10   10   4.259249853800893E-006   1.026953611995751E-010   4.259249853800893E-006
    16   10   4.259249853800894E-006   1.026953611995751E-010   4.259249853800894E-006
    22   10   4.259249853800893E-006   1.026953611995751E-010   4.259249853800893E-006
    28   10   4.259249853800893E-006   1.026953611995751E-010   4.259249853800893E-006
  </DiscreteSampler_grid>
