  0.00000071901812958  0.00000073533547945  0.00000074298716019  0.00000075271838632
  0.00000076460774825  0.00000077610208423  0.00000078751606066  0.00000079905643379
  0.00000081079034144  0.00000082258996535  0.00000083437453182  0.00000084623233873
  0.00000085907639023  0.00000087261685559  0.00000088608063054  0.00000089950863079
  0.00000091306156703  0.00000092729734532  0.00000094166992690  0.00000095629934467
  0.00000097083087256  0.00000098554409485  0.00000100061164270  0.00000101655640173
  0.00000103300203581  0.00000104894256988  0.00000106483200056  0.00000108096588923
  0.00000109741948140  0.00000111338250445  0.00000112920183913  0.00000114508332214
  0.00000116133425225  0.00000117833089133  0.00000119608742777  0.00000121433056912
  0.00000123273076815  0.00000125132566208  0.00000127028191081  0.00000128937822982
  0.00000130858383559  0.00000132739374413  0.00000134628342063  0.00000136504346187
  0.00000138413703535  0.00000140463039439  0.00000142636689172  0.00000144815550460
  0.00000147002344772  0.00000149187350511  0.00000151386096136  0.00000153628353753
  0.00000155904649117  0.00000158195807571  0.00000160484375253  0.00000162734328107
  0.00000165069490134  0.00000167524689287  0.00000170001517656  0.00000172510428762
  0.00000175057694861  0.00000177615918477  0.00000180168272316  0.00000182719835562
  0.00000185303103686  0.00000187940848852  0.00000190613813415  0.00000193368811315
  0.00000196253974297  0.00000199192147442  0.00000202136983782  0.00000205073481085
  0.00000208010539205  0.00000210953743384  0.00000213932184941  0.00000216939982733
  0.00000219897512672  0.00000222817600627  0.00000225739689758  0.00000228699794614
  0.00000231762172642  0.00000234836977017  0.00000237960226738  0.00000241168991249
  0.00000244417686966  0.00000247691436531  0.00000250968313601  0.00000254292706553
  0.00000257639152822  0.00000261070590321  0.00000263729690700  0.00000265709466614
  0.00000267344325801  0.00000268709803771  0.00000269248855147  1.00000000000000000
  0.00000020144013664  0.00000022723743241  0.00000024550995457  0.00000026235900924
  0.00000027881885222  0.00000029519926111  0.00000031134532838  0.00000032671599966
  0.00000034227375535  0.00000035812016076  0.00000037402256764  0.00000039018563922
  0.00000040652492811  0.00000042315953388  0.00000044003197802  0.00000045813949302
  0.00000047632369229  0.00000049533558374  0.00000051464690803  0.00000053483535486
  0.00000055615202370  0.00000057788341354  0.00000059855328281  0.00000061951927616
  0.00000064181810605  0.00000066615642529  0.00000069212023888  0.00000071781507867
  0.00000074393960458  0.00000077073342225  0.00000079988646747  0.00000082960582776
  0.00000086013954420  0.00000089182961215  0.00000092450462699  0.00000095894685164
  0.00000099469481669  0.00000103066671976  0.00000106718243828  0.00000110314392942
  0.00000114078588629  0.00000118431345353  0.00000122708713119  0.00000127142788978
  0.00000131663922334  0.00000136467432354  0.00000141591911517  0.00000146905820183
  0.00000152222127836  0.00000157689644546  0.00000163103621794  0.00000170327728493
  0.00000177845529704  0.00000185447721503  0.00000193314700897  0.00000201733409934
  0.00000211060412455  0.00000220882519469  0.00000230675007990  0.00000241177267321
  0.00000253410497680  0.00000266605787429  0.00000280129981929  0.00000294272527819
  0.00000311246292939  0.00000328222728419  0.00000346035283833  0.00000366568579319
  0.00000390006807966  0.00000413500030744  0.00000441245107636  0.00000471268386634
  0.00000504186440579  0.00000541490475682  0.00000582170445987  0.00000623914037994
  0.00000663538674652  0.00000702998034904  0.00000743394508231  0.00000787853584637
  0.00000837820517628  0.00000889161403764  0.00000951329743833  0.00001023656074656
  0.00001102823486861  0.00001191362598588  0.00001286844311187  0.00001396695709087
  0.00001532289673685  0.00001700288368830  0.00001834273233332  0.00004146493016115
  0.00006058833253199  0.00008142569218618  0.00009638811737663  1.00000000000000000
  0.00000024199926683  0.00000026449402315  0.00000028106193573  0.00000029736555967
  0.00000031143951899  0.00000032539028272  0.00000033940181398  0.00000035356119750
  0.00000036875592998  0.00000038434142162  0.00000040008814824  0.00000041569255105
  0.00000043159373864  0.00000044810416800  0.00000046506094088  0.00000048235842186
  0.00000049975124357  0.00000051765622841  0.00000053817846029  0.00000056195985826
  0.00000058732147646  0.00000061292442668  0.00000064011907368  0.00000067106473880
  0.00000070358032794  0.00000073611743695  0.00000076866757363  0.00000080226302033
  0.00000083675986831  0.00000087172568237  0.00000090786431173  0.00000094511173435
  0.00000098252973069  0.00000102044877461  0.00000105910566118  0.00000109902710318
  0.00000114138794986  0.00000118565878362  0.00000123094909976  0.00000127665939557
  0.00000132320205197  0.00000137117981195  0.00000142178096566  0.00000147355734022
  0.00000152647043125  0.00000158031629570  0.00000163537652027  0.00000169752485781
  0.00000176364256732  0.00000183177672516  0.00000190054341914  0.00000197401251403
  0.00000205367966611  0.00000213740627358  0.00000222213390512  0.00000230867999664
  0.00000239592979594  0.00000250289821727  0.00000261543639134  0.00000272976773239
  0.00000285019551842  0.00000298429019900  0.00000313075650741  0.00000327820043821
  0.00000342652952948  0.00000359598289644  0.00000379304003175  0.00000400274028542
  0.00000422902394919  0.00000448289342823  0.00000475241663018  0.00000503794207358
  0.00000536127779259  0.00000572650074432  0.00000612396971199  0.00000657488556235
  0.00000707843261238  0.00000762547659722  0.00000826513275896  0.00000897521594255
  0.00000979262150975  0.00001067847876391  0.00001164242926189  0.00001277160245347
  0.00001434355177729  0.00001657728753522  0.00001925794501160  0.00002225710031930
  0.00002687369175285  0.00003315397352790  0.00003870030562953  0.00004341227844161
  0.00005091370928885  0.00006226289101300  0.00008609731600360  1.00000000000000000
 -0.00146389116284532  0.00494675732491647  0.01075292355447588  0.01651041812715412
  0.02242909511226510  0.02845135661036009  0.03459559268195341  0.04080684085135566
  0.04701497032438972  0.05322787012595411  0.05948710801489141  0.06591593004004762
  0.07250065543161505  0.07923336351976377  0.08606909250820262  0.09336263186872755
  0.10074484890518276  0.10799873388773536  0.11508662176404030  0.12230973548852093
  0.12978876363942041  0.13741034794740545  0.14521608086690971  0.15341439366787737
  0.16201028970193340  0.17069019274388822  0.17891904003878781  0.18747780081179000
  0.19579318551569191  0.20413371140327999  0.21229524329718447  0.22074691371729421
  0.22935949464111319  0.23767740752325961  0.24596010567928742  0.25415620844661296
  0.26224401494668775  0.27037261311901523  0.27882750506234899  0.28761471799838872
  0.29707200992578153  0.30707384695886147  0.31744874589026562  0.32868964516623045
  0.33937617035920481  0.34988329332238549  0.36071657969402066  0.37194709972959789
  0.38322651778910255  0.39466762289376189  0.40611363458268041  0.41740370538937505
  0.42818510309350222  0.43886204546923097  0.44987020389210330  0.46151904935013788
  0.47417622641712059  0.48806142463890351  0.50250677370422903  0.51649928729089323
  0.53029545584861604  0.54405163589146155  0.55781507650294448  0.57162185069379456
  0.58490047220769137  0.59770881924583330  0.61017013887516791  0.62207145476391701
  0.63521187599010487  0.64890725934625215  0.66316417735820465  0.67726352140657298
  0.69138920086618239  0.70530484055873333  0.71793422823520847  0.73010077627460113
  0.74323810848678684  0.75621617212734449  0.76885559990303032  0.78358257572182199
  0.79758020375420646  0.81066201566598617  0.82463361958655512  0.83927830445192464
  0.85487515321464658  0.87197801280553233  0.88714184509190719  0.90028857697266096
  0.91397711421212580  0.92670452336308162  0.93914113286109802  0.95251110373856962
  0.96480791101289265  0.97663648930601732  0.98855601309887609  1.00000000000000000
  0.00021221320655041  0.00378656585360641  0.00697812898079529  0.00993429150543377
  0.01301215471815974  0.01982788931155173  0.02952385934062147  0.04023539635811665
  0.05099264375592186  0.06230448442171008  0.07453372091296634  0.08701413938084032
  0.09868394042991700  0.10943979319014674  0.11977675159110118  0.13081050118407347
  0.14239726521986543  0.15486745214018172  0.16699960712476974  0.17832477914825065
  0.18910793017166147  0.19942505928346385  0.20982009106256044  0.22015192448861889
  0.23089415671455552  0.24219967325541283  0.25349288376305101  0.26465639628078480
  0.27525683228328635  0.28556750176999740  0.29685472595848383  0.30892460695792678
  0.32015159242950719  0.33019444109379203  0.33998041697521658  0.34964004020406336
  0.35891642438216670  0.36776212539943270  0.37685204655841553  0.38624362003779045
  0.39565799217139724  0.40539592796048196  0.41551631961722274  0.42786932064670768
  0.44055745074185304  0.45281429164885106  0.46472423727173334  0.47627262588780811
  0.48795070261447560  0.49962315797731460  0.51093676494701434  0.52236629782546051
  0.53430451275139701  0.54613268591666542  0.55763692884235694  0.56885665920899120
  0.57989704041099910  0.59065064772341613  0.60133715016705624  0.61199808875994421
  0.62293873186706405  0.63436432693279721  0.64615820964231152  0.65809917426182885
  0.67023885934763849  0.68232345581411447  0.69293288780053930  0.70200308634461039
  0.71099674002417157  0.72012592958514565  0.72943617764449808  0.73880583048464510
  0.74810861468043899  0.75994311632558675  0.77190377785852615  0.78189158505584289
  0.79138758764357031  0.80084460370154131  0.81030250271990012  0.81981124381038040
  0.82947414437591460  0.83966045971575287  0.85003395997530029  0.86050736720550602
  0.87065462333294141  0.88118823790460887  0.89215691053296786  0.90361072745984350
  0.91514169491694775  0.92620982598686863  0.93697662732247833  0.94774203218846487
  0.95881613926438447  0.97075617370985856  0.98416607120132349  1.00000000000000000
 -0.00546624493825923  0.01869427469110299  0.03458990296707719  0.04653990527704822
  0.05638198088893556  0.06545981215755231  0.07456581683031148  0.08361561547805398
  0.09253204646808652  0.10112100840655787  0.11132182013004939  0.12132032201452933
  0.13072056635011964  0.13993230189019773  0.14938117901309081  0.15873035852675690
  0.16823389424850560  0.17744851239652693  0.18668396651886154  0.19619250312526207
  0.20610793852399839  0.21637720486885623  0.22707447379885459  0.23828538037781485
  0.24971545020510882  0.26095670846713920  0.27256158866688646  0.28491941894464584
  0.29745208276475116  0.30917678448820812  0.32384947835056277  0.33682401863275929
  0.34825027931230407  0.35964954514436609  0.37100350406596128  0.38175915199248167
  0.39222283281108272  0.40311625008809732  0.41411004900040377  0.42420171278496527
  0.43387316276692262  0.44386854174215379  0.45418904743953603  0.46411640184530822
  0.47347785475740900  0.48232127409121189  0.49068311716515411  0.49914554099469255
  0.50808672914916608  0.51709716997503519  0.52685232989452957  0.53618915456166061
  0.54770921385753357  0.55998901593040440  0.57142028775734366  0.58254533690457855
  0.59373434489932575  0.60486323360747141  0.61585957572954075  0.62732647681500819
  0.63991740641808126  0.65215283130379065  0.66323534207430157  0.67515843222469185
  0.68728598097713389  0.69841752059969564  0.70917099314687582  0.71981586539268594
  0.73061898049942342  0.74152087836413749  0.75250003424402157  0.76364315526563009
  0.77489944240096997  0.78609789889066306  0.79686904265763603  0.80705293212760698
  0.81725288665909801  0.82693873837540799  0.83672980119918650  0.84668407482585961
  0.85683810040073805  0.86702873395799207  0.87714832583090063  0.88696418278627598
  0.89660703247041784  0.90621038200055815  0.91579645192553660  0.92544872966490876
  0.93502490680419570  0.94493698158892658  0.95491977025760300  0.96429968332696292
  0.97317983563841204  0.98202360475262140  0.99102584814640515  1.00000000000000000
 -0.00001113182906585  0.00001407737248542  0.00003928657403669  0.00005509737423292
  0.00006180640985990  0.00006790667187032  0.00006980267437461  0.00007169867687889
  0.00007344765636548  0.00007519415593114  0.00007691996878996  0.00007863497646256
  0.00008032024300809  0.00008193185605580  0.00008354346910351  0.00008494746713134
  0.00008628818461737  0.00008762890210340  0.00008899207464588  0.00009036331275123
  0.00009173455085657  0.00009317425224863  0.00009463411353120  0.00009609397481378
  0.00009772621746539  0.00009936034304254  0.00010078714439496  0.00010200883597918
  0.00010323052756340  0.00010444301110987  0.00010561260536375  0.00010678219961763
  0.00010795179387151  0.00010913913944049  0.00011033399666184  0.00011152885388319
  0.00011265415920734  0.00011361873431658  0.00011458330942583  0.00011554788453507
  0.00011651221555790  0.00011747406440770  0.00011843591325751  0.00011939776210731
  0.00012035961095712  0.00012131888700059  0.00012227776183191  0.00012323663666322
  0.00012419551149453  0.00012554714536586  0.00012713187664975  0.00012873104699189
  0.00013054301330900  0.00013235497962612  0.00013458991421079  0.00013710657969419
  0.00013985241846054  0.00014360075330617  0.00015081535671632  0.00015651034566034
  0.00015939952080675  0.00016229853707635  0.00016520010119239  0.00016810173232780
  0.00017944576541542  0.00019580946871943  0.00019812418235668  0.00020043889599393
  0.00020275360963119  0.00020506832326844  0.00020738303690569  0.00022406612464780
  0.00022707146094541  0.00022945481570779  0.00023180850583335  0.00023410016212022
  0.00023629527055219  0.00023905249075761  0.00024243062179512  0.00024781353130263
  0.00025755813804493  0.00025918681208616  0.00026150503452681  0.00026691472610440
  0.00026840679084529  0.00026989885558619  0.00027072364381791  0.00027154607922875
  0.00027236851463959  0.00027319095005043  0.00027406931323972  0.00027530944548108
  0.00027578053265986  0.00027578355801387  0.00027578355802387  1.00000000000000000
  0.18248420533083418  0.21061394454154345  0.22676238901690998  0.23877817309025851
  0.24895307835787980  0.25805677001559812  0.26642076438516865  0.27447880897603288
  0.28256810831733364  0.29039758811264982  0.29748810882830717  0.30399342349252023
  0.31053016016670171  0.31725604734382229  0.32413929051873919  0.33089106915982486
  0.33724844185950403  0.34324687819690436  0.34906425116731160  0.35489102013459128
  0.36132120639344817  0.36784359494063057  0.37435476919446248  0.38037553065527757
  0.38606267590830923  0.39159657802169678  0.39713617654206418  0.40298927467019857
  0.40899694884196131  0.41504771279119096  0.42108252496701226  0.42699699989501061
  0.43287893642751868  0.43880748748975240  0.44449061531767275  0.45024011271721681
  0.45602166054530524  0.46195141296785819  0.46829576139472456  0.47470058569543638
  0.48041400543564172  0.48517258178477507  0.48971593843740047  0.49433347250251347
  0.49878846813897837  0.50319624588408629  0.50756255343135770  0.51198314993787164
  0.51650300931199433  0.52107394511741234  0.52561715892373173  0.52982758720436607
  0.53396516139299044  0.53812581116788727  0.54271263103039213  0.54765332472417683
  0.55254290474361467  0.55739442212610180  0.56231106109853835  0.56722860350108761
  0.57216698473674543  0.57707185676776485  0.58214463781390902  0.58733623767218868
  0.59251246640751942  0.59763802230434793  0.60273823395446369  0.60813035824040396
  0.61369701230293439  0.61933540293764267  0.62514558022725963  0.63114208606826006
  0.63709375528167300  0.64301664816956650  0.64894034760663477  0.65488942272769679
  0.66085411939905381  0.66686744872996473  0.67310298999891538  0.67942711989170490
  0.68588379687037415  0.69249534961975423  0.69923506765375765  0.70611800516631917
  0.71304344843082246  0.72018777141750190  0.72772001265309749  0.73562671400128710
  0.74377582194888214  0.75221145577140514  0.76168078722226384  0.77152981317110270
  0.78289902786506715  0.79080285067499856  0.80993580294720435  1.00000000000000000
  0.70859286152948731  0.71271822470864321  0.71599955883369515  0.71912133798995226
  0.72205277523279987  0.72483001812728609  0.72751510381003615  0.73052838652270391
  0.73378477111939611  0.73709940539133068  0.74038756434038433  0.74376658900393500
  0.74714417863304472  0.75036059375125508  0.75332784932703512  0.75625241738891280
  0.75920154692364383  0.76217285995408202  0.76520982410762550  0.76827971043915499
  0.77134358931757707  0.77423883371642022  0.77704530379041870  0.77986927110392568
  0.78277014356443131  0.78574759389473658  0.78876895484915144  0.79176546354862787
  0.79468448809527104  0.79758795365863833  0.80055638874007551  0.80357723422104876
  0.80660168165855928  0.80956777409474390  0.81249397937475787  0.81535923303278424
  0.81827342273370063  0.82123038015760752  0.82416720204981964  0.82707256642599125
  0.82993927094333764  0.83275807255439760  0.83579869635866111  0.83883065179003924
  0.84182821930541707  0.84478439469411915  0.84772687012160530  0.85066691824336527
  0.85357348903780961  0.85655258019282554  0.85959266268195611  0.86270172776898313
  0.86588817821893094  0.86908560663583811  0.87224766089943995  0.87544709080059868
  0.87875517023804517  0.88204174902122456  0.88527639888788789  0.88853221044264186
  0.89180611567379897  0.89509769866476263  0.89845317322847140  0.90186643811198985
  0.90531030301698623  0.90873428595950578  0.91214181070044442  0.91546746665893408
  0.91855050869856447  0.92140723933898783  0.92431278820621143  0.92722532462475993
  0.93016164294204939  0.93305386723325068  0.93578992126636518  0.93842273614321214
  0.94110312096213522  0.94380346234853729  0.94647867129270147  0.94920355828450886
  0.95189243792453682  0.95457721281083230  0.95708915444457587  0.95939996264599003
  0.96161195217039641  0.96372430297812572  0.96582831910615197  0.96817577530002508
  0.97080214730376402  0.97410732551543855  0.97810482718849545  0.98238480178619736
  0.98697911694407447  0.99141174538767396  0.99355558097939489  1.00000000000000000
  0.29163848120682567  0.29870343614682965  0.30409613777511035  0.30950780540918549
  0.31522103897336573  0.32140558578862066  0.32763708734513186  0.33368757781930858
  0.33947983747474780  0.34527559322629164  0.35088866406678942  0.35646837619870358
  0.36222638405688889  0.36804289932681872  0.37373671364929917  0.37917607206693155
  0.38447293055216503  0.38976342311296075  0.39503116557156964  0.40078458895896069
  0.40667435473031932  0.41235690662933883  0.41775275699218467  0.42217324751106999
  0.42680804669241396  0.43153638197647809  0.43625781494157145  0.44095342590217601
  0.44555433554168400  0.45014945754378738  0.45478235379462056  0.45927532712491131
  0.46355045305472953  0.46790801074823191  0.47231053505594561  0.47671058443568315
  0.48134714025951253  0.48626012414341296  0.49110261379941617  0.49593574912212979
  0.50064714963471768  0.50516222456457027  0.50957895952558541  0.51391288862903417
  0.51827566181794038  0.52270721457450120  0.52737961776749753  0.53195400555323380
  0.53661570027970729  0.54144004989140815  0.54605763733178725  0.55068801204044182
  0.55537575575733988  0.56002017668975312  0.56474864176209316  0.56973514512230328
  0.57464989826066226  0.57952661394884331  0.58424905946417505  0.58864545558162906
  0.59314899121104314  0.59774194862450680  0.60202285863673688  0.60619559692801717
  0.61037539314813749  0.61472720382047352  0.61916292217048385  0.62349671268487639
  0.62760363017608611  0.63151948897275134  0.63552600516265056  0.63956690461110000
  0.64359555378905586  0.64769556440462495  0.65182452599714757  0.65591088399467401
  0.65997053626891766  0.66414141805968230  0.66843449531339405  0.67292196617729194
  0.67727940309456347  0.68156254256607307  0.68548270359929175  0.69005034414919275
  0.69525546579393604  0.70039340301598263  0.70536147759844570  0.71032476991759985
  0.71561037568955665  0.72066891428842295  0.72547582069218142  0.73046600833401509
  0.73362642231828223  0.73742956307597374  0.73853813419866998  1.00000000000000000
   2.4638594943814177E-010  -1.0000000000000000     
  <DiscreteSampler_grid>
  Helicity
  1 # 1 for a reference and 2 for a running grid.
  40 # Attribute 'min_bin_probing_points' of the grid.
  1 # Attribute 'grid_mode' of the grid. 1=='default',2=='initialization'
  0.0000000000000000 # Attribute 'small_contrib_threshold' of the grid.
  0.5000000000000000 # Attribute 'damping_power' of the grid.
 # binID   n_entries weight   weight_sqr   abs_weight
    2   1020   5.121169600926300E-009   1.538254031499048E-015   5.121169600926300E-009
    3   459   2.103943092437519E-009   2.671843776248855E-016   2.103943092437519E-009
    4   218   7.959025254412849E-010   5.425741753747029E-018   7.959025254412849E-010
    9   978   4.277080572620833E-009   9.481685847517368E-016   4.277080572620833E-009
    10   623   2.711800615376270E-009   3.352015040835448E-016   2.711800615376270E-009
    11   766   3.313878512054030E-009   3.880858608427540E-016   3.313878512054030E-009
    12   648   2.822716677576918E-009   2.754805191387854E-016   2.822716677576918E-009
    13   449   2.264291553964449E-009   2.013122644669227E-016   2.264291553964449E-009
    14   212   8.698255276505076E-010   2.859918585389428E-017   8.698255276505076E-010
    15   514   2.395463044635659E-009   2.252032055620088E-016   2.395463044635659E-009
    16   927   3.978171111647735E-009   7.898499914210528E-016   3.978171111647735E-009
    17   430   1.754934406790467E-009   2.403321342752661E-016   1.754934406790467E-009
    20   669   2.926207939877143E-009   5.776261929064467E-016   2.926207939877143E-009
    22   843   3.855236369066575E-009   1.194707962702774E-015   3.855236369066575E-009
    23   307   1.299254791503212E-009   3.806647799510179E-017   1.299254791503212E-009
    24   550   2.433699253787890E-009   1.975841048583590E-016   2.433699253787890E-009
    26   971   3.940774394056962E-009   1.726348594496468E-015   3.940774394056962E-009
    28   602   2.717300760629426E-009   4.239557837375045E-016   2.717300760629426E-009
    29   406   1.742248002453976E-009   1.097609158007237E-016   1.742248002453976E-009
    30   1404   6.463685361072920E-009   2.473933343256768E-015   6.463685361072920E-009
    31   203   6.526264862482206E-010   7.535266234019513E-018   6.526264862482206E-010
    32   1325   6.009464865414759E-009   1.906202122358466E-015   6.009464865414759E-009
    33   769   3.377282177872204E-009   5.363486848645170E-016   3.377282177872204E-009
    34   357   1.511739625478112E-009   1.586527198938078E-016   1.511739625478112E-009
    36   547   2.473245676478169E-009   2.456937131662804E-016   2.473245676478169E-009
    37   1154   5.634756009518037E-009   7.045956390541967E-016   5.634756009518037E-009
    38   77   3.881464299536985E-010   3.592738253936275E-018   3.881464299536985E-010
    39   608   2.731962966867489E-009   2.387303943864701E-016   2.731962966867489E-009
    40   736   3.423323869799901E-009   7.270527838704979E-016   3.423323869799901E-009
    42   499   2.286220794692864E-009   2.205625699025373E-016   2.286220794692864E-009
    43   452   2.139576496256381E-009   4.250519717888708E-016   2.139576496256381E-009
    45   534   2.325971519310582E-009   2.276990849160678E-016   2.325971519310582E-009
    46   243   1.069770052152973E-009   3.793592826406940E-017   1.069770052152973E-009
    47   10   4.568806479920511E-011   9.860151503788301E-021   4.568806479920511E-011
    48   1606   7.165834961401722E-009   3.234049643446078E-015   7.165834961401722E-009
    50   1448   6.943988026065605E-009   3.022664775179473E-015   6.943988026065605E-009
    51   647   3.196711397692650E-009   4.874950491619040E-016   3.196711397692650E-009
    52   931   4.317309717947225E-009   1.034539924101811E-015   4.317309717947225E-009
    54   131   6.145322657981077E-010   5.332065798442616E-018   6.145322657981077E-010
    55   379   1.645384575805312E-009   7.095375236712552E-017   1.645384575805312E-009
    56   688   2.879602467638051E-009   2.606112475591651E-016   2.879602467638051E-009
    57   416   2.022997786873067E-009   1.612146270892838E-016   2.022997786873067E-009
    58   864   3.809135255237376E-009   9.082567574097696E-016   3.809135255237376E-009
    59   7   1.794425402063906E-011   8.069962447072211E-022   1.794425402063906E-011
    60   602   2.902460758764358E-009   5.162731029649491E-016   2.902460758764358E-009
    62   463   2.077163959895920E-009   3.257245983244079E-016   2.077163959895920E-009
    63   349   1.413470580329801E-009   1.026634247863634E-016   1.413470580329801E-009
    64   1067   4.760813564084705E-009   1.319410825172513E-015   4.760813564084705E-009
  </DiscreteSampler_grid>
  <DiscreteSampler_grid>
  grouped_processes
  1 # 1 for a reference and 2 for a running grid.
  10 # Attribute 'min_bin_probing_points' of the grid.
  1 # Attribute 'grid_mode' of the grid. 1=='default',2=='initialization'
  0.0000000000000000 # Attribute 'small_contrib_threshold' of the grid.
  0.5000000000000000 # Attribute 'damping_power' of the grid.
 # binID   n_entries weight   weight_sqr   abs_weight
    13   10   1.793062050237142E-001   1.158185298175539E-001   1.793062050237142E-001
    14   10   1.793062050237142E-001   1.158185298175541E-001   1.793062050237142E-001
    16   10   9.551980895855239E-003   2.385168544835157E-004   9.551980895855239E-003
    17   10   9.551980895855239E-003   2.385168544835154E-004   9.551980895855239E-003
    22   10   1.793062050237141E-001   1.158185298175538E-001   1.793062050237141E-001
    23   10   1.793062050237142E-001   1.158185298175540E-001   1.793062050237142E-001
    25   10   9.551980895855239E-003   2.385168544835157E-004   9.551980895855239E-003
    26   10   9.551980895855239E-003   2.385168544835154E-004   9.551980895855239E-003
  </DiscreteSampler_grid>
