  0.00000020867114633  0.00000022722503881  0.00000022931067599  0.00000023142630146
  0.00000023359689479  0.00000023581675988  0.00000023812983180  0.00000024132389255
  0.00000024623842377  0.00000025149354113  0.00000025677706894  0.00000026193093382
  0.00000027397527535  0.00000027911868437  0.00000028365927285  0.00000028826647882
  0.00000029300407739  0.00000029935910081  0.00000032211748049  0.00000032944006632
  0.00000033625731272  0.00000034295571110  0.00000035271374649  0.00000036800155188
  0.00000037302298013  0.00000037773955675  0.00000038231163171  0.00000038696103311
  0.00000039173675982  0.00000039679615880  0.00000040507506368  0.00000042290664770
  0.00000042929965354  0.00000043619176536  0.00000044342019325  0.00000045039444641
  0.00000045724308732  0.00000046744349231  0.00000047994571064  0.00000049113484088
  0.00000049952402132  0.00000050794677681  0.00000051638794002  0.00000052535925814
  0.00000055041900993  0.00000056600398834  0.00000058204785736  0.00000059833951743
  0.00000063387460103  0.00000069805421895  0.00000072164044112  0.00000074550991430
  0.00000085649574348  0.00000089907437847  0.00000091904587147  0.00000094023749474
  0.00000096396751486  0.00000100215791295  0.00000104601136251  0.00000111243317972
  0.00000114470972832  0.00000118224524506  0.00000121673362285  0.00000125946288395
  0.00000129682625132  0.00000133499266441  0.00000138046702526  0.00000144554738563
  0.00000152916435303  0.00000159400572492  0.00000164458649375  0.00000170224488431
  0.00000176920847137  0.00000195017871548  0.00000213204086186  0.00000227672107506
  0.00000244071051581  0.00000266047966891  0.00000284495244234  0.00000298199674848
  0.00000314643160050  0.00000332784353752  0.00000378111593319  0.00000413553566034
  0.00000435590957243  0.00000460637058197  0.00000488111686549  0.00000529279496884
  0.00000582130846314  0.00000643787598701  0.00000693671133122  0.00000744331119752
  0.00000795713022877  0.00000864522881307  0.00002113135448795  1.00000000000000000
  0.00000011619821549  0.00000014672938103  0.00000014970084227  0.00000015226822149
  0.00000015486647432  0.00000015746530510  0.00000016039032866  0.00000016332261360
  0.00000020309344299  0.00000020719821390  0.00000021130298481  0.00000021526839745
  0.00000021920011445  0.00000022268870212  0.00000022578705258  0.00000022888540304
  0.00000023352381263  0.00000023856790823  0.00000024442870731  0.00000026468166221
  0.00000030139261230  0.00000030969430475  0.00000031633516813  0.00000032084058997
  0.00000032534601181  0.00000032982767809  0.00000033428677513  0.00000033874587217
  0.00000034364137206  0.00000034879200389  0.00000035423903541  0.00000036329497318
  0.00000037417083769  0.00000038300312598  0.00000038974788884  0.00000039643642183
  0.00000040310337646  0.00000040997233815  0.00000042277934107  0.00000043591446010
  0.00000044371244310  0.00000045116455369  0.00000045924624520  0.00000046880881020
  0.00000050307780104  0.00000061762509423  0.00000068277949139  0.00000071051592391
  0.00000073462373271  0.00000075587505685  0.00000077942049961  0.00000080507506400
  0.00000083295376264  0.00000086850551905  0.00000101758134499  0.00000106181657910
  0.00000110610768908  0.00000115374671825  0.00000120921984012  0.00000125406662686
  0.00000129670427231  0.00000134310148804  0.00000139798684298  0.00000146496487965
  0.00000153552281368  0.00000159463083176  0.00000166587202481  0.00000172245027642
  0.00000177404568954  0.00000182384503075  0.00000187412226737  0.00000192581723755
  0.00000199327324275  0.00000208811130317  0.00000223737958495  0.00000234979231844
  0.00000246698047227  0.00000258129044145  0.00000268712400304  0.00000281028371872
  0.00000294698383447  0.00000309738240424  0.00000328915083701  0.00000351133624284
  0.00000375892889569  0.00000411861800441  0.00000479107813904  0.00000563649918231
  0.00000632083036082  0.00000688542446582  0.00000743359642279  0.00000807542731501
  0.00000883963506534  0.00000984067864139  0.00002227795813678  1.00000000000000000
  0.00000026171998623  0.00000026517674097  0.00000026756833282  0.00000027002787132
  0.00000027275502977  0.00000027548218822  0.00000030791844486  0.00000031272290582
  0.00000031752736677  0.00000032222331886  0.00000032691348797  0.00000033149603543
  0.00000033604112244  0.00000036978965802  0.00000039764888748  0.00000040595425627
  0.00000041418499888  0.00000042221763738  0.00000044809618664  0.00000048881398171
  0.00000049476760462  0.00000050074200440  0.00000050674237953  0.00000051280306283
  0.00000051893312658  0.00000053745723876  0.00000054657777351  0.00000055572077650
  0.00000056502166046  0.00000057930768864  0.00000062212747769  0.00000063715789088
  0.00000065316710118  0.00000066409868469  0.00000067283337607  0.00000068032089142
  0.00000068773864567  0.00000069520359931  0.00000070267283859  0.00000071190943054
  0.00000072130077123  0.00000073050133944  0.00000073959353825  0.00000074861354051
  0.00000075815026535  0.00000077029590378  0.00000079008519552  0.00000085754449876
  0.00000087649844319  0.00000089487466197  0.00000091257563488  0.00000096338252153
  0.00000097718072946  0.00000099002919179  0.00000100268464381  0.00000101498951115
  0.00000102727825342  0.00000104583465502  0.00000106777857331  0.00000113687661875
  0.00000115767522293  0.00000117766918171  0.00000119733650849  0.00000121540153143
  0.00000123317653286  0.00000125276276025  0.00000127328409752  0.00000129675479335
  0.00000132351711438  0.00000136005225455  0.00000141453830763  0.00000146685538991
  0.00000152505632163  0.00000156648972717  0.00000160621195257  0.00000165184530245
  0.00000171146111560  0.00000178583279214  0.00000185184633628  0.00000191296487558
  0.00000197316251977  0.00000204032174326  0.00000212163584732  0.00000219578616889
  0.00000227454142342  0.00000236228292343  0.00000247072969305  0.00000277144294621
  0.00000299800376629  0.00000327247524672  0.00000387401561171  0.00000430259883043
  0.00000476980173670  0.00000650557314256  0.00001527958746815  1.00000000000000000
 -0.00437988433974083  0.01005341833039624  0.02382417404563354  0.03598261388387362
  0.04494681492656329  0.08076828204377849  0.08807089640331225  0.09246945054234920
  0.09642862958617003  0.10030413802625386  0.10407656100400270  0.10843931007240694
  0.11372939580512655  0.12026146418249273  0.12611417553254864  0.13128186468700892
  0.13642026821276554  0.14110639259376148  0.14554330854155687  0.15144188100364955
  0.15716513433708490  0.16197835384630255  0.17483962186564481  0.18906116467429196
  0.20344202876085346  0.21784446439443181  0.22416407635373528  0.23149176148727246
  0.26820060841538362  0.28835488368612111  0.29966483470933919  0.30679344599104041
  0.31483643198351563  0.33058660392314670  0.33670814088223855  0.34228522911134507
  0.34799236012545437  0.35888197917045189  0.37748799515361181  0.38193489347455933
  0.38608116004573700  0.39021821445924065  0.39729890119194639  0.41216318135725716
  0.41867658146646386  0.42545236237190037  0.43229380837801268  0.45009071616059421
  0.45752251646297065  0.46508968646652715  0.47278659828103664  0.47981451128905817
  0.48657908319446036  0.54488308162926935  0.61139474303335439  0.64106315958502358
  0.64713434262516267  0.65302628874884661  0.65881659472732812  0.66521433322099022
  0.67187491720253212  0.69216186544420777  0.70291124355671208  0.71166013940536055
  0.71916724927052766  0.72571801693359062  0.75614624974411804  0.76611429046917945
  0.77773882416689788  0.79950889737886954  0.81280646860258987  0.81872266805852301
  0.82429346365205169  0.82956766817878203  0.83521632320981898  0.84157597889813440
  0.85525692911953155  0.88520963906780437  0.89146411056510055  0.89798765423839400
  0.90462405593242534  0.91115662642613726  0.91767106407303278  0.94032496316681591
  0.94624715630025147  0.95120605604752984  0.95546145291334994  0.95900825881034568
  0.96252940472640303  0.96582775876498228  0.96912611280356153  0.97259945815289028
  0.97626990907589317  0.97994035999889606  0.98546100387823277  1.00000000000000000
 -0.00000166067268418 -0.00000140384562905 -0.00000114701857392 -0.00000089019151878
 -0.00000063336446365 -0.00000037653740852 -0.00000011971035338  0.00000013711670175
  0.00000039394375688  0.00000065077081201  0.00000090759786715  0.00000116442492228
  0.00000142125197741  0.00000167807903255  0.00000193490608768  0.00000219173314281
  0.00000244856019794  0.00000270538725308  0.00000296221430821  0.00000321904136334
  0.00000347586841848  0.00000373269547361  0.00000398952252874  0.00000424634958388
  0.00000450317663901  0.00000476000369414  0.00000501683074927  0.00000527365780441
  0.00000553048485954  0.00000578731191467  0.00000604413896981  0.00000630096602494
  0.00000655779308007  0.00000717708926048  0.00000787034848947  0.00000856360771846
  0.00000925686694746  0.00000995012617645  0.00001064338540544  0.00001133664463443
  0.00001202990386343  0.00001272316309242  0.00001341642232141  0.00001410968155041
  0.00001480294077940  0.00001549620000839  0.00001618945923739  0.00001688271846638
  0.00001757597769537  0.00001826923692437  0.00001896249615336  0.00001965575538235
  0.00002034901461135  0.00002104227384034  0.00002173553306933  0.00002242879229832
  0.00002312205152732  0.00002381531075631  0.00002461347654111  0.00002568707020314
  0.00002676066386516  0.00002783425752719  0.00002890785118922  0.00002998144485125
  0.00003105503851328  0.00003212863217531  0.00003320222583734  0.00003427581949937
  0.00003534941316139  0.00003642300682342  0.00003749660048545  0.00003857019414748
  0.00003964378780951  0.00004071738147154  0.00004179097513357  0.00004429152569599
  0.00004720823425378  0.00005012494281158  0.00005304165136938  0.00005595835992717
  0.00005887506848497  0.00006139087834663  0.00006213072578433  0.00006213072581794
  0.00006213072585213  0.00006213072588638  0.00006213072592031  0.00006213072595414
  0.00006213072598747  0.00006213072602135  0.00006213072605545  0.00006213072608953
  0.00006213072612365  0.00006213072615725  0.00006213072617567  1.00000000000000000
  0.01918380751546435  0.16256871038539647  0.16521530810743540  0.16786190582947433
  0.17050850355151326  0.17336454836962456  0.17626778192119200  0.17917101547275940
  0.18204371330127536  0.18483618367829360  0.18762865405531187  0.19042112443233011
  0.19518077698369835  0.20584503232281712  0.25535484171845302  0.27542808155003301
  0.29464203950129275  0.30733626971721922  0.32251430312582691  0.33766537755199738
  0.34860949712731315  0.35677111354345364  0.36425280708608104  0.37187235609314434
  0.37988806687365934  0.39165455230873869  0.40242463224455294  0.41562837487557769
  0.42075601538210050  0.42574696151006813  0.43010236388662348  0.43442909110669731
  0.43882403699691458  0.44298904804507316  0.44736198902415036  0.45258399832735269
  0.45790419872792060  0.46975299755121663  0.47613509429438677  0.48268179805471467
  0.49068328392769545  0.50483360722947812  0.51259670373500343  0.51834829104980307
  0.52283584407073591  0.52692287021689388  0.53089473479557003  0.53503649184386515
  0.53976529672802076  0.54516149091231281  0.55080405562533585  0.57730501363277986
  0.58419051862617266  0.59106008741780947  0.59811856094844995  0.60566098433279991
  0.61305297295520378  0.62082734131107875  0.62896218815051386  0.63563853022781891
  0.64254828013192311  0.64880380505352264  0.65642397939300212  0.66412657684748866
  0.67153892920833591  0.67886560969151033  0.68576939341322685  0.69352451591655151
  0.70199357705543830  0.71122757833406447  0.72185639316394057  0.73278012267107573
  0.75222675608824663  0.75717315399229745  0.76198076820516181  0.76691398915466247
  0.77301929111420464  0.77813917170648161  0.78017320827109005  0.78220724483569859
  0.78430027441424455  0.78640857688079691  0.78856858430694166  0.79078746742943395
  0.79753421173185768  0.80650981038163838  0.85635718866290356  0.85896295848156912
  0.86156872830023468  0.86422367996580618  0.86714482078358179  0.87006596160135730
  0.87302281213373323  0.87608085155751869  0.87913889098130404  1.00000000000000000
 -0.00000186834581939 -0.00000047460891457 -0.00000041554432483 -0.00000035647973508
 -0.00000029741514534 -0.00000023835055559 -0.00000017928596584 -0.00000012022137610
 -0.00000006115678635 -0.00000000209219661  0.00000005697239314  0.00000011603698288
  0.00000017510157263  0.00000023416616238  0.00000029323075212  0.00000035229534187
  0.00000041135993161  0.00000047042452136  0.00000052948911110  0.00000058855370085
  0.00000064761829060  0.00000070668288034  0.00000076574747009  0.00000082481205983
  0.00000088387664958  0.00000094294123932  0.00000100200582907  0.00000106107041882
  0.00000112013500856  0.00000117919959831  0.00000123826418805  0.00000129732877780
  0.00000135639336754  0.00000141545795729  0.00000147452254704  0.00000153358713678
  0.00000159265172653  0.00000165171631627  0.00000168987009329  0.00000168987010329
  0.00000168987011329  0.00000168987012329  0.00000168987013329  0.00000168987014329
  0.00000168987015329  0.00000168987016329  0.00000168987017329  0.00000168987018329
  0.00000168987019329  0.00000168987020329  0.00000168987021329  0.00000168987022329
  0.00000168987023329  0.00000168987024329  0.00000168987025329  0.00000168987026329
  0.00000168987027329  0.00000168987028329  0.00000168987029329  0.00000168987030329
  0.00000168987031329  0.00000168987032329  0.00000168987033329  0.00000168987034329
  0.00000168987035329  0.00000168987036329  0.00000168987037329  0.00000168987038329
  0.00000168987039329  0.00000168987040329  0.00000168987041329  0.00000168987042329
  0.00000168987043329  0.00000168987044329  0.00000168987045329  0.00000168987046329
  0.00000168987047329  0.00000168987048329  0.00000168987049329  0.00000168987050329
  0.00000168987051329  0.00000168987052329  0.00000168987053329  0.00000168987054329
  0.00000168987055329  0.00000168987056329  0.00000168987057329  0.00000168987058329
  0.00000168987059329  0.00000168987060329  0.00000168987061329  0.00000168987062329
  0.00000168987063329  0.00000168987064329  0.00000168987065329  1.00000000000000000
 -0.00346224282064714  0.09162022501689492  0.10317155394157897  0.11366356249492730
  0.12239332810189443  0.13218874950640283  0.13890600322386404  0.14452719493791688
  0.15018491705408599  0.15556015210686017  0.16214336842108465  0.17176202550571879
  0.18069633392894696  0.19068641076209178  0.20196513137878846  0.22050059166578109
  0.22925030493765083  0.23696371984248918  0.24425971559086967  0.25433385111876505
  0.26367743674632732  0.27520799697712844  0.28616617822528739  0.29673839391129614
  0.30643158319050995  0.31582122320562817  0.32049227063283853  0.32461419781011897
  0.32872816141906214  0.33284212502800531  0.33726948329320233  0.34162820625895218
  0.34554008919470691  0.34953159280009877  0.35414884467670510  0.35872844509361212
  0.36325097406714452  0.36822755741325719  0.37402750863911283  0.38196248307627506
  0.39248433395690341  0.40401625318769768  0.41608288467362009  0.43259491339476763
  0.44790606830708762  0.46177755376905261  0.51245952088107671  0.53557273633169089
  0.55151841663558421  0.57531685610417782  0.59081257023398914  0.60365934440122970
  0.61516606387054795  0.62233075328539200  0.62868436696256458  0.63482218776672705
  0.64090551514775196  0.64690360244028167  0.65245473127217013  0.65838215404469058
  0.67074777530751639  0.69376927591269810  0.69877783648668568  0.70392000173311176
  0.70911758236343703  0.71453493398350987  0.71988600061038965  0.72514123273966280
  0.73063102232065769  0.73623842908848092  0.74204239316531972  0.74837961958340582
  0.75904200576125780  0.77439303401551107  0.77805834997496692  0.78188473446294859
  0.78582975812858114  0.78968391963638696  0.79412884146550178  0.79966795595497586
  0.80450323177974403  0.80864599337609611  0.81285036965429058  0.81689945111032125
  0.82156473358939131  0.84150034310917521  0.84807847731650998  0.85386903396743230
  0.85973867796092718  0.87160107086793215  0.87735105038783279  0.88224165279115652
  0.88707300185262250  0.89237463038152165  0.90697569470739769  1.00000000000000000
  0.75287859899165188  0.76466015406112986  0.77274363095105614  0.77417875656286395
  0.77490836278039210  0.77563796899792015  0.77636454112938991  0.77709086175193953
  0.77780736108535820  0.77850101067398281  0.77919466026260731  0.78170454684514890
  0.78270837931750270  0.78359750050288879  0.78443977618123484  0.78524016296687493
  0.78599509430514136  0.78675002564340768  0.78755204429339110  0.78835615834649286
  0.78922347225989664  0.79013993350716971  0.79107735007028268  0.79203176393944619
  0.79342538294239184  0.79495760777007507  0.80042433994485296  0.80202616515135261
  0.80367100781054479  0.80561655879518079  0.80853414971979620  0.81088852126360034
  0.81234015748183863  0.81354782907164336  0.81478929447408566  0.81581544490248936
  0.81668529678817448  0.81754346063004446  0.81839261697023713  0.81920562250287632
  0.81999215155775174  0.82091621398695280  0.82203341074925840  0.82325434323045621
  0.82466737104750643  0.82605350216931195  0.82697274743229898  0.82792474138070749
  0.82892169558782147  0.82990411301068900  0.83087734945810876  0.83310262256854339
  0.83591450086087560  0.84074261971444153  0.84721513665642689  0.84859408315169149
  0.84976040669634545  0.85079435261928749  0.85176895436272415  0.85271298828623598
  0.85390134287876795  0.85522853514523378  0.85680442237322496  0.85841997600969666
  0.86007265409313027  0.86167591095545626  0.86328430592970451  0.86489955400329255
  0.86637473636385853  0.86763351322424609  0.86864286446138539  0.86966455604227832
  0.87075580698535060  0.87184705792842287  0.87307352413567996  0.87434177661076296
  0.87671765196234452  0.87887138269412424  0.88098989022604191  0.88374430733597253
  0.89425767302998926  0.89677033595354405  0.89940852809770389  0.90409742288191475
  0.90596441020496932  0.90787565794987979  0.90982928694864285  0.91183597407162054
  0.92371937076068122  0.92617419358102782  0.92852941055478988  0.93076834827654209
  0.94486370194128588  0.94815540911733209  0.95156297862498918  1.00000000000000000
  0.27329023903754740  0.32141163097097025  0.34236649692491000  0.35775037093501771
  0.36092825170873638  0.36409340848063004  0.36724105297148024  0.37021734073456081
  0.37419400304693895  0.38000500769071283  0.38465965589533313  0.38791258651851918
  0.39118151527596545  0.39444214419106527  0.39759808500697585  0.40227052311798389
  0.41543687665701357  0.42755510823649279  0.43201581645186971  0.43543501207811341
  0.43785240000910053  0.44026412540943938  0.44267241832337878  0.44487241507687048
  0.44703751443294604  0.45070308867160191  0.45416440608863490  0.45740417555359558
  0.46052874447856590  0.46359135967814352  0.46671366324791264  0.46964341557719264
  0.47191750500049634  0.47410127099719795  0.47592260478189324  0.47774393856658859
  0.47944550312834988  0.48106668406241165  0.48268786499647348  0.48474055815296629
  0.48707081876423458  0.49344979235845299  0.49721915601208622  0.50111320199218679
  0.50477592370358282  0.50821569572456127  0.51149673150502517  0.51434013248117516
  0.51744504724760443  0.52057731525434092  0.52351058515829341  0.52583331189303906
  0.52807819665295108  0.53028802136819142  0.53252527441375286  0.53489924922933951
  0.53740241924649979  0.53972629956781881  0.54213159660909871  0.54460790530418346
  0.54705732149209119  0.54955937881991201  0.55216531486015075  0.55469374749548794
  0.55740284491924608  0.56083765760739890  0.56429582259182809  0.56722718888558166
  0.57015968100881897  0.57318343528947657  0.57664056838265831  0.57859691423785375
  0.58055326009304919  0.58252226869774892  0.58449178429799087  0.58676132698720052
  0.58905598033691342  0.60933639673646922  0.61925258963054275  0.62230428703917062
  0.62497679371048953  0.62770909948814790  0.63047818373573139  0.63433888917999848
  0.63816091766850103  0.64187354469509672  0.64546056148281150  0.64841431343926870
  0.65534653874791848  0.65910718636721555  0.66235385920284140  0.66580524926781881
  0.67206307268121745  0.69669179449027219  0.74263029971584305  1.00000000000000000
   2.4708621876347628E-010  -1.0000000000000000     
  <DiscreteSampler_grid>
  Helicity
  1 # 1 for a reference and 2 for a running grid.
  20 # Attribute 'min_bin_probing_points' of the grid.
  1 # Attribute 'grid_mode' of the grid. 1=='default',2=='initialization'
  0.0000000000000000 # Attribute 'small_contrib_threshold' of the grid.
  0.5000000000000000 # Attribute 'damping_power' of the grid.
 # binID   n_entries weight   weight_sqr   abs_weight
    1   114   6.499160264177612E-010   2.868053700186897E-017   6.499160264177612E-010
    2   283   3.413493248775301E-010   2.489723502510742E-017   3.413493248775301E-010
    4   880   8.509679644590084E-009   1.105420800988782E-014   8.509679644590084E-009
    7   339   3.477899173074998E-009   7.389462987858959E-016   3.477899173074998E-009
    8   731   9.224554648250906E-009   6.888612610610412E-015   9.224554648250906E-009
    9   154   3.687653831999237E-010   1.991380431705987E-017   3.687653831999237E-010
    10   726   1.103080300411003E-008   4.761418289305617E-015   1.103080300411003E-008
    11   1250   1.338432827724330E-008   1.308956745115726E-014   1.338432827724330E-008
    12   187   7.131879958239604E-010   3.814632507930380E-017   7.131879958239604E-010
    14   284   2.359343273592341E-009   4.451650404802223E-016   2.359343273592341E-009
    15   167   2.470398556158517E-009   5.415185445361066E-016   2.470398556158517E-009
    16   153   6.121184974476136E-010   1.772088053652360E-017   6.121184974476136E-010
    17   282   2.326609129689464E-009   4.688012984330856E-016   2.326609129689464E-009
    20   459   2.428187762828553E-009   8.187683811750429E-016   2.428187762828553E-009
    23   34   9.272872925720281E-011   2.923526512201619E-019   9.272872925720281E-011
    24   200   6.978149170371059E-010   5.747262324921463E-017   6.978149170371059E-010
    25   645   8.397743931237743E-009   1.448373896805495E-014   8.397743931237743E-009
    26   1   2.495501880912364E-011   6.227529637637148E-022   2.495501880912364E-011
    27   111   1.576389391202602E-009   1.868659807787662E-016   1.576389391202602E-009
    28   883   8.907544161238460E-009   7.998076878045318E-015   8.907544161238460E-009
    30   769   6.327826017058381E-009   6.665537349485900E-015   6.327826017058381E-009
    32   758   8.841401711338201E-009   7.688454810545064E-015   8.841401711338201E-009
    33   28   8.838711311514967E-011   2.187437349424448E-019   8.838711311514967E-011
    34   1   9.674397684133502E-012   9.359397055076768E-023   9.674397684133502E-012
    36   7   1.876219125758765E-010   2.464138310514307E-019   1.876219125758765E-010
    39   69   8.764730833508978E-011   5.300602666243909E-019   8.764730833508978E-011
    41   359   4.513168912338606E-009   1.204425941520022E-015   4.513168912338606E-009
    42   20   8.350561877271277E-011   1.394636995601312E-019   8.350561877271277E-011
    43   370   4.216148106953775E-009   9.747179050931211E-016   4.216148106953775E-009
    45   413   3.438138369633651E-009   1.334126212160943E-015   3.438138369633651E-009
    47   393   4.863963269122754E-009   1.150556645491646E-015   4.863963269122754E-009
    48   557   7.765668085587637E-009   2.486547461998963E-015   7.765668085587637E-009
    50   546   5.294583614231245E-009   3.247243889000098E-015   5.294583614231245E-009
    53   1301   2.265482084937285E-008   3.061549700768686E-014   2.265482084937285E-008
    54   141   6.319290975643440E-010   4.025502097186159E-017   6.319290975643440E-010
    55   1070   1.398029485307026E-008   6.737609425379121E-015   1.398029485307026E-008
    57   892   1.549277573739126E-008   8.505840031934083E-015   1.549277573739126E-008
    58   11   8.084308114660128E-011   7.189162580051882E-020   8.084308114660128E-011
    59   671   8.388319640511463E-009   7.384151834123618E-015   8.388319640511463E-009
    60   452   8.147056506992624E-009   6.327549504717680E-015   8.147056506992624E-009
    61   421   5.155823873601689E-009   1.616697524736515E-015   5.155823873601689E-009
    63   1347   2.288823296509937E-008   1.301280153224692E-014   2.288823296509937E-008
  </DiscreteSampler_grid>
  <DiscreteSampler_grid>
  grouped_processes
  1 # 1 for a reference and 2 for a running grid.
  10 # Attribute 'min_bin_probing_points' of the grid.
  1 # Attribute 'grid_mode' of the grid. 1=='default',2=='initialization'
  0.0000000000000000 # Attribute 'small_contrib_threshold' of the grid.
  0.5000000000000000 # Attribute 'damping_power' of the grid.
 # binID   n_entries weight   weight_sqr   abs_weight
    10   10   3.753561208628955E-003   5.042855468340504E-005   3.753561208628955E-003
    16   10   3.753561208628956E-003   5.042855468340506E-005   3.753561208628956E-003
    22   10   3.753561208628954E-003   5.042855468340502E-005   3.753561208628954E-003
    28   10   3.753561208628954E-003   5.042855468340504E-005   3.753561208628954E-003
  </DiscreteSampler_grid>
