  0.00000011865214854  0.00000012427216596  0.00000012735273722  0.00000013024001189
  0.00000013338571241  0.00000013665915389  0.00000013974471068  0.00000014258149351
  0.00000014535476573  0.00000014823303855  0.00000015142620957  0.00000015487462800
  0.00000015850042360  0.00000016221780253  0.00000016599399359  0.00000016987029254
  0.00000017376085172  0.00000017766575934  0.00000018152016070  0.00000018516173672
  0.00000018860194940  0.00000019203568895  0.00000019570653315  0.00000019975881785
  0.00000020405819591  0.00000020844722193  0.00000021286890491  0.00000021729875050
  0.00000022169375727  0.00000022604733955  0.00000023044519760  0.00000023495464383
  0.00000023947935286  0.00000024396107346  0.00000024860288190  0.00000025347096031
  0.00000025852502888  0.00000026377613691  0.00000026891090581  0.00000027387722251
  0.00000027891315996  0.00000028406767524  0.00000028917342337  0.00000029437193914
  0.00000029989512941  0.00000030563411932  0.00000031147866492  0.00000031735110828
  0.00000032334532993  0.00000032958177338  0.00000033592267043  0.00000034227139884
  0.00000034872229191  0.00000035530324747  0.00000036194299068  0.00000036858412028
  0.00000037539934992  0.00000038234799124  0.00000038927114635  0.00000039651686812
  0.00000040423513346  0.00000041213039797  0.00000042036325010  0.00000042863414673
  0.00000043725735240  0.00000044617727621  0.00000045524738327  0.00000046450744630
  0.00000047410657181  0.00000048435876802  0.00000049524457668  0.00000050656177294
  0.00000051814039248  0.00000053010679847  0.00000054294067200  0.00000055670507079
  0.00000057159205789  0.00000058737022041  0.00000060387525265  0.00000062154611139
  0.00000064112211258  0.00000066283412101  0.00000068664341074  0.00000071267650548
  0.00000074168198873  0.00000077481221795  0.00000081449226635  0.00000086165026430
  0.00000091869468070  0.00000099405905338  0.00000110132856767  0.00000125854332169
  0.00000156370533362  0.00000243385361249  0.00027446494895070  1.00000000000000000
  0.00000193690275088  0.00000202716815642  0.00000208734395040  0.00000213946325457
  0.00000218908775093  0.00000223959671948  0.00000229023403004  0.00000234146143391
  0.00000239371068114  0.00000244782182043  0.00000250088687401  0.00000255158211261
  0.00000260006125769  0.00000264910168989  0.00000270092349793  0.00000275257204722
  0.00000280709060420  0.00000286469516590  0.00000292021415782  0.00000297352250060
  0.00000302869512956  0.00000308888424004  0.00000315214968205  0.00000321734828503
  0.00000328252787465  0.00000334616343588  0.00000341005243786  0.00000347739598277
  0.00000354727086383  0.00000361613252867  0.00000368539695033  0.00000375774417700
  0.00000383190896033  0.00000390632971742  0.00000398180294326  0.00000406043718455
  0.00000414138079435  0.00000422362619636  0.00000430683093965  0.00000439189859925
  0.00000447900616496  0.00000456914653060  0.00000466222217342  0.00000475816287426
  0.00000485676135061  0.00000495634864510  0.00000505838053973  0.00000516448148150
  0.00000527658478333  0.00000539471399706  0.00000551581452543  0.00000564012587373
  0.00000576762365825  0.00000590180059974  0.00000604294196022  0.00000618942573035
  0.00000634152846093  0.00000649692900914  0.00000666002001647  0.00000683029397890
  0.00000700156461255  0.00000718024289222  0.00000737219903594  0.00000757146270716
  0.00000777572836961  0.00000798950044541  0.00000821372694131  0.00000844341814312
  0.00000868256015537  0.00000893923247951  0.00000920678768412  0.00000947983271730
  0.00000976842939932  0.00001008037451361  0.00001041256304030  0.00001076408836203
  0.00001113816779177  0.00001152690175712  0.00001192995420232  0.00001235884086236
  0.00001283414267728  0.00001336660775980  0.00001393749055890  0.00001454744211243
  0.00001518113233370  0.00001583948993966  0.00001650887001609  0.00001731923088087
  0.00001818548957761  0.00001887096930513  0.00001940952168917  0.00002209178346540
  0.00003262885545532  0.00006074988981959  0.00028750392366197  1.00000000000000000
  0.00000015529649114  0.00000017638290511  0.00000019215249306  0.00000020622791688
  0.00000021978020671  0.00000023416210933  0.00000024914890495  0.00000026492004253
  0.00000028207021519  0.00000030079860437  0.00000032104940121  0.00000034220507434
  0.00000036347888700  0.00000038444403912  0.00000040564923106  0.00000042835101619
  0.00000045087211057  0.00000047007205273  0.00000048871120191  0.00000050790974757
  0.00000052905171554  0.00000055496036778  0.00000058229208930  0.00000061029607959
  0.00000064180553214  0.00000067662620171  0.00000071269657841  0.00000075165257402
  0.00000079378464903  0.00000083767541377  0.00000088245669875  0.00000092808869892
  0.00000097456798508  0.00000102191659369  0.00000107083946056  0.00000112083267797
  0.00000117200888444  0.00000122406337657  0.00000127786932570  0.00000133350395166
  0.00000139009426628  0.00000144703423731  0.00000150440314755  0.00000156388400968
  0.00000162694075601  0.00000169313630493  0.00000176171508230  0.00000183193515677
  0.00000190286957374  0.00000197844014670  0.00000206219311758  0.00000215144819850
  0.00000224393685931  0.00000234064119373  0.00000244032116404  0.00000254334443744
  0.00000265000842341  0.00000275831482792  0.00000287339033545  0.00000299621707274
  0.00000312615234219  0.00000326417513005  0.00000341425676462  0.00000357687155263
  0.00000373994395406  0.00000390881556335  0.00000409918517654  0.00000430551808830
  0.00000453068616377  0.00000477059748548  0.00000503480175757  0.00000532853920976
  0.00000564974251353  0.00000598806567316  0.00000635563910631  0.00000676617298518
  0.00000723369093053  0.00000777359337270  0.00000839739247687  0.00000907388282925
  0.00000984691614814  0.00001073506276069  0.00001175631462856  0.00001296863401319
  0.00001439086377128  0.00001604900247383  0.00001800884986670  0.00002040378504960
  0.00002267355618700  0.00002624698561014  0.00003102137631559  0.00003637305313640
  0.00004187971651068  0.00004631718595136  0.00005285741493995  1.00000000000000000
 -0.00006188200510024  0.00587887005379934  0.01094211057768391  0.02123545586743682
  0.03235614366700763  0.04014329240200868  0.05031788997578267  0.06439823149824389
  0.07985352626783901  0.09588902756260853  0.11072143235656544  0.12465009077380140
  0.13755925456109380  0.14927228027489214  0.16003436895197087  0.17010898438363622
  0.18047931192923272  0.19144963797857881  0.20204246048024990  0.21214400577570819
  0.22274712742357555  0.23430573317564207  0.24624325752144055  0.25792361378268641
  0.26905876671095635  0.27977434834005976  0.29037453290271226  0.30088324228982871
  0.31139737237190224  0.32188955934447488  0.33227029079480241  0.34204383398290417
  0.35180036473393533  0.36140382482399186  0.37122603686453615  0.38099875661812693
  0.39055856720669202  0.40026838289569394  0.41079798888834274  0.42165300213646367
  0.43226018230264079  0.44284736638750521  0.45372361215180423  0.46493468852838854
  0.47589176133675881  0.48681704021551214  0.49694634750707084  0.50589258562931361
  0.51486224457461249  0.52392631161126813  0.53402089840120603  0.54539630882923817
  0.55705303467916467  0.56867738806902146  0.57987646386947411  0.59024478418329884
  0.60020104323587309  0.61014812451866851  0.61985987042177093  0.62965291697585257
  0.63954811537882295  0.64939644318912526  0.65928437257976891  0.66926652521895968
  0.67940867365190249  0.68965918997120079  0.70006460942181936  0.71052432447259684
  0.72101857461627639  0.73106908863039910  0.74043146326876130  0.74979373666616722
  0.75910490930279118  0.76828519674299078  0.77769358210108641  0.78661259051982535
  0.79559616247034615  0.80547752564725061  0.81560726158073082  0.82560910543295918
  0.83546620754380285  0.84528654502420875  0.85507399253688232  0.86467338689133955
  0.87393582272322212  0.88316818306162970  0.89250760171643662  0.90211411276478692
  0.91174781810448857  0.92111113097325192  0.93130140608795720  0.94321725865975525
  0.95641234670397568  0.96969833147268270  0.98532609217204981  1.00000000000000000
 -0.00255405840899629  0.00908453217586628  0.01938409953592172  0.02968425864585925
  0.04046960531727894  0.05137799449635051  0.06237529872705299  0.07333293313151949
  0.08322476582192002  0.09148966910804622  0.09965070393967686  0.10777920500526808
  0.11627883829979969  0.12656569372182247  0.13654716301779324  0.14638950369957501
  0.15663092652676455  0.16659157543255515  0.17692002411840724  0.18709928264628325
  0.19722606151845889  0.20755165652027716  0.21790606586437564  0.22774337205468659
  0.23747172550412721  0.24739894135394211  0.25743131321291579  0.26703252186244442
  0.27586080844249000  0.28436456860257253  0.29352197905873489  0.30321838068882068
  0.31345208323728369  0.32400113904188305  0.33455369315849931  0.34474779347322049
  0.35512258801481705  0.36640569829547748  0.37832663996180010  0.39021435324890041
  0.40180626838422873  0.41306209765147633  0.42429224636253510  0.43622814122605885
  0.44832591852303888  0.46000426299346214  0.47239499189870765  0.48463506031687997
  0.49503173403407130  0.50671453683417167  0.51795485167679234  0.52834246739524326
  0.53859756321635621  0.55052234382499121  0.56283689777661328  0.57453815337494363
  0.58535382313235484  0.59529031012927669  0.60497922097496115  0.61500843938629013
  0.62533256916321223  0.63574921934355377  0.64654259990155794  0.65772120780445464
  0.66937631462572178  0.68148528052819157  0.69432739150458656  0.70623016293694851
  0.71635964330479707  0.72677123331560800  0.73756404684057675  0.74864818213329254
  0.75953853161369189  0.76995673390953701  0.78066392255645889  0.79195125943642386
  0.80393723567024244  0.81531540380546785  0.82588339707963176  0.83645059179840453
  0.84681789013316167  0.85692831252893586  0.86710432292407102  0.87758258686594226
  0.88802416909898363  0.89836170272194849  0.90869887279957540  0.91989059464236145
  0.93099424687946919  0.94189299592073272  0.95199061970714127  0.96139160131100432
  0.97102350953710515  0.98068386725384005  0.99042422206484537  1.00000000000000000
 -0.00081429409672964  0.00574653599007862  0.01343790139534714  0.02163025903583251
  0.03014413659620811  0.03882301768960789  0.04714997604551632  0.05488074881009132
  0.06274393394055638  0.07134036990303387  0.08037446028582990  0.08900704702172618
  0.09747469942357531  0.10664928978199972  0.11541236605650515  0.12401169399993318
  0.13242563213798614  0.14074223556860901  0.14937169814276113  0.15770204263253368
  0.16570656094980826  0.17430115973795832  0.18325480720500506  0.19258969489030175
  0.20198104477423254  0.21114122541433072  0.22014138521548487  0.22933906417765845
  0.23874120335689553  0.24814246701426304  0.25655260527456802  0.26516702250992741
  0.27438803335408307  0.28333262085303423  0.29226370938992297  0.30123857088983041
  0.31061514559065234  0.32008987537989092  0.32932276053427523  0.33837653949068824
  0.34759092756319981  0.35727652441641700  0.36731277005048235  0.37743370497270362
  0.38743234061603121  0.39729115582495222  0.40722878111755961  0.41715057607436490
  0.42688931302955752  0.43672439053677858  0.44686093345789607  0.45686684508085917
  0.46629957621129309  0.47587059259143621  0.48514603025457104  0.49347865753877596
  0.50157300501140756  0.50994592581416276  0.51963729306695905  0.53050945146300954
  0.54164410622380654  0.55276611975201695  0.56401093241386757  0.57539058937861665
  0.58670607329997215  0.59784315847121872  0.60897942347040279  0.62057710951111777
  0.63265253507150332  0.64426636027956319  0.65492106671788475  0.66522596277161339
  0.67537060371803603  0.68565876148386173  0.69660707667575061  0.70798484563981179
  0.71956107756354604  0.73156871800595080  0.74345912052393159  0.75510605807531306
  0.76705581476078011  0.77942599056565931  0.79174196915943318  0.80404666473516806
  0.81679839986124780  0.82991958123961951  0.84329086884005844  0.85725004001907124
  0.87213130773038039  0.88807889889239422  0.90486642987790344  0.92202825755366513
  0.93962237703872287  0.95837963686326300  0.97769849389539631  1.00000000000000000
 -0.00224075187422339  0.00839883378665861  0.02033546876191076  0.03188144240942990
  0.04286440893756593  0.05282752506401416  0.06265791714219925  0.07252615146457229
  0.08233483456386026  0.09236361782845788  0.10238037622516917  0.11223955689105695
  0.12201091589440931  0.13153980035111984  0.14145773349527888  0.15166566174279769
  0.16157274765870933  0.17154467904266296  0.18177186390738675  0.19175684013899524
  0.20177067268287488  0.21180731814896525  0.22188405832271613  0.23224082051197056
  0.24276290282339677  0.25316166531560930  0.26327507134283817  0.27375225322811031
  0.28542151668331606  0.29821496466118075  0.31100050862147138  0.32306167807178893
  0.33458195375829647  0.34545175472546447  0.35576301353088247  0.36579495031010079
  0.37588374145590175  0.38606286893624164  0.39590950287553195  0.40549711464707872
  0.41509732051104098  0.42512092963798559  0.43541046334976446  0.44619947703979901
  0.45766539679495150  0.46858674500299979  0.47726223152584596  0.48612113950066671
  0.49484835218566980  0.50434947818780862  0.51482788330587625  0.52532365054747676
  0.53641779243249987  0.54809059905554913  0.55954533603448342  0.57017045129980481
  0.58040678603511342  0.59062970484624400  0.60079787801805307  0.61089806037911987
  0.62104699464619206  0.63143300354264353  0.64210194200203707  0.65290701671844065
  0.66401102930505740  0.67529142762897643  0.68640345868945074  0.69716607451181845
  0.70793127918977639  0.71872235255130279  0.72874433379259584  0.73801489286359090
  0.74742337821676252  0.75762731117137372  0.76830000118471731  0.77897484068190004
  0.78954156529035946  0.80017624840161927  0.81087959103563523  0.82159892910955679
  0.83233128039694826  0.84336837798877662  0.85473349683900390  0.86607969436133669
  0.87702557293869166  0.88759475645495034  0.89815941174251546  0.90901530479283177
  0.92014873275044917  0.93136942279267343  0.94235050527855246  0.95337387202355417
  0.96450961679229574  0.97621077236199649  0.98809638810411460  1.00000000000000000
 -0.00207564050755158  0.00901066545334381  0.01745291448505726  0.02727822722768972
  0.03884622894393749  0.05008536094996612  0.06107725624995720  0.07236114926106069
  0.08369583958424839  0.09535577164838012  0.10725553696040144  0.11917713860614577
  0.13074362082606095  0.14189880735461149  0.15312905568609908  0.16481802288924602
  0.17703719715770500  0.18966841849571697  0.20211422658501779  0.21410976347852409
  0.22537040234875241  0.23628504527975303  0.24687855565675190  0.25752963958270836
  0.26814780814156991  0.27872767267703302  0.28918772336206844  0.30021767428945123
  0.31156612010867729  0.32266826730968101  0.33325421439434905  0.34352234677502635
  0.35387703583411068  0.36433999318548183  0.37422626484931459  0.38367309993891180
  0.39322519709519888  0.40255874313239859  0.41173538494521822  0.42137988525550452
  0.43143503704668940  0.44153460631071451  0.45163804882023689  0.46219158320148057
  0.47300013412683600  0.48297138948775631  0.49239275588722081  0.50199073881475365
  0.51142316530171306  0.52088189532904983  0.53041226461655810  0.53985555065975155
  0.54980227694040429  0.56000287732862242  0.56912775232561119  0.57765818194607699
  0.58656563402218898  0.59612984962963700  0.60578641042084391  0.61512731223325490
  0.62438355336918361  0.63418326226153643  0.64477473681104336  0.65580510962563632
  0.66703892853405999  0.67790642012546043  0.68867464182111693  0.69973791967001697
  0.71102481643697646  0.72179416615401704  0.73204934205125438  0.74229640214390658
  0.75273086529465938  0.76281581972329449  0.77283942962221597  0.78270464980276111
  0.79349176614723183  0.80415447376794258  0.81517368832916171  0.82601684896120520
  0.83640797358294139  0.84690317006332627  0.85830804919125592  0.86890306687534624
  0.87904679321418977  0.88963348035153811  0.89968833338270848  0.90946425732106217
  0.92111142370802734  0.93190879634812607  0.94294989115451466  0.95394040129892432
  0.96518099270923219  0.97696513203231883  0.98860805363957904  1.00000000000000000
  0.70540365898108293  0.70843762681923883  0.71221100790553704  0.71947927049767513
  0.72691459767346311  0.73605134181960818  0.74478661398600110  0.75267814232088393
  0.75994970932732386  0.76681976298771160  0.77344307877537566  0.78029904348275081
  0.78723340592013691  0.79388372914045779  0.79996879820424016  0.80540554449240687
  0.81054494457186366  0.81563169160505511  0.82076329317401475  0.82573375069947985
  0.83052885041278768  0.83501646672315100  0.83915037471333864  0.84318539599417741
  0.84718798538218387  0.85090535827129288  0.85437761880181184  0.85793077299150233
  0.86161761190290842  0.86523885327224892  0.86873741374036939  0.87222901692699228
  0.87571752017392968  0.87912267441749903  0.88239933246919955  0.88558615680428909
  0.88868531163496245  0.89174346274415539  0.89472155221901450  0.89762023749894659
  0.90041475191013998  0.90310741807393669  0.90580327891063106  0.90858798858156431
  0.91144989400787113  0.91430893389002010  0.91708335958945575  0.91969054846653842
  0.92227622368943940  0.92485143695921912  0.92685194549836147  0.92869820359198707
  0.93055180329733966  0.93259180817744880  0.93482981732022330  0.93702370521299505
  0.93913733287861434  0.94121294293861846  0.94330033967153859  0.94532751037501572
  0.94727287941006177  0.94910542177449819  0.95091285261632141  0.95269353113962219
  0.95453542942704295  0.95628727929766666  0.95797193044162565  0.95955747266560532
  0.96116809151091587  0.96273348484502330  0.96423809019589357  0.96570964686061445
  0.96718783804690300  0.96864941222632694  0.97006760966018157  0.97137460486923399
  0.97261437850614452  0.97380273066727763  0.97491057163995720  0.97589144606487510
  0.97677762716577710  0.97767619124995486  0.97855039816934009  0.97942671481275789
  0.98041046284279143  0.98138080657425619  0.98234741229403910  0.98337886055425716
  0.98438196468884043  0.98518991062848971  0.98687933516909665  0.98851367569073723
  0.99007274068328222  0.99135476052096561  0.99250369769044688  1.00000000000000000
  0.26202408969409074  0.27992479500133183  0.28762866322200059  0.29584444373159696
  0.30367459114218820  0.31102452079285414  0.31849406716211764  0.32582883220291087
  0.33330013219555860  0.34030306345493694  0.34583687165852761  0.35158527668994449
  0.35750306533270088  0.36440431944689677  0.37175885728065183  0.37843538602904425
  0.38465379199507960  0.39078928854739581  0.39702626760841497  0.40326079042803797
  0.40942595769763590  0.41541312201215097  0.42119262419505238  0.42684133000783331
  0.43257892236285117  0.43846202136228241  0.44431234125074553  0.44989481453402569
  0.45529271949202654  0.46081130525645220  0.46642099933653075  0.47197123330649216
  0.47748365013851146  0.48301239358633502  0.48869636100616326  0.49449412865453574
  0.50032268023865800  0.50607807893939849  0.51174597811563705  0.51728234838572995
  0.52269089806302960  0.52796360980296553  0.53327985142215828  0.53866370946244213
  0.54400363259773776  0.54937944566510655  0.55466805965783472  0.55976685165103579
  0.56468679110399989  0.56966111069028569  0.57466643475686086  0.57959893994667711
  0.58450801912366790  0.58953114970014164  0.59489040603860976  0.60017251130496563
  0.60506163034015259  0.60985144875889663  0.61469439060984632  0.61944180013305550
  0.62412492286542198  0.62890941292988312  0.63369818974557968  0.63799553306362011
  0.64190693614070415  0.64569394354948340  0.64938275120235889  0.65332217541086235
  0.65730025390888192  0.66143123102731383  0.66553762130305671  0.66958084430090825
  0.67363549802471023  0.67771647124102352  0.68172660879424185  0.68581647893704789
  0.68984651243443107  0.69380297839487648  0.69764606053993050  0.70138417139232689
  0.70490562141482282  0.70816330501553049  0.71123558436135959  0.71417312756850271
  0.71745598751127881  0.72093662187851559  0.72386703768281324  0.72637258786731806
  0.72892365068762999  0.73139106335754978  0.73358764572098401  0.73611609839040704
  0.73979266985661463  0.74438591825884914  0.75127490440454303  1.00000000000000000
   1.8270116270470548E-012  -1.0000000000000000     
  <DiscreteSampler_grid>
  Helicity
  1 # 1 for a reference and 2 for a running grid.
  40 # Attribute 'min_bin_probing_points' of the grid.
  1 # Attribute 'grid_mode' of the grid. 1=='default',2=='initialization'
  0.0000000000000000 # Attribute 'small_contrib_threshold' of the grid.
  0.5000000000000000 # Attribute 'damping_power' of the grid.
 # binID   n_entries weight   weight_sqr   abs_weight
    1   500   3.870675399240717E-011   3.855290848248310E-020   3.870675399240717E-011
    2   4165   3.334056945752634E-010   4.104728561501998E-018   3.334056945752634E-010
    4   1   4.789853564580324E-016   2.294269717012283E-031   4.789853564580324E-016
    5   28   1.576743808540910E-012   1.625891875543808E-023   1.576743808540910E-012
    6   19   2.380624042509848E-012   1.544630504663725E-023   2.380624042509848E-012
    7   2515   1.970027197260589E-010   2.208359272508702E-018   1.970027197260589E-010
    9   5888   4.613097785348927E-010   2.388980113324684E-017   4.613097785348927E-010
    10   1741   1.383755647458194E-010   3.638310962923291E-019   1.383755647458194E-010
    12   154   1.097784942199070E-011   1.368596057945557E-021   1.097784942199070E-011
    13   20   1.639064422755575E-012   1.169811363707110E-023   1.639064422755575E-012
    14   19251   1.520619950290736E-009   1.551217390619000E-016   1.520619950290736E-009
    15   51   4.068434076170605E-012   1.463452579568633E-022   4.068434076170605E-012
    17   128   9.248850698275140E-012   7.064892821855259E-022   9.248850698275140E-012
    18   153   1.147684678595223E-011   1.195271578744633E-021   1.147684678595223E-011
    19   4441   3.639882639898648E-010   5.078965074883441E-018   3.639882639898648E-010
    20   4332   3.426777185193049E-010   5.473766155391237E-018   3.426777185193049E-010
    22   7151   5.679796817591948E-010   2.545377432469456E-017   5.679796817591948E-010
    23   13870   1.088896004430867E-009   7.040254115289286E-017   1.088896004430867E-009
    26   3626   2.899862694784549E-010   2.616813906445812E-018   2.899862694784549E-010
    27   140   1.073079674856120E-011   1.440920698238648E-021   1.073079674856120E-011
    28   5338   4.099365729416858E-010   8.583966351595941E-018   4.099365729416858E-010
    29   234   2.196388200607972E-011   7.411340989810907E-021   2.196388200607972E-011
    30   310   2.497153746310090E-011   9.938674501471144E-021   2.497153746310090E-011
    31   22175   1.744953379598391E-009   2.467050765766758E-016   1.744953379598391E-009
    32   473   3.927760016751875E-011   2.468600635113374E-020   3.927760016751875E-011
    35   12119   9.361858143506451E-010   3.782371469592237E-017   9.361858143506451E-010
    37   19681   1.554159512986481E-009   1.039567403272250E-016   1.554159512986481E-009
    38   370   3.177645771920607E-011   2.420014577602059E-020   3.177645771920607E-011
    39   1031   8.190468326599118E-011   1.495695064493902E-019   8.190468326599118E-011
    40   220   1.676819860073800E-011   3.205196509098632E-021   1.676819860073800E-011
    45   1   7.121840048227654E-015   5.072060567253927E-029   7.121840048227654E-015
    46   579   4.792069761939818E-011   4.122740084482588E-020   4.792069761939818E-011
    47   13   7.006779014999785E-013   1.631853004924526E-024   7.006779014999785E-013
    48   39649   3.137821388989567E-009   4.808746418588015E-016   3.137821388989567E-009
    49   113   1.041170074360941E-011   8.641742574257683E-022   1.041170074360941E-011
    50   78   6.145267452478700E-012   1.682039001595456E-022   6.145267452478700E-012
    51   151   1.267706585572157E-011   1.427836252192200E-021   1.267706585572157E-011
    52   971   7.671118492064540E-011   1.328201140312409E-019   7.671118492064540E-011
    53   26521   2.111491030569163E-009   1.340155169202582E-015   2.111491030569163E-009
    54   1663   1.338542287955019E-010   2.807912788195773E-019   1.338542287955019E-010
    56   2373   1.862818702028544E-010   1.736644355437884E-018   1.862818702028544E-010
    57   56   5.352940987411512E-012   4.241660184742564E-022   5.352940987411512E-012
    61   5306   4.208806638193714E-010   9.806352903281031E-018   4.208806638193714E-010
    63   136   1.209646465108439E-011   1.213368555143020E-021   1.209646465108439E-011
    64   678   5.024042037438054E-011   3.291039064399159E-020   5.024042037438054E-011
  </DiscreteSampler_grid>
  <DiscreteSampler_grid>
  grouped_processes
  1 # 1 for a reference and 2 for a running grid.
  10 # Attribute 'min_bin_probing_points' of the grid.
  1 # Attribute 'grid_mode' of the grid. 1=='default',2=='initialization'
  0.0000000000000000 # Attribute 'small_contrib_threshold' of the grid.
  0.5000000000000000 # Attribute 'damping_power' of the grid.
 # binID   n_entries weight   weight_sqr   abs_weight
    13   10   1.149126484658220E-002   1.294396709646658E-003   1.149126484658220E-002
    14   10   1.149126484658223E-002   1.294396709646665E-003   1.149126484658223E-002
    16   10   3.203048883843547E-003   1.014980829088598E-004   3.203048883843547E-003
    17   10   3.203048883843555E-003   1.014980829088604E-004   3.203048883843555E-003
    22   10   3.226466084451338E-002   1.029647621148026E-002   3.226466084451338E-002
    23   10   3.226466084451347E-002   1.029647621148032E-002   3.226466084451347E-002
    25   10   4.198952183595976E-004   1.691581069241665E-006   4.198952183595976E-004
    26   10   4.198952183595992E-004   1.691581069241678E-006   4.198952183595992E-004
    31   10   1.149126484658218E-002   1.294396709646655E-003   1.149126484658218E-002
    32   10   1.149126484658222E-002   1.294396709646663E-003   1.149126484658222E-002
    34   10   3.203048883843546E-003   1.014980829088597E-004   3.203048883843546E-003
    35   10   3.203048883843553E-003   1.014980829088602E-004   3.203048883843553E-003
    40   10   3.226466084451336E-002   1.029647621148026E-002   3.226466084451336E-002
    41   10   3.226466084451344E-002   1.029647621148030E-002   3.226466084451344E-002
    43   10   4.198952183595976E-004   1.691581069241665E-006   4.198952183595976E-004
    44   10   4.198952183595988E-004   1.691581069241675E-006   4.198952183595988E-004
  </DiscreteSampler_grid>
