  0.00000071895639854  0.00000073440920992  0.00000074420155339  0.00000075278251010
  0.00000076468606983  0.00000077639452553  0.00000078782294197  0.00000079915626960
  0.00000081066368932  0.00000082223137677  0.00000083400786608  0.00000084611891676
  0.00000085891453521  0.00000087117683870  0.00000088279948964  0.00000089452740443
  0.00000090601590227  0.00000091800423233  0.00000093094338191  0.00000094409821189
  0.00000095739129911  0.00000097093439240  0.00000098475753336  0.00000099902484071
  0.00000101372466836  0.00000102881194637  0.00000104387530056  0.00000105886085952
  0.00000107403556133  0.00000108893449767  0.00000110373963757  0.00000111874276790
  0.00000113376417943  0.00000114927023621  0.00000116483944248  0.00000118072713990
  0.00000119731726950  0.00000121440839993  0.00000123142438916  0.00000124841090066
  0.00000126524834164  0.00000128234555138  0.00000130008550883  0.00000131842273497
  0.00000133704390088  0.00000135543682345  0.00000137375973919  0.00000139223958693
  0.00000141108266201  0.00000143057783764  0.00000144894374148  0.00000146785142434
  0.00000148712645439  0.00000150747903557  0.00000152849665980  0.00000154972077148
  0.00000157090856043  0.00000159207433494  0.00000161319505721  0.00000163449667791
  0.00000165720001261  0.00000168168779705  0.00000170586885446  0.00000173006196443
  0.00000175473274054  0.00000177918413734  0.00000180395581218  0.00000182886457692
  0.00000185469803398  0.00000188089756406  0.00000190716637521  0.00000193339667047
  0.00000196174354818  0.00000199127803648  0.00000202071247556  0.00000204994552078
  0.00000207952017270  0.00000210922274073  0.00000213935525356  0.00000216962882211
  0.00000220076149203  0.00000223234241551  0.00000226322859114  0.00000230110164502
  0.00000234327243018  0.00000238687835072  0.00000243084270107  0.00000247426507257
  0.00000251711519671  0.00000255991388073  0.00000260303272571  0.00000264784439818
  0.00000269049553736  0.00000271676514636  0.00000272248212375  1.00000000000000000
  0.00000020342137525  0.00000021171112555  0.00000021878513104  0.00000022599461758
  0.00000023321234559  0.00000024056355558  0.00000024845248708  0.00000025673952470
  0.00000026512083830  0.00000027351168815  0.00000028196124705  0.00000029070673678
  0.00000030025002311  0.00000031059169634  0.00000032105579261  0.00000033151637534
  0.00000034195624347  0.00000035265392834  0.00000036367327309  0.00000037470237267
  0.00000038621009513  0.00000039755772435  0.00000040912578827  0.00000042089356211
  0.00000043298577170  0.00000044600495332  0.00000046006306763  0.00000047409650163
  0.00000048857590727  0.00000050297398238  0.00000051748360473  0.00000053374448207
  0.00000055042058497  0.00000056739563411  0.00000058442967210  0.00000060177557430
  0.00000061994633392  0.00000063819690173  0.00000065836803908  0.00000067863342468
  0.00000069929003694  0.00000072001728091  0.00000074101394753  0.00000076219334616
  0.00000078524885621  0.00000080925136483  0.00000083397544231  0.00000085879856885
  0.00000088381382373  0.00000090846237112  0.00000093406032210  0.00000096192299865
  0.00000099124592649  0.00000102098342423  0.00000105105583910  0.00000108117665416
  0.00000111200826989  0.00000114523081622  0.00000118071557987  0.00000121744644811
  0.00000125467875072  0.00000129233400028  0.00000132634929001  0.00000136321866260
  0.00000140268879679  0.00000144587023168  0.00000149548957500  0.00000154732738186
  0.00000159979042483  0.00000165792388593  0.00000172522159567  0.00000179618029633
  0.00000187109572063  0.00000194823046352  0.00000204177959502  0.00000214615504884
  0.00000225517499728  0.00000237638433697  0.00000252806545026  0.00000269857065885
  0.00000288363012176  0.00000310095534584  0.00000336010170159  0.00000365256824270
  0.00000395909875245  0.00000427344691101  0.00000462800159824  0.00000501969453096
  0.00000554113146972  0.00000618934011945  0.00000700042620187  0.00000812409577396
  0.00000963203362760  0.00001221433949020  0.00001560031953183  1.00000000000000000
  0.00000082568465935  0.00000086670964331  0.00000090029155797  0.00000093468492447
  0.00000097625396338  0.00000101811477950  0.00000105937540073  0.00000110000994450
  0.00000114311956283  0.00000118937277023  0.00000123417169434  0.00000127780253689
  0.00000132112205460  0.00000136469130347  0.00000140939493918  0.00000145508729236
  0.00000150154583945  0.00000154885608316  0.00000159619934755  0.00000164490077869
  0.00000169645450173  0.00000174917652745  0.00000180197731939  0.00000185511372112
  0.00000190887554167  0.00000196494437449  0.00000202659527455  0.00000209706009144
  0.00000216662622721  0.00000223783776000  0.00000230885200044  0.00000237988997125
  0.00000246233098166  0.00000255024221783  0.00000264025868794  0.00000273241671896
  0.00000282482004303  0.00000291856293913  0.00000303358270452  0.00000315159619622
  0.00000327451684865  0.00000339823810479  0.00000353279068844  0.00000368181908744
  0.00000383978968291  0.00000400333017652  0.00000416696554432  0.00000434496619510
  0.00000454381980569  0.00000474487048594  0.00000495335517528  0.00000518372256564
  0.00000544063095255  0.00000572609320534  0.00000601598479857  0.00000632159480973
  0.00000668423045576  0.00000703876138722  0.00000740553795322  0.00000777310613934
  0.00000815100009381  0.00000853815611443  0.00000892543224408  0.00000931478705254
  0.00000964616449252  0.00000998891636380  0.00001033979748124  0.00001075279216275
  0.00001126258934977  0.00001179870031901  0.00001232357543135  0.00001284527310453
  0.00001342898677871  0.00001413756368632  0.00001487158432598  0.00001562238172720
  0.00001644485023504  0.00001737459144230  0.00001826839005143  0.00001911306850916
  0.00002004234601445  0.00002112264127386  0.00002226097758189  0.00002334533364105
  0.00002452053386584  0.00002568866030721  0.00002680826744252  0.00002787849460625
  0.00002918488769192  0.00003070412468566  0.00003208996719048  0.00003318890626205
  0.00004168951979211  0.00004795852814229  0.00005340390097355  1.00000000000000000
  0.00114697479293487  0.00175837254970132  0.00236977030646777  0.00298116806323422
  0.00470417797809638  0.00697432282975772  0.00924446768141906  0.01447853266999743
  0.01992031101309049  0.02637287673973069  0.03328513238881831  0.03972201437749394
  0.04882379784448326  0.05742493629812516  0.06814212066383089  0.08016141054260302
  0.08935017654525604  0.09730855167039792  0.10559215226402834  0.11348453718239197
  0.12140413662578911  0.12943336858396201  0.13747096010208673  0.14625548259130142
  0.15600793454274425  0.16697184275088248  0.17926098455060008  0.19127460259639881
  0.20224536219339537  0.21318187863360641  0.22448977337984227  0.23513074111525645
  0.24482243380601404  0.25548971499481954  0.26684105914256540  0.27775107611889110
  0.28892319314599135  0.30302975074183480  0.31767190567955716  0.33115861886122755
  0.34455687568099497  0.35770445088273750  0.36998381599894448  0.38105543539399994
  0.39168158188280328  0.40208843053515569  0.41190623715214136  0.42199434754455295
  0.43268837410363981  0.44382341878001896  0.45542612690725753  0.46770895792164885
  0.47981399539763536  0.49080782486009050  0.50158319012975683  0.51263399752466776
  0.52310224857926702  0.53272284818138804  0.54258415609954691  0.55333820574405423
  0.56411394120939273  0.57401260953421063  0.58285530499227922  0.59124022584097113
  0.59967278253863454  0.61027253743150323  0.62028814423896517  0.63075645520720258
  0.64249050846725397  0.65418377376751857  0.66597002287772289  0.67789165572995769
  0.68926488064828151  0.70035520787004069  0.71176721844242563  0.72487194536552613
  0.73785416279400762  0.75142331931669992  0.76609541660210900  0.78077955624596296
  0.79581926457632590  0.81241023342619356  0.82953672377054122  0.84389329075849728
  0.85750654764325396  0.87115449587119687  0.88352892049726850  0.89507239975197916
  0.90689985106257653  0.91886480333512066  0.93080512808887017  0.94358464369429884
  0.95831724022546749  0.97286368814112245  0.98663549930945371  1.00000000000000000
  0.00106510258240377  0.00283881259086199  0.00461252259932022  0.00638623260777844
  0.00739009403838404  0.00824218952378652  0.00977130275834705  0.01328539383727833
  0.01591476387119638  0.01699372470336833  0.02031804231920554  0.02870891508353892
  0.03944147026019301  0.05021766618562246  0.06099171839396861  0.07144119899505134
  0.08200044512822580  0.09244534889661427  0.10303317199411216  0.11415578540957201
  0.12567150577268205  0.13830319455916013  0.15355144376959845  0.16949169451861029
  0.18207431353347389  0.19138192364289303  0.20063014128907494  0.20990275445300161
  0.22002136569274311  0.23140960666829499  0.24393978619616835  0.25653268596362688
  0.26826882355360970  0.27900611862207730  0.28925977819303339  0.29985272065039525
  0.31077802422100598  0.32155960360855140  0.33223118728752732  0.34270579745706908
  0.35304800550206994  0.36361558345079059  0.37423804743674322  0.38584636904300240
  0.39839262696109606  0.41376349530006695  0.42744032934203191  0.43956018250147616
  0.45100962249834747  0.46206553586185833  0.47223607103339577  0.48232548205879822
  0.49247605124690996  0.50298381514830892  0.51415668269018300  0.52568596914919807
  0.53721903189588593  0.54843657419438474  0.55937393568909943  0.57086894725373194
  0.58259164065406543  0.59404922168734120  0.60542161035703779  0.61652030762230114
  0.62737738139813759  0.63790092865644088  0.64891035592111257  0.66091299523684743
  0.67335594150078437  0.68577610316485704  0.69703327922783709  0.70808476419021416
  0.72038703094691048  0.73302890957816536  0.74370096568670374  0.76541898630103977
  0.78213668170974426  0.79503659874066424  0.80656362210467270  0.81802384819728180
  0.82962762382915434  0.84097657681562732  0.85219749579522108  0.86454222816351645
  0.87687819737403183  0.88803792679576066  0.89961619666858417  0.91164960001219797
  0.92319074310463067  0.93447545782293340  0.94642494203159622  0.95827988396267705
  0.96899930093477304  0.97968472749723345  0.98997680521085418  1.00000000000000000
 -0.00234316661636205  0.01122088014754951  0.02143031730913504  0.03198334998841183
  0.04200744096848872  0.05316989775478960  0.06411590988293096  0.07372791700260709
  0.08351188326534438  0.09304859161766309  0.10226895077229542  0.11151593218483108
  0.12087306198362462  0.13038246599453862  0.13949658092116757  0.14886951010739588
  0.15841260216873615  0.16796161801245801  0.17714013811320384  0.18634375907665482
  0.19690417687597850  0.20788498557614293  0.21795705483453062  0.22789103446826084
  0.23772845506098941  0.24782657511614584  0.25772628406173570  0.26746990539911475
  0.27813218899402264  0.28889377860458437  0.29931279876602895  0.30960514954718443
  0.32064414068557490  0.33182810218297737  0.34172261360087652  0.35132285539017799
  0.36142447301697633  0.37224191127721695  0.38331167167902125  0.39407137637904777
  0.40477600527220897  0.41558806754868183  0.42659011622705667  0.43772342123192493
  0.44840787897777840  0.45866524997763541  0.46836559681539069  0.47782138432107646
  0.48708584856962339  0.49651940007494066  0.50606434449349846  0.51560384070255272
  0.52597713147484382  0.53735848691163834  0.54783325669426097  0.55771924045099153
  0.56745810086006632  0.57752908022572957  0.58764972918978708  0.59752934797640611
  0.60799496010678566  0.62015437847743793  0.63244938828242370  0.64598353436753642
  0.65802202098075924  0.67034357460866889  0.68280422464379964  0.69427199439170029
  0.70511063334739166  0.71628329920168010  0.72784627505383004  0.73943679294977482
  0.75160422920225978  0.76429196615456263  0.77600025825462138  0.78633548122577102
  0.79638023672932579  0.80633029482807572  0.81628625974467028  0.82593951656540254
  0.83625646727466674  0.84751376546135826  0.85846476501251245  0.86758209833808453
  0.87638724424001135  0.88539702942289111  0.89558255135715936  0.90685490188308926
  0.91904841897389955  0.93212923304205675  0.94499851879157404  0.95569090820379266
  0.96700819661302551  0.97844345891536733  0.98916865784227781  1.00000000000000000
 -0.00003817914132391  0.00002726877981829  0.00007352761800569  0.00008217290993468
  0.00009104709340517  0.00009997384050288  0.00010841451274196  0.00011677842445947
  0.00012502967347014  0.00013334733565321  0.00014169696240358  0.00015011188955784
  0.00015852844731097  0.00016672241068017  0.00017490560972087  0.00018304054440003
  0.00019100594026388  0.00019859216263519  0.00020618172220750  0.00021377540488922
  0.00022134543182122  0.00022890125291663  0.00023625702309766  0.00024356061488798
  0.00025061569679741  0.00025764261631013  0.00026456601705410  0.00027169089848196
  0.00027945717103159  0.00028731222836160  0.00029498853678829  0.00030164223847372
  0.00030824561212395  0.00031476385467244  0.00032160748556516  0.00032873947480718
  0.00033540752194850  0.00034205040187214  0.00034900726407424  0.00035546614024102
  0.00036124263047964  0.00036661282806746  0.00037135516745600  0.00037609750684454
  0.00038006238315537  0.00038396093794499  0.00038761309530929  0.00039081615938002
  0.00039407356915312  0.00039924755028124  0.00040493127122330  0.00041097743258675
  0.00041719733448828  0.00042472343370099  0.00043971985243738  0.00044665336473745
  0.00045317037237727  0.00045963588617712  0.00046949688292170  0.00047694189803968
  0.00048235472569054  0.00048741288841900  0.00049254245333368  0.00049838685491115
  0.00050672459889780  0.00052461645067466  0.00053266185308676  0.00053730468075074
  0.00054196487736449  0.00054664222228104  0.00055146185427520  0.00055509259552861
  0.00055766215276856  0.00056023171000850  0.00056280126724845  0.00056537082448840
  0.00056794038172835  0.00057053882012099  0.00057314096066479  0.00057609179939362
  0.00059034443180678  0.00060467558897032  0.00061922953129786  0.00063089683630456
  0.00064077768064100  0.00065553216760668  0.00066988991378505  0.00068863921099062
  0.00071187776007809  0.00073582536560399  0.00075862827039156  0.00077999048755998
  0.00098303682224303  0.00192418802824621  0.00193007751804288  1.00000000000000000
  0.20360208535646343  0.21240341325547521  0.21717810770466536  0.22178720144804839
  0.22641603089958323  0.23117411618665751  0.23605855014807708  0.24098016361633065
  0.24603038018134674  0.25102891937339306  0.25598367136601019  0.26097227326780131
  0.26602782321148533  0.27121660260584191  0.27647411221654467  0.28177768383505530
  0.28708618741806224  0.29246632996355365  0.29789584308480549  0.30329031973441489
  0.30870024800563350  0.31420809339604822  0.31973247656989179  0.32536113446010040
  0.33093572405430222  0.33705230123059532  0.34319666207671945  0.34916342480504758
  0.35519876958461982  0.36122061307430481  0.36753672003256205  0.37332502481804253
  0.37965981725926712  0.38628403779394638  0.39337725503295840  0.40102522669382817
  0.40886408571569477  0.41672536184861891  0.42685882523177987  0.43903729327959645
  0.45203622331905785  0.46336945519336542  0.47153958777009003  0.48083429769179031
  0.48953621524264940  0.49801676527853045  0.50655335821465097  0.51517104744904074
  0.52406855612362979  0.53666964526840499  0.54626834027883686  0.55524335439450700
  0.56349479956765314  0.57087334332663098  0.57807417361628965  0.58500340563260833
  0.59145805163313903  0.59788231182414753  0.60423464408938443  0.61035373777465285
  0.61641972362719299  0.62267071814315511  0.62880395763427266  0.63453739962630085
  0.64015009363805486  0.64587000924104665  0.65182632234899951  0.65780903460031104
  0.66365683190405200  0.66941850981405981  0.67505600009154076  0.68066569701287616
  0.68624244591920613  0.69181714612875334  0.69749586628454874  0.70319146445323855
  0.70888908752023871  0.71458210423430180  0.72032693478721133  0.72593615124587774
  0.73108950272258966  0.73607018240730926  0.74100922030008520  0.74622034739361986
  0.75205915854182870  0.75827487437465990  0.76445124316827451  0.77027323503248557
  0.77554945590033209  0.78043958471718256  0.78545961376688644  0.79040486994638415
  0.79364456427142094  0.79652151726277820  0.79847824434959502  1.00000000000000000
  0.72626496684439912  0.73441974838382551  0.73969880517590647  0.74520600844610729
  0.75073603195176419  0.75592275929848818  0.76084707772912730  0.76565649308991868
  0.77032325989298478  0.77481742200153458  0.77921353234652968  0.78357373644374606
  0.78809801732225182  0.79267867976075956  0.79717685286999362  0.80156330841351220
  0.80582622106046764  0.81003465808633479  0.81418435132101419  0.81821775603319613
  0.82223096503550730  0.82618566646377267  0.83001499280940660  0.83370256217756655
  0.83733995141187478  0.84097496609095157  0.84459299199346272  0.84812367090753460
  0.85158060884742881  0.85493246461648997  0.85822122526398348  0.86149541944943797
  0.86472148522546499  0.86776213492890641  0.87068886391202682  0.87361520798155889
  0.87648168767202517  0.87931765823608754  0.88209696419323191  0.88478241180163797
  0.88743861422870718  0.89009099070510644  0.89281316903509311  0.89553434091039053
  0.89811583836684850  0.90062661358759177  0.90312350621376103  0.90559425087306622
  0.90803486496291097  0.91039641885876110  0.91269256324967551  0.91494568998880144
  0.91709241753812143  0.91912309116392010  0.92112195897688542  0.92315455058726092
  0.92520987346646921  0.92723433906784780  0.92921702275727769  0.93118919310335857
  0.93316544735865325  0.93508010286986731  0.93677924419013470  0.93844231819481094
  0.94006968573178329  0.94178379591410211  0.94357564536947514  0.94533186534019864
  0.94712831642575213  0.94895330520362464  0.95086730464149793  0.95271410142762514
  0.95456770617606568  0.95633553157509010  0.95806920718936928  0.95979215338658930
  0.96151351721196432  0.96322086203539803  0.96482539312982052  0.96632613850909954
  0.96778342936351947  0.96924814794940972  0.97079540412284626  0.97253256536077104
  0.97451833708093760  0.97670758852522888  0.97894852313209024  0.98136913185116204
  0.98383585530465778  0.98632765968235891  0.98888736010886713  0.99146613103209413
  0.99381847369710896  0.99587991184490099  0.99796472633309796  1.00000000000000000
  0.28405557985780561  0.28701232760970374  0.28985036548572712  0.29261614739010405
  0.29541501985025753  0.29749170700369520  0.29886785979558200  0.30023199085117708
  0.30338177324977905  0.30957469966391055  0.31610241289922808  0.32318990277303228
  0.33008327535210308  0.33675390093989799  0.34319062152366109  0.34942792626477803
  0.35542612207647012  0.36124620246904482  0.36700279100240513  0.37274307741752566
  0.37834196713168061  0.38368185746723604  0.38910459310100470  0.39465521594140324
  0.39991734998891848  0.40498616728072945  0.41002789522511529  0.41504808475243005
  0.42008008411645675  0.42517463856860011  0.43016845296502060  0.43533557936457984
  0.44051072738524127  0.44558669764538639  0.45057085854979823  0.45545929403689717
  0.46052471812605139  0.46572519308042132  0.47098714678906073  0.47618745606517737
  0.48124493489872966  0.48611330812387776  0.49081959646596857  0.49554316014890731
  0.50037257231679833  0.50538755773684463  0.51042388433936070  0.51541466923437962
  0.52046058704674181  0.52566373905101038  0.53092767867460033  0.53619016001032938
  0.54141477970109531  0.54645488251968088  0.55151404156588535  0.55663477397564221
  0.56181532805511114  0.56682329279505494  0.57171344837867311  0.57655451021591908
  0.58135573351553316  0.58609845283354378  0.59078239800241417  0.59548194243373653
  0.60021203413441471  0.60492657378995263  0.60956302777511528  0.61414952825555824
  0.61873610696354753  0.62340727390699313  0.62828571031832658  0.63331392479645598
  0.63819045823597620  0.64313625051318057  0.64769080027006620  0.65189865789160606
  0.65598010380065763  0.66003810685689779  0.66409639717568636  0.66811144792986754
  0.67195722819316905  0.67572085250628522  0.67913770899548154  0.68271919981216866
  0.68616105958034956  0.68946317644319011  0.69264797788306387  0.69587386735641543
  0.69911207996265845  0.70256092752641652  0.70463599961299983  0.70482397476833702
  0.70607156746911770  0.70793132894788824  0.70994912652746922  1.00000000000000000
   1.2946864627920820E-010  -1.0000000000000000     
  <DiscreteSampler_grid>
  Helicity
  1 # 1 for a reference and 2 for a running grid.
  40 # Attribute 'min_bin_probing_points' of the grid.
  1 # Attribute 'grid_mode' of the grid. 1=='default',2=='initialization'
  0.0000000000000000 # Attribute 'small_contrib_threshold' of the grid.
  0.5000000000000000 # Attribute 'damping_power' of the grid.
 # binID   n_entries weight   weight_sqr   abs_weight
    1   657   1.476041769619193E-009   1.882472838313803E-016   1.476041769619193E-009
    2   676   1.563996420652636E-009   3.360038716416787E-016   1.563996420652636E-009
    3   575   1.190174975420555E-009   8.158542561579017E-017   1.190174975420555E-009
    4   182   4.061725560459557E-010   8.255740464298615E-018   4.061725560459557E-010
    5   881   1.979030040852241E-009   3.763467015067085E-016   1.979030040852241E-009
    7   465   1.066495671220067E-009   3.887835238044960E-017   1.066495671220067E-009
    9   155   2.746658320010819E-010   5.000022134514920E-019   2.746658320010819E-010
    10   521   1.136747905511420E-009   6.927805273668579E-017   1.136747905511420E-009
    11   979   2.183557282716237E-009   2.811563799533868E-016   2.183557282716237E-009
    12   115   2.260428771982063E-010   1.086367714932120E-018   2.260428771982063E-010
    13   218   4.266993690159783E-010   5.768361817934654E-018   4.266993690159783E-010
    14   216   3.999947953174398E-010   7.927889558683616E-018   3.999947953174398E-010
    17   817   1.875675930715765E-009   3.847752826154067E-016   1.875675930715765E-009
    19   555   1.326196474549288E-009   8.331774754009790E-017   1.326196474549288E-009
    20   837   1.972588779887999E-009   3.236449525368012E-016   1.972588779887999E-009
    21   975   2.210009847087228E-009   2.713626744901505E-016   2.210009847087228E-009
    22   92   1.246503103582544E-010   7.041448749096558E-020   1.246503103582544E-010
    23   633   1.610911998128585E-009   3.181083955565986E-016   1.610911998128585E-009
    24   344   6.459377260264718E-010   2.025633217804498E-017   6.459377260264718E-010
    25   707   1.490625959095007E-009   1.689022554900847E-016   1.490625959095007E-009
    27   460   1.050005619439874E-009   7.508487403885975E-017   1.050005619439874E-009
    28   1069   2.372565082117023E-009   3.948238811929965E-016   2.372565082117023E-009
    29   966   2.263610736697903E-009   5.419304014585589E-016   2.263610736697903E-009
    31   706   1.631966137872975E-009   1.130066881205846E-016   1.631966137872975E-009
    32   685   1.492668567894557E-009   1.781053027852246E-016   1.492668567894557E-009
    33   1838   4.119757336289485E-009   4.443968285170017E-016   4.119757336289485E-009
    34   83   1.175878814472230E-010   4.067701336952070E-020   1.175878814472230E-010
    35   1040   2.303935607399182E-009   5.442783798499382E-016   2.303935607399182E-009
    36   114   1.995907977652098E-010   2.095313677467649E-019   1.995907977652098E-010
    37   84   1.380901468475099E-010   1.303216491660607E-019   1.380901468475099E-010
    38   17   4.070595303966989E-011   3.989438866073398E-021   4.070595303966989E-011
    39   636   1.376290067496887E-009   1.559710089362290E-016   1.376290067496887E-009
    40   379   8.314868508358039E-010   3.640029889125406E-017   8.314868508358039E-010
    41   300   6.956720765111759E-010   2.590483856270342E-017   6.956720765111759E-010
    42   1260   2.817787419455733E-009   2.740843464932331E-016   2.817787419455733E-009
    43   765   1.701693017942822E-009   2.751328355348811E-016   1.701693017942822E-009
    44   847   1.878530834851293E-009   2.703248163211932E-016   1.878530834851293E-009
    45   644   1.569595197133259E-009   1.496118891762194E-016   1.569595197133259E-009
    46   529   1.214046300519701E-009   8.088713778099612E-017   1.214046300519701E-009
    47   448   9.480828895758991E-010   8.706079874923830E-017   9.480828895758991E-010
    48   588   1.385419770994684E-009   1.982215303199298E-016   1.385419770994684E-009
    49   533   1.136132765958067E-009   9.128234669927324E-017   1.136132765958067E-009
    51   319   7.642352010619671E-010   2.965440616062510E-017   7.642352010619671E-010
    52   759   1.778530719913380E-009   1.890001596988639E-016   1.778530719913380E-009
    53   131   2.787833299123543E-010   1.175326045853358E-018   2.787833299123543E-010
    56   17   3.979667818691600E-011   4.192269218299643E-021   3.979667818691600E-011
    57   310   7.241523570027412E-010   2.686736233205941E-017   7.241523570027412E-010
    59   799   1.886862760970307E-009   5.767914701095248E-016   1.886862760970307E-009
    61   908   1.992068499368509E-009   3.082430618603784E-016   1.992068499368509E-009
    62   552   1.372467544992350E-009   1.658497639564046E-016   1.372467544992350E-009
    63   231   3.723282323102332E-010   8.824262789733674E-019   3.723282323102332E-010
    64   1499   3.446235900218277E-009   3.693860355523060E-016   3.446235900218277E-009
  </DiscreteSampler_grid>
  <DiscreteSampler_grid>
  grouped_processes
  1 # 1 for a reference and 2 for a running grid.
  10 # Attribute 'min_bin_probing_points' of the grid.
  1 # Attribute 'grid_mode' of the grid. 1=='default',2=='initialization'
  0.0000000000000000 # Attribute 'small_contrib_threshold' of the grid.
  0.5000000000000000 # Attribute 'damping_power' of the grid.
 # binID   n_entries weight   weight_sqr   abs_weight
    13   10   1.088280982138739E-001   4.476134945526634E-002   1.088280982138739E-001
    14   10   1.088280982138738E-001   4.476134945526629E-002   1.088280982138738E-001
    16   10   8.455411289287243E-003   2.395125133576295E-004   8.455411289287243E-003
    17   10   8.455411289287250E-003   2.395125133576298E-004   8.455411289287250E-003
    22   10   1.088280982138739E-001   4.476134945526634E-002   1.088280982138739E-001
    23   10   1.088280982138738E-001   4.476134945526629E-002   1.088280982138738E-001
    25   10   8.455411289287245E-003   2.395125133576297E-004   8.455411289287245E-003
    26   10   8.455411289287253E-003   2.395125133576300E-004   8.455411289287253E-003
  </DiscreteSampler_grid>
