  0.00000016561471747  0.00000017479810000  0.00000018416994275  0.00000019599674135
  0.00000021030938791  0.00000023029820281  0.00000024954382343  0.00000026829553646
  0.00000029064146811  0.00000031482053032  0.00000034118881785  0.00000035508437685
  0.00000036240189763  0.00000036632992604  0.00000037437805689  0.00000038068603291
  0.00000038685756183  0.00000039303526822  0.00000039727164720  0.00000040154840047
  0.00000040723648331  0.00000041427527458  0.00000042124879613  0.00000042733770772
  0.00000043213743384  0.00000043666242734  0.00000044099681142  0.00000044577328840
  0.00000044797439884  0.00000045022368671  0.00000045288750510  0.00000045761976646
  0.00000046606278724  0.00000047599804035  0.00000048411010616  0.00000049257108021
  0.00000050022626642  0.00000050579223889  0.00000051147451473  0.00000051859378894
  0.00000052698127235  0.00000053681107580  0.00000054796721255  0.00000055916136436
  0.00000056933092586  0.00000057896309343  0.00000058893387750  0.00000059982584006
  0.00000061004911592  0.00000061896952084  0.00000062691915426  0.00000063442254503
  0.00000064416704229  0.00000065655612349  0.00000066927393989  0.00000068277914806
  0.00000069554856969  0.00000070635314489  0.00000071667513107  0.00000072759723089
  0.00000073978725645  0.00000075217072608  0.00000076548535654  0.00000077998101640
  0.00000079972863554  0.00000082488461294  0.00000084628138388  0.00000086539774837
  0.00000088542245737  0.00000090842740388  0.00000093654905878  0.00000096858698484
  0.00000100163729365  0.00000103583923730  0.00000107183557373  0.00000110362731405
  0.00000113060360370  0.00000115618586473  0.00000118360623038  0.00000121583658795
  0.00000126339470633  0.00000130185805351  0.00000132744575046  0.00000135254023453
  0.00000138446545235  0.00000142393266921  0.00000147162525354  0.00000161774681947
  0.00000178701274728  0.00000201563277478  0.00000238102912534  0.00000315385395538
  0.00000421107104357  0.00000602974865933  0.00002263699592567  1.00000000000000000
  0.00000029705639205  0.00000031739743425  0.00000034857114941  0.00000036508184665
  0.00000037904105172  0.00000039164995515  0.00000040252552077  0.00000040699381921
  0.00000041149276948  0.00000041604623025  0.00000042325610501  0.00000043219284788
  0.00000043960003921  0.00000044660117720  0.00000045384977701  0.00000046049132587
  0.00000046677081721  0.00000047428718624  0.00000048493705415  0.00000049779568756
  0.00000050978245393  0.00000051937924955  0.00000052831609655  0.00000053733556566
  0.00000054711448857  0.00000055779049957  0.00000056711294997  0.00000057437206918
  0.00000058190040492  0.00000058943821186  0.00000059675497233  0.00000060289414200
  0.00000061320073412  0.00000062623432478  0.00000063956549423  0.00000064944511303
  0.00000065318286391  0.00000065988641429  0.00000066714638639  0.00000067448302407
  0.00000068208524374  0.00000069016310816  0.00000069773843015  0.00000070399881383
  0.00000071195430749  0.00000072139635011  0.00000072899211171  0.00000073545059646
  0.00000074015313326  0.00000074650796196  0.00000075527891908  0.00000076587636628
  0.00000077664813333  0.00000078597531970  0.00000079621209604  0.00000080811619780
  0.00000081894326979  0.00000082652373502  0.00000083314457327  0.00000084050665074
  0.00000084820448780  0.00000085810450218  0.00000087072641604  0.00000088581543316
  0.00000090217709690  0.00000091508817998  0.00000092510678804  0.00000093436512316
  0.00000094453201257  0.00000095272537427  0.00000096656601101  0.00000098374979108
  0.00000100240428336  0.00000102180827658  0.00000104449956063  0.00000107115805791
  0.00000109927107300  0.00000113051900195  0.00000117147297559  0.00000122400440219
  0.00000128356099143  0.00000134093653718  0.00000139609931531  0.00000145080412823
  0.00000152120871125  0.00000160625550666  0.00000171549840808  0.00000184749038947
  0.00000200258077126  0.00000216808224286  0.00000237072093474  0.00000312020287860
  0.00000400288167341  0.00000560662373571  0.00002340013898307  1.00000000000000000
 -0.00301341293168335  0.02301449464393729  0.03888768773981596  0.05099036044182829
  0.06292693098229860  0.08455287843746059  0.13000980607179130  0.16487015959372606
  0.19581812289633341  0.21971158778573102  0.23539334525952457  0.24530326316800782
  0.25225141826981579  0.26247291214244628  0.27128516414766957  0.27967082066119964
  0.28787667683654256  0.29449196349373519  0.29898201597068619  0.30117694902571202
  0.30311827788124956  0.30727970249468600  0.31446762520791177  0.32243371351347094
  0.32862765244034192  0.33502703797767946  0.34334417904471343  0.35191296231627195
  0.35967593807432491  0.36732085754771360  0.37355191495815510  0.37880273080051108
  0.38555822449330884  0.39356650163394408  0.40087347237659365  0.40810141242029924
  0.41611885498120893  0.42499243417804766  0.43434313785125611  0.44366427246289780
  0.45248408978114291  0.46087257977016227  0.46926880208688010  0.47774958907208470
  0.48597125261837099  0.49442653830357153  0.50494442272544138  0.51416367494820370
  0.52337449388333446  0.53207879923244061  0.54029867531298692  0.54792023500001941
  0.55466663436344021  0.56112171102020048  0.56775857592497647  0.57446400873622649
  0.58080435007306830  0.58664969545402945  0.59182508933639433  0.59712231993899634
  0.60234273330505217  0.60696398909742477  0.61039073057978266  0.61403492772423240
  0.61794289739342012  0.62215797802981498  0.62658278706871817  0.63097872799691423
  0.63551881294157087  0.64010113641005839  0.64521897072199297  0.65322410902139871
  0.66185355801871493  0.66701916197819877  0.67005190043605412  0.68162754222225219
  0.69401586002621007  0.70536563316003154  0.71462468292841697  0.72594982704734257
  0.73834376417328851  0.75209308175208966  0.76559209593360467  0.77852808437264875
  0.79040128143495669  0.80195553824252175  0.81336835078700709  0.83048076904206114
  0.84741433075800821  0.86391723573883039  0.88222243490828922  0.90194235829666802
  0.92315142933138505  0.94595890738173061  0.97263788857002742  1.00000000000000000
 -0.00049742853157228  0.00235591507184694  0.00650196195476441  0.01388927473528841
  0.02449779671911397  0.03469912836217816  0.04582010429434109  0.05818144051159810
  0.07258634644608947  0.08561754017059246  0.09658135664045489  0.10669841120078213
  0.11559629677648242  0.12273913023284051  0.12948662145259388  0.13839201842234417
  0.14732366584519815  0.15625428702495406  0.16292856120408847  0.16980704284247625
  0.17834640588320513  0.18921668367592134  0.20291165224285254  0.21775552352528851
  0.22999676092555832  0.23613735236467420  0.24310173910818694  0.25046440484369087
  0.25883191628191277  0.26695693021613492  0.27635135377980852  0.28467564477609669
  0.29590701089794130  0.31293137299458468  0.33379278916130567  0.34865238641314328
  0.35657895256225325  0.36451691461414121  0.37285019472155179  0.38087117475080862
  0.38830073644904178  0.39482219221820197  0.40034086015972181  0.40509441205430047
  0.41110418268320070  0.41825936119138230  0.42345871623940284  0.43127637684165332
  0.44466733839268835  0.46130762552352200  0.48008449234431916  0.49634106230883351
  0.50708859414664631  0.52068266735986113  0.53424377230720377  0.53994082072630378
  0.54543602667950619  0.55012611965241320  0.55475501493791224  0.56232251131299582
  0.57305523283839266  0.58703874455720650  0.60665363439419284  0.62738907969323554
  0.64890868510791933  0.66774994358933482  0.68163725633492345  0.69325153415243035
  0.70431229037409471  0.71670297541989447  0.72820804462477629  0.73744329055303248
  0.74647383884615059  0.75652077872773449  0.76693470239055628  0.77746596603047624
  0.78691491741400577  0.79863174692026662  0.81072477789535546  0.82069763253504202
  0.82983249475751431  0.83850873924347147  0.84744929713479134  0.85705818531675571
  0.86588286934519532  0.87674792741802288  0.89089810957423099  0.90356684970629075
  0.91247985095927020  0.92173366972470994  0.93276337200273385  0.94367442708638227
  0.95598636407225346  0.97076730997238969  0.98559945538439975  1.00000000000000000
  0.01030126993709064  0.03008179295138871  0.04183666394240374  0.05150144293003514
  0.05965949267822128  0.06918546466601411  0.07912976828782606  0.08888331096913815
  0.10064965181913477  0.11311236481304175  0.12731864861919406  0.14180557434665242
  0.15240491056165181  0.16181090147470387  0.17270146432914935  0.18274211432326110
  0.19285194043764697  0.20240008001554796  0.21183369721179121  0.22166039580146146
  0.23156317638154775  0.24217383748573398  0.25201501903758861  0.25918802744898345
  0.26547641799592020  0.27082534147353432  0.27838119690920210  0.28519371138955679
  0.29176537945050146  0.29855957664329968  0.30549870956981379  0.31093408058172001
  0.31597011334272962  0.32236800985749298  0.32935791312490564  0.33575419038073212
  0.34189886238189038  0.34799585234648661  0.35384473747714074  0.35968906061620148
  0.36492205815058709  0.36865513966330116  0.37200332023417682  0.37619043252010342
  0.38044643847311399  0.38515456639701140  0.39027171978288488  0.39623051963826367
  0.40309262898982279  0.41027673704599471  0.41679518085900669  0.42092963757875468
  0.42538233574680129  0.42983451448370208  0.43414749589126328  0.43905392193111031
  0.44334455787122878  0.44707979929328195  0.45103306160780171  0.45601393696098447
  0.46062548059029018  0.46552213622514288  0.47026966071661341  0.47518137804338995
  0.47824917436086745  0.48578255061992809  0.49538890532363894  0.50482461652481059
  0.51301674083916926  0.52130105008447802  0.52959407180225948  0.53831132055343911
  0.54778810057409044  0.55749051472760769  0.56549782223235467  0.57118472960430466
  0.57731486974565893  0.58449517962490272  0.59358403140930260  0.60423374112835626
  0.61492678572608861  0.62510235089889021  0.63438892124316315  0.64528819572834606
  0.66144785360507941  0.67976302254242282  0.70356217908140728  0.71863933926548473
  0.73035731210142130  0.74311285287798434  0.75616280582118722  0.77705767777757406
  0.80974884000931691  0.83936067729473052  0.87048224221090875  1.00000000000000000
 -0.00219306651878101  0.00403512145970069  0.01443730012801045  0.02942295869280856
  0.04767901704935779  0.06490059480099006  0.08069995128079195  0.09798777313234631
  0.11085312436138817  0.12062471951136711  0.13137197248960938  0.14283758373343447
  0.15328704529595616  0.16246044769525422  0.17499359493835068  0.18892524340625844
  0.20201154709862690  0.21374856103934217  0.22330414795007344  0.23215757713626586
  0.24458988721856309  0.25362346019391036  0.26035937548563448  0.26714186947258584
  0.27363908590940228  0.27956330860707002  0.28652612649122056  0.29396373347987981
  0.30010026776345167  0.30611226312816231  0.31129709180704224  0.32013254147700648
  0.33895724069138838  0.35845862793872973  0.37479759348272768  0.39043377561858306
  0.40699510495523483  0.42210777562532847  0.43609630650119813  0.44825312755224739
  0.46344403753504443  0.47808641341586716  0.48968965704484363  0.50285341381324378
  0.51689083414877657  0.52990212504464163  0.54264732315937969  0.55628063987597376
  0.57002304659830438  0.57942544552487929  0.58754898639442987  0.59478829746808504
  0.60321035120172672  0.60966864624947736  0.61556135859539129  0.62177900519757801
  0.62767835481234280  0.63304578857903593  0.63795189790353324  0.64324821012117839
  0.65049170619873431  0.65903559170748016  0.66744184113316962  0.67639834668965026
  0.68490763739868954  0.69442281331994327  0.70372528016139335  0.71204771185666649
  0.72162218423329139  0.73222793909455608  0.74315406788696148  0.75277968867601841
  0.76078669522894338  0.76950677270210344  0.77890464974572560  0.78792681578993951
  0.79804081494535206  0.80632207653702892  0.82003097250003099  0.83516672480503729
  0.85109465782587712  0.86359076931487078  0.87390060706532990  0.88525897955767829
  0.89610036318115727  0.90636212483616696  0.91698059149296496  0.92690873733028234
  0.93246046087209689  0.93760568937135780  0.94522514306155625  0.95468211478457010
  0.96484552258706813  0.97691243397765204  0.98875628232263257  1.00000000000000000
 -0.01088612208280946  0.04824793705889686  0.09705052436230008  0.12824557652951823
  0.15138986285324066  0.17183949509325067  0.18945637364888396  0.20108716760167941
  0.20844579589867182  0.21465034652532694  0.22124579708227612  0.22595406973857740
  0.23244474989489786  0.23949952171810551  0.24578423184734305  0.25268278763054225
  0.25969713365206065  0.26691995414422776  0.27405575531235821  0.28008959909020703
  0.28783542308885857  0.29531875820676540  0.30117486516127739  0.30592353761533769
  0.31050044089172885  0.31508900508311533  0.31965560580392666  0.32419551037607719
  0.32731990209572742  0.33114619053954181  0.33516257629514123  0.33958225612716136
  0.34301283352890810  0.34528123414910844  0.34857451727579547  0.35327902928608501
  0.35778089175078165  0.36217676814068667  0.36697220445902717  0.37181558515410679
  0.37622734987807160  0.38036241492015876  0.38460346136418389  0.38896521795113548
  0.39306220633494843  0.39865679730228559  0.40656612303617412  0.41448179047654365
  0.41959404442637654  0.42314961560678976  0.42680763290335721  0.42997543588726855
  0.43366537512679676  0.43689066499928331  0.43952814177979438  0.44193654464582760
  0.44395964010302913  0.44719464596969527  0.45159901133975211  0.45581427854288575
  0.45897465139348748  0.46192895577387055  0.46539203759675501  0.46931154569163636
  0.47329590556080176  0.47690648757261078  0.48097800885798764  0.49039739466504945
  0.50053994855046491  0.51129500931269589  0.52087579074517332  0.52751807023303299
  0.53519656771671598  0.54366865510608731  0.55248632231352635  0.56166654981097308
  0.57066199621056146  0.58087032360220647  0.59343130972515734  0.60918514591783735
  0.62614058031290143  0.64378762627348085  0.66011364630664982  0.66993436256524908
  0.67964374358330570  0.68902170006617114  0.69699831499939047  0.70621593697993179
  0.71807289570859123  0.73332745047086334  0.75101990077798630  0.76701587968840157
  0.78473536900790020  0.80213060646236922  0.86487098989836220  1.00000000000000000
 -0.00578182738863788  0.01687376301099521  0.03633626527332745  0.05313368042365205
  0.06619341059763884  0.07666235182621885  0.08547310412688920  0.08999475050206081
  0.09404740745511883  0.09835344267603179  0.10244871058231168  0.11152132857427363
  0.12252390909305749  0.12989055006402730  0.13718083996124647  0.14337867375862984
  0.14970141906392762  0.15405356499715087  0.15970616309270269  0.16509568032536495
  0.17106245427623068  0.17694655467177209  0.18237120372727519  0.18706429859333262
  0.19142819187012000  0.19458955458691574  0.20041920540466687  0.21087916647274382
  0.22207063118583195  0.23106903803404352  0.23843693306607106  0.24574511109137445
  0.25344517309182457  0.26179025479453277  0.27051524027514617  0.28078221753453902
  0.29142775029219148  0.30139679739597591  0.31090934325052094  0.32041621376947194
  0.32898488172350038  0.33565925046030137  0.33990393725833912  0.34383660045319075
  0.34827418689515072  0.35385193405541360  0.36016230094374152  0.36576738288870930
  0.37128500242278839  0.37857146100722988  0.38928902188609710  0.39602645990702590
  0.40356769274940008  0.41293078066562949  0.42175802415994940  0.43027262373925795
  0.43972238207734254  0.44916635614137762  0.46004984883988803  0.47449319290833791
  0.49252994771234254  0.51243709173616714  0.53446492131811996  0.55512100537226272
  0.56630720677795432  0.57708545398963507  0.58927950600652257  0.60147243265693262
  0.61201837972290951  0.62149583166184663  0.63163090976956249  0.64327474294987419
  0.65567395611589541  0.66862264970338081  0.68508447841626985  0.70469129819123488
  0.72383812059641128  0.74059686194571617  0.75800837207143767  0.77577451109573758
  0.78944165123279231  0.80220409263932424  0.81373651458040031  0.82395995282968992
  0.83464015565236416  0.84597904803045287  0.85646420526039413  0.86714660666967169
  0.88264701485774233  0.89899743978541580  0.91591884776842514  0.93342190552454274
  0.95112036130534161  0.96665874681460018  0.98285162027812267  1.00000000000000000
  0.69317794258503496  0.69790070679941019  0.70115078370113548  0.70418179720987129
  0.70774045764050053  0.71111666294128018  0.71456724304284247  0.71818704984766024
  0.72178879421168651  0.72545582673494902  0.72871419866123077  0.73010722504010994
  0.73129998676794150  0.73239584346867181  0.73607911101993262  0.74036168648405865
  0.74406230965955444  0.74777982266930587  0.75146883961825017  0.75472392299223201
  0.75779230183427038  0.76098715447480370  0.76371146140367907  0.76583019396200991
  0.76790635859628731  0.77010875104135657  0.77321242019529191  0.77774768225699653
  0.78185654160728590  0.78528511958657610  0.78827592864450258  0.79067425071471953
  0.79240588402322087  0.79393996935536904  0.79562204346611409  0.79729799931597511
  0.79866871022772534  0.80007300601058651  0.80173788224396170  0.80306234489966266
  0.80412484831902675  0.80507194374274660  0.80620177448048602  0.80726660055235977
  0.80865638696680309  0.81025333196193505  0.81189989959651787  0.81333641240682863
  0.81423069436321260  0.81511809243799405  0.81582637532262303  0.81664373565872572
  0.81767493307076822  0.81902924026058099  0.82062900961314433  0.82223084268472701
  0.82369764039347215  0.82494590707116555  0.82613664618053029  0.82729833390862961
  0.82832110905484146  0.82922199535745911  0.83013360448921625  0.83106728422207232
  0.83193120981157209  0.83292368701611774  0.83414362957469168  0.83588370816743607
  0.83783891523326504  0.83994494842886558  0.84186865824265134  0.84339363832287950
  0.84499055464659578  0.84647784669069315  0.84793092024884509  0.84974353260535096
  0.85155049557892659  0.85317957433728764  0.85528043413630783  0.85816183948430358
  0.86119536553547815  0.86431527747273496  0.86774846380571036  0.87179791032663090
  0.87617428083246374  0.88024423744008395  0.88383772114800307  0.88706691596091791
  0.89215006101864336  0.89839038281603800  0.90493441863894897  0.91413710015761962
  0.92756263942911754  0.94563008733823506  0.97610314583874125  1.00000000000000000
  0.28584355270651868  0.28871423231735299  0.29117067942534985  0.29344004351344072
  0.29573308560931821  0.29814318628337927  0.30053150304803705  0.30292562004438633
  0.30409157627195355  0.30481868190536876  0.30553748838790196  0.30612634947106321
  0.31046606648903191  0.31756033684850848  0.32393076585944142  0.32977183421458595
  0.33505655386347810  0.33934410491254852  0.34442571849942522  0.35257493586503891
  0.36074637400731369  0.36795658784914353  0.37418102157723299  0.37939756693016613
  0.38380429897485047  0.38816381954934931  0.39290494173805546  0.39873007783462733
  0.40547732621137172  0.41238229366964768  0.41928778800389321  0.42651817586376795
  0.43379599580937733  0.44028956793190260  0.44539142296046003  0.45000818482398847
  0.45475916303631264  0.46039574131098820  0.46808811322124155  0.47625791763942604
  0.48452644769127334  0.49207358723065031  0.49665072431589291  0.49963503690359073
  0.50283735260126461  0.50631982290655153  0.51036297519149842  0.51436420005701944
  0.51787632470564604  0.52120841697015985  0.52458876462122273  0.52913476724966779
  0.53520274327445028  0.54111684503350777  0.54513013006707844  0.54870157810903997
  0.55242309206275131  0.55608614970363246  0.55874680539773014  0.56129993535235057
  0.56415258519145017  0.56702814599967610  0.57018716518703649  0.57420871305269072
  0.57724730256264667  0.57975740181722957  0.58158793504718354  0.58364424765948708
  0.58625393841789908  0.58922467228087827  0.59191819204221996  0.59458273624636926
  0.59771587857407726  0.60088838124904109  0.60384419742381479  0.60865519881989616
  0.61441647431435487  0.61961588048256133  0.62474203214829505  0.63031185585211447
  0.63889587090603994  0.64603386950069541  0.65266018642714674  0.65909554035500839
  0.66432859276189637  0.66743705893737970  0.67047040896613264  0.67594362162680866
  0.68310465344904936  0.69127769941048733  0.69911718314661364  0.70682598595621127
  0.71479332995284406  0.72260247469708960  0.73205136886397337  1.00000000000000000
   1.1040731444179655E-012  -1.0000000000000000     
  <DiscreteSampler_grid>
  Helicity
  1 # 1 for a reference and 2 for a running grid.
  40 # Attribute 'min_bin_probing_points' of the grid.
  1 # Attribute 'grid_mode' of the grid. 1=='default',2=='initialization'
  0.0000000000000000 # Attribute 'small_contrib_threshold' of the grid.
  0.5000000000000000 # Attribute 'damping_power' of the grid.
 # binID   n_entries weight   weight_sqr   abs_weight
    3   1   9.479116259125405E-014   8.985364505401561E-027   9.479116259125405E-014
    4   1   9.154697909006899E-017   8.380849380517529E-033   9.154697909006899E-017
    6   42   1.224888040712875E-012   2.604569285181197E-023   1.224888040712875E-012
    7   1978   6.430836806740439E-011   8.194545363994203E-019   6.430836806740439E-011
    8   937   3.203283558295421E-011   1.812664901221711E-019   3.203283558295421E-011
    13   2   1.577008357099143E-014   4.930490344646047E-028   1.577008357099143E-014
    14   11   2.676012859990529E-013   3.623250658773952E-025   2.676012859990529E-013
    16   1   1.610678848666791E-018   2.594286353542579E-036   1.610678848666791E-018
    17   1   7.502511371349611E-018   5.628767687723023E-035   7.502511371349611E-018
    21   11   3.749135199634047E-013   5.267761421240083E-025   3.749135199634047E-013
    22   2085   7.130288783864167E-011   5.327808089335796E-019   7.130288783864167E-011
    24   3   1.895879317625043E-013   1.075445476177145E-025   1.895879317625043E-013
    26   1   6.387016508082099E-015   4.079397987451325E-029   6.387016508082099E-015
    27   2460   8.110910296582497E-011   1.010819084903022E-018   8.110910296582497E-011
    28   1   4.160127070176714E-016   1.730665724001709E-031   4.160127070176714E-016
    30   2   3.158701684468172E-014   1.613956473181639E-027   3.158701684468172E-014
    31   256   1.173009918033858E-011   6.757072168903528E-021   1.173009918033858E-011
    35   1788   5.748888242680509E-011   4.364364356077924E-019   5.748888242680509E-011
    39   944   2.703180738259671E-011   5.504183376834566E-020   2.703180738259671E-011
    44   1   6.838487856072776E-016   4.676491615765483E-031   6.838487856072776E-016
    46   5693   2.221314744504815E-010   1.743513913104728E-017   2.221314744504815E-010
    47   1   5.661248120796229E-015   3.204973028521884E-029   5.661248120796229E-015
    48   695   2.257151636961765E-011   5.286457509878132E-020   2.257151636961765E-011
    55   37032   1.443727983003038E-009   3.643527775401530E-015   1.443727983003038E-009
    56   257   9.129378357999878E-012   5.885442336592514E-021   9.129378357999878E-012
    60   1547   4.836694565287695E-011   1.929802421934701E-019   4.836694565287695E-011
    62   1452   5.129341990092285E-011   1.865227461497976E-019   5.129341990092285E-011
    63   3   4.407004223038617E-014   2.126174956494082E-027   4.407004223038617E-014
  </DiscreteSampler_grid>
  <DiscreteSampler_grid>
  grouped_processes
  1 # 1 for a reference and 2 for a running grid.
  10 # Attribute 'min_bin_probing_points' of the grid.
  1 # Attribute 'grid_mode' of the grid. 1=='default',2=='initialization'
  0.0000000000000000 # Attribute 'small_contrib_threshold' of the grid.
  0.5000000000000000 # Attribute 'damping_power' of the grid.
 # binID   n_entries weight   weight_sqr   abs_weight
    13   10   1.874525134180244E-004   2.780344164693009E-007   1.874525134180244E-004
    14   10   1.874525134180246E-004   2.780344164693013E-007   1.874525134180246E-004
    16   10   3.536085659350137E-005   6.396670159202205E-009   3.536085659350137E-005
    17   10   3.536085659350136E-005   6.396670159202197E-009   3.536085659350136E-005
    22   10   1.874525134180245E-004   2.780344164693009E-007   1.874525134180245E-004
    23   10   1.874525134180245E-004   2.780344164693011E-007   1.874525134180245E-004
    25   10   3.536085659350137E-005   6.396670159202202E-009   3.536085659350137E-005
    26   10   3.536085659350136E-005   6.396670159202197E-009   3.536085659350136E-005
  </DiscreteSampler_grid>
