  0.00000071939048676  0.00000073701395603  0.00000074518876388  0.00000075493781419
  0.00000076678139827  0.00000077851436768  0.00000079104054266  0.00000080326535042
  0.00000081535880513  0.00000082763726442  0.00000083970723618  0.00000085189172274
  0.00000086432514614  0.00000087703302312  0.00000089015615250  0.00000090405187513
  0.00000091822497247  0.00000093219548337  0.00000094598239299  0.00000095987103103
  0.00000097421498276  0.00000098914883547  0.00000100449678267  0.00000102000491817
  0.00000103533167479  0.00000105032079079  0.00000106543598509  0.00000108097908067
  0.00000109696423067  0.00000111345598485  0.00000112974633728  0.00000114635770020
  0.00000116294345772  0.00000117955228955  0.00000119746721764  0.00000121668033521
  0.00000123682788710  0.00000125674929651  0.00000127711675165  0.00000129742433582
  0.00000131800142581  0.00000133800733677  0.00000135735357950  0.00000137606650759
  0.00000139389175859  0.00000141280812940  0.00000143148252317  0.00000145193422918
  0.00000147236357941  0.00000149353017265  0.00000151507134656  0.00000153678808003
  0.00000155856240104  0.00000158082727759  0.00000160319903662  0.00000162563267555
  0.00000164833010411  0.00000167260274557  0.00000169643236225  0.00000172058895808
  0.00000174389937565  0.00000176804299002  0.00000178613072590  0.00000180341623474
  0.00000182025757410  0.00000183661313327  0.00000185904888627  0.00000188164841566
  0.00000190668082158  0.00000193177504943  0.00000195981547524  0.00000199092834200
  0.00000202245529324  0.00000205374651667  0.00000208372745008  0.00000211397531258
  0.00000214436591222  0.00000217598366269  0.00000220692775161  0.00000223769183085
  0.00000226789893547  0.00000230136278966  0.00000233751199917  0.00000237490449260
  0.00000241265421340  0.00000245279403935  0.00000249368094058  0.00000253449768303
  0.00000257696466066  0.00000261441633128  0.00000263930859091  0.00000266144582035
  0.00000268034361958  0.00000269962130518  0.00000270559178294  1.00000000000000000
  0.00000026381483246  0.00000027046347852  0.00000027571095886  0.00000028112293885
  0.00000028670891059  0.00000029227763839  0.00000029820209243  0.00000030698222788
  0.00000031585722381  0.00000032501860559  0.00000033482389890  0.00000034422530036
  0.00000035326641805  0.00000036349885087  0.00000037558742217  0.00000038877755999
  0.00000040217036509  0.00000041558554507  0.00000042933584884  0.00000044496552563
  0.00000046183452319  0.00000047851105218  0.00000049515049679  0.00000051174927226
  0.00000052769997181  0.00000054335988686  0.00000055892249291  0.00000057528881693
  0.00000059218820334  0.00000060943260784  0.00000062502398214  0.00000064134873735
  0.00000065820822046  0.00000067492618458  0.00000069323720966  0.00000071073695810
  0.00000072830391044  0.00000074593786292  0.00000076454952766  0.00000078586666943
  0.00000080752268014  0.00000082908480884  0.00000085099523783  0.00000087411683405
  0.00000089804995458  0.00000092304870230  0.00000095072580687  0.00000098138793441
  0.00000101139332309  0.00000104077206242  0.00000107046810928  0.00000110048879272
  0.00000113055059226  0.00000116312512300  0.00000119611894094  0.00000122960523023
  0.00000126385425686  0.00000129940411821  0.00000133584746544  0.00000137425541498
  0.00000141594496477  0.00000145476460489  0.00000149067823223  0.00000152836560736
  0.00000156510239216  0.00000160747225118  0.00000165697951074  0.00000171385083998
  0.00000177730135948  0.00000184381064410  0.00000191336704973  0.00000198872499023
  0.00000207758701372  0.00000217672993199  0.00000228233590343  0.00000239975396501
  0.00000254308689065  0.00000270596446479  0.00000287505872339  0.00000305724711417
  0.00000325384759063  0.00000346356694784  0.00000371426306280  0.00000399816521807
  0.00000430610781235  0.00000462849736464  0.00000495128101114  0.00000534149318267
  0.00000586040420661  0.00000655670250544  0.00000733565653809  0.00000828161002816
  0.00001010939772089  0.00001822627565907  0.00001940919192854  1.00000000000000000
  0.00000090236903274  0.00000091891862842  0.00000093264767473  0.00000098333592515
  0.00000103244458551  0.00000108098702121  0.00000112991352122  0.00000117968997953
  0.00000122699415822  0.00000127277683602  0.00000131893599802  0.00000136979119187
  0.00000142363750478  0.00000148056048262  0.00000153762704659  0.00000159485256776
  0.00000165101088469  0.00000170358234834  0.00000175811913976  0.00000181330517554
  0.00000187061656964  0.00000192866467210  0.00000198799727760  0.00000205018730731
  0.00000211308378783  0.00000217664521731  0.00000224135569698  0.00000230561715932
  0.00000237421854611  0.00000244756682734  0.00000252343044653  0.00000258791297783
  0.00000264886013351  0.00000270994179451  0.00000277246750570  0.00000285384079769
  0.00000293764981693  0.00000303956145011  0.00000313880522450  0.00000324119768990
  0.00000334724816960  0.00000345702748182  0.00000357612037890  0.00000370215106934
  0.00000382847266606  0.00000395842728511  0.00000409686379613  0.00000424593728221
  0.00000441100588408  0.00000457963187338  0.00000475717232949  0.00000494745686185
  0.00000515124407516  0.00000535268454718  0.00000555047268682  0.00000574578462476
  0.00000595446496837  0.00000617973478064  0.00000643914736702  0.00000671193934231
  0.00000698184307789  0.00000726045664552  0.00000757329129585  0.00000796133872839
  0.00000835506130749  0.00000874231427510  0.00000920505924344  0.00000980036205659
  0.00001044117094430  0.00001107832222757  0.00001179142602812  0.00001252896854119
  0.00001338170721470  0.00001433326634128  0.00001532762056153  0.00001642733560968
  0.00001776582828358  0.00001935174036132  0.00002093008125208  0.00002260584288432
  0.00002404082777915  0.00002519950268869  0.00002639414276246  0.00002760158881341
  0.00002878677101339  0.00002990903324053  0.00003098764021887  0.00003214529467604
  0.00003339907464727  0.00003389498063903  0.00003849078933063  0.00004737800346445
  0.00006029011673009  0.00006793971598301  0.00007645223225562  1.00000000000000000
  0.00022531022960750  0.00071615581155080  0.00120700139349410  0.00169784697543741
  0.00218869255738071  0.00267953813932401  0.00317038372126732  0.00366122930321062
  0.00415207488515392  0.00593894316660144  0.00792692715106794  0.00991491113553444
  0.01190289512000094  0.01389087910446745  0.01587886308893395  0.02294631257249310
  0.03519539794111704  0.04872167649625901  0.06114635582699030  0.07134565740796968
  0.08080860482848755  0.09062500713359140  0.10046221399301199  0.10995447855490993
  0.11909902896862463  0.12866955903080518  0.13971676757573537  0.14975675194088628
  0.15787015157770765  0.16603589068640795  0.17442723066180843  0.18371564824741946
  0.19321244797817730  0.20242919996527137  0.21191117120361147  0.22229944947956598
  0.23276434336608859  0.24273174780393170  0.25235670593625187  0.26200522276727850
  0.27206496344829328  0.28305595457253607  0.29482061686935152  0.30749968856684656
  0.31928848993782510  0.32979907458020502  0.34014457543142446  0.35068407389373146
  0.36284322334740499  0.37743217953251523  0.39439868989918841  0.41056231318984149
  0.42500460110125510  0.43949291508246674  0.45226920067959669  0.46585785565707721
  0.47909636353706753  0.49155154880008745  0.50412878888370327  0.51711139588471655
  0.52951903065379446  0.54125060235745892  0.55366576304594983  0.56628352933292680
  0.57934030265073311  0.59047616924552249  0.60124275410476835  0.61240966530941554
  0.62347928738559011  0.63424233650099571  0.64488189044539879  0.65728011905280437
  0.66921255363838328  0.68086782072577701  0.69227572156707673  0.70371604363537710
  0.71720322293807071  0.73219664790751149  0.74749700155537124  0.76444210635529986
  0.78204663874554359  0.81347817156718805  0.82476421501308361  0.83686955867980106
  0.84982916684563814  0.86174282728752971  0.87270463292768363  0.88398249735571954
  0.89552804872077485  0.90646770394895448  0.91719244361605490  0.92925871997465925
  0.94157512101642360  0.95300859723792841  0.96776240181605444  1.00000000000000000
  0.00346175991236112  0.00490295481918975  0.00618284070283564  0.00954617907428156
  0.01288437871742314  0.02015754581971670  0.03241822492838701  0.04496695710474073
  0.05593026133540393  0.06829697880446359  0.08227505239273257  0.09636587056611665
  0.10931825215107513  0.12044716420579329  0.13124223770235380  0.14094509189689158
  0.15095192311100483  0.16071669726804300  0.17047825449006052  0.18042480431863786
  0.19013079732611690  0.19883677482577386  0.20771371190916582  0.21634659070247836
  0.22442993772297157  0.23280630948682343  0.24166808254406871  0.25037912759632902
  0.26391760841325468  0.27685564298313214  0.29024953824165145  0.30342920145304580
  0.31623815050847720  0.32916144226111294  0.34378440903666585  0.35780236458408360
  0.36737708704541711  0.37753279214288021  0.38747031806765975  0.39770658900325317
  0.40770918628527669  0.41759957881681647  0.42842954534540317  0.43912553699179963
  0.44813012557036569  0.45731557566150705  0.46570372220096551  0.47431989380013762
  0.48322271099577213  0.49284705606344348  0.50321363689549781  0.51510779586854116
  0.52581658140973919  0.53663253902691588  0.54744471292543828  0.55817630237663984
  0.57143708980572017  0.58428646492706360  0.59565130809303302  0.60642970046364852
  0.61735887955380941  0.62743049579244536  0.63609609663203492  0.64447843945544658
  0.65279428681833696  0.66075240227777565  0.66887549224708143  0.67775671839760920
  0.68627488374066470  0.70138072577949040  0.71494847666089711  0.72566336991838976
  0.73670592836946991  0.74725039168472973  0.75752652065664516  0.76774233694659422
  0.77895560351051274  0.79149327148654225  0.80325541176803317  0.81544643116470494
  0.82762891146463258  0.83784574630136399  0.84713323531534601  0.85664753601038268
  0.86597581146387503  0.87515524532982469  0.88459695454687937  0.89333058233582829
  0.90649111736027543  0.91991915599673812  0.93261969552810065  0.94543533331248264
  0.95747641378272486  0.96728015278301693  0.97833775712258597  1.00000000000000000
  0.00410354431087035  0.01417459157636754  0.02132423813560661  0.03010901886670863
  0.04009649222580201  0.05035085216734782  0.06025289031434832  0.07025642937552640
  0.08003548190404934  0.08913262048204565  0.09803387337160138  0.10779219984331732
  0.11855138975755904  0.12884698937904321  0.13826866771289181  0.14790502359624738
  0.15807939662487083  0.16812502179260294  0.17778485602590618  0.18661417108751291
  0.20021268542032189  0.21264016092820215  0.22418200466679253  0.23543072969487527
  0.24624255735835116  0.25705036859948283  0.26766296783109056  0.27896722053932410
  0.29066431621328975  0.30248380139514630  0.31466222824628343  0.32636653093104040
  0.33873407414865070  0.35395175905566401  0.37163919037527426  0.38905701182915653
  0.39947099823526894  0.41156360129591213  0.42186075014736535  0.43198465620549475
  0.44265116121226189  0.45354983235242546  0.46436615576097862  0.47517705211000294
  0.48499597622360208  0.49452466290865127  0.50369101043394826  0.51216241737770540
  0.52018819204253652  0.52787282061261454  0.53536088665742854  0.54298076403526618
  0.55131581706128641  0.55940671114788565  0.56793378163062058  0.57568536902775425
  0.58391489746083225  0.59401358364978518  0.60443531917067006  0.61311798717722654
  0.62129738830969750  0.62974760915809247  0.63841038422459140  0.64687892937637359
  0.65509871235546480  0.66294861623601642  0.67319844257462591  0.68447276156656012
  0.69647366387699516  0.70761973371982312  0.72003575934275144  0.73319173858090680
  0.74653413764906695  0.76034062826812665  0.77326839754976429  0.78478275999002933
  0.79613399779365734  0.80731988483639638  0.81736167894836254  0.82636212227271388
  0.83566443738908514  0.84551671130174400  0.85556409915808018  0.86558476846646881
  0.87649253916703818  0.88953309927025015  0.90401645714872325  0.91788029008492500
  0.93053476010135316  0.94205764926239111  0.95251481453125497  0.96328918659085305
  0.97515551321083049  0.98398686201455998  0.99215105901035150  1.00000000000000000
 -0.00002536157807467  0.00003103122906277  0.00006963009763817  0.00007539318840683
  0.00008151188427339  0.00008772855257203  0.00009380264304706  0.00009991710569238
  0.00010602809181956  0.00011199515046692  0.00011769876190368  0.00012319875397938
  0.00012880818077710  0.00013443495861385  0.00014004744913061  0.00014573480923847
  0.00015182972504926  0.00015792165028406  0.00016400883174584  0.00017005838793338
  0.00017608447770195  0.00018168314330460  0.00018719249011765  0.00019263913901907
  0.00019807647280800  0.00020385983281863  0.00020981020581436  0.00021656876746967
  0.00022332940091244  0.00023001508263246  0.00023592209653713  0.00024164974698674
  0.00024702848999143  0.00025261341951583  0.00025848537883469  0.00026493701138641
  0.00027177850979163  0.00027936111575472  0.00028698759675023  0.00029433637397536
  0.00030159444414322  0.00030879923582119  0.00031522226172411  0.00032161772572846
  0.00032815041704192  0.00033472169964854  0.00034146046231660  0.00034846922548637
  0.00035595346545039  0.00036349547872641  0.00037117882088792  0.00038001949295659
  0.00038879146205511  0.00039756553867623  0.00040688519393464  0.00041762005642795
  0.00042781940403212  0.00043708501235544  0.00044635335003001  0.00045564620665751
  0.00046635064139714  0.00047703938377457  0.00048784315750419  0.00050236773019879
  0.00052013715163650  0.00056455513561166  0.00057702545507433  0.00058642095999146
  0.00059177564369531  0.00059558750193123  0.00059939936016715  0.00060321121840307
  0.00060688306670493  0.00061053301790797  0.00061418296911101  0.00061783292031405
  0.00062143943965070  0.00062503735448512  0.00062863526931953  0.00063223318415395
  0.00063898966537079  0.00064682018419583  0.00065688961932773  0.00066792579411973
  0.00068285034169147  0.00069777488926321  0.00073086692023101  0.00074791694253572
  0.00076496696484044  0.00086625347038036  0.00087826047644397  0.00088951971325473
  0.00090002541211274  0.00168607436335183  0.00169321107022078  1.00000000000000000
  0.21130410022456717  0.21318483668780078  0.21506557315103439  0.21612295763213238
  0.21629153659450265  0.21666616440057546  0.21736103960202982  0.21846350665219580
  0.22003068629076097  0.22208872983668068  0.22612980618649864  0.23149965146079285
  0.23760490658006456  0.24382630816859924  0.25019006378619485  0.25677207318344591
  0.26347169435507722  0.27006705919672253  0.27603552695917988  0.28196747410952117
  0.28810513790947079  0.29418438899266341  0.29988409680693967  0.30576136367457940
  0.31171430712352910  0.31764804299958282  0.32347797888542318  0.32928742102081338
  0.33531140541376625  0.34157412824411104  0.34780972088260576  0.35410588404641230
  0.36096870787759150  0.36796784631166507  0.37493462195958605  0.38277489032600476
  0.39081064261364229  0.39858135922537513  0.40571179112858974  0.41296485903485497
  0.42037627373640002  0.42776332632027142  0.43511323303078114  0.44229150909049453
  0.44944714978923644  0.45696742859002387  0.46568820966163549  0.47503623763922237
  0.48507756372545330  0.49590679397010473  0.50550412130098676  0.51481919619225713
  0.52357553620504904  0.53118068950300812  0.53860509378061538  0.54595586662773055
  0.55299276199998570  0.56002005471931282  0.56709850304474418  0.57420191151740230
  0.58121950229797548  0.58874333111334298  0.59643053057270101  0.60419000083487484
  0.61179312244356510  0.61936420193473496  0.62685507415152841  0.63437913318667616
  0.64194861305931883  0.64992043263953980  0.65814111914613749  0.66595554234665955
  0.67277452991899678  0.67935960558510322  0.68584000433102632  0.69108751631720000
  0.69593645572574681  0.70072750964794117  0.70555648477221711  0.71164230126583172
  0.71802482485513941  0.72403518850508242  0.73048514457649871  0.73882109555522446
  0.74756238584612589  0.75733211505585218  0.76798911404230785  0.77569519997631997
  0.78277259389610465  0.78696185747782621  0.78696185747784086  0.79087842149802412
  0.79661669738803909  0.80249710519199691  0.81016216939672270  1.00000000000000000
  0.73104749225598076  0.73723102016355868  0.74230213513016052  0.74704343488623948
  0.75206477879748956  0.75674139661859485  0.76184489784090392  0.76664291464425471
  0.77154058768863942  0.77662487276544578  0.78155024161968456  0.78667545775192349
  0.79191649294599653  0.79663627233281098  0.80108199989046369  0.80538391164672196
  0.80959615230963777  0.81372092830317688  0.81793482565910258  0.82212399186552376
  0.82659199396496041  0.83129587165963614  0.83534402273573816  0.83899788590290403
  0.84268870725369727  0.84649245519673499  0.85019487431685903  0.85377886903536859
  0.85740314565021580  0.86083101471945611  0.86413002221565671  0.86673280734180413
  0.86938392158164068  0.87211324333088447  0.87490796618913780  0.87811128432865659
  0.88123225732030985  0.88438281185517120  0.88747298182505474  0.89053529402328824
  0.89351973676068142  0.89641018422211982  0.89916169722470873  0.90175613231301421
  0.90427880145661632  0.90678870968894609  0.90928953056704964  0.91186111409601589
  0.91452663018147284  0.91704005733488159  0.91926810755421651  0.92142326391397478
  0.92357393459010473  0.92572902484902397  0.92791089626040224  0.93009517578731493
  0.93234105685740642  0.93458332505591368  0.93676990544562277  0.93869063252565710
  0.94043453659397525  0.94218902239424207  0.94398981394786063  0.94579323088381528
  0.94761107814761369  0.94941806760074565  0.95121282748962455  0.95300597710903412
  0.95478493742652015  0.95657357322696612  0.95832140939675037  0.96001507380348483
  0.96169488445232132  0.96341599830462099  0.96509493398361679  0.96641584700941752
  0.96747421057517702  0.96848859593624581  0.96944207299831564  0.97039951360252696
  0.97182572364800124  0.97359042798030104  0.97549433918423301  0.97751026389362994
  0.97950740519496748  0.98152282321347906  0.98337684913892198  0.98517696634461360
  0.98706368843095749  0.98901250959949982  0.99095487325806020  0.99299858892111248
  0.99496191302292036  0.99669876864572637  0.99835083457293294  1.00000000000000000
  0.26261084569001708  0.27158124446261356  0.28002122266280682  0.28807175078470315
  0.29576662442194734  0.30295833761921021  0.31017858952475097  0.31737146226854585
  0.32445585361046930  0.33142712406030339  0.33762864417789012  0.34341591996188686
  0.34906739933948588  0.35458055313354764  0.36014643394921975  0.36572552504027789
  0.37131561801607726  0.37659512376448318  0.38170859276537666  0.38690866702639015
  0.39210775276208248  0.39755160957946961  0.40323414642777666  0.40873651873024214
  0.41407761587218533  0.41937131670129874  0.42464984969462349  0.42981910114667565
  0.43482943269703245  0.43994843369497511  0.44453919182711771  0.44885898538210300
  0.45317323976967450  0.45753842698852210  0.46298313819475989  0.46852353516670164
  0.47400707641421275  0.47934239056167727  0.48445389983707099  0.48942253788495621
  0.49423236511199076  0.49889911242951740  0.50368119577349346  0.50870155554436991
  0.51410540037328734  0.51937766835680588  0.52418131818486857  0.52866853171746886
  0.53315725070253317  0.53748267765824842  0.54183267830459159  0.54642359065353518
  0.55120130232893860  0.55615437671116830  0.56105842562561858  0.56574152943554668
  0.57004827303865013  0.57411357044530698  0.57805825994524729  0.58209685391756039
  0.58646029139353717  0.59099373655319298  0.59559405781464747  0.60026369200599994
  0.60491096596816285  0.60944634518697516  0.61379174027878491  0.61796000236085935
  0.62200592191246573  0.62587546290759843  0.62955058003285747  0.63326114918744225
  0.63705910999921256  0.64117679511578385  0.64565625230802925  0.65009174367908862
  0.65466380871044305  0.65898069794938918  0.66367952533489316  0.66794405301467319
  0.67181267522321941  0.67555256180641432  0.67917662441543536  0.68266776789996986
  0.68615647949324798  0.68989875183757898  0.69408086500147792  0.69841881676214235
  0.70260973230935864  0.70642248670431618  0.70902156541968953  0.71027785325375137
  0.71195233752169018  0.71406830981952840  0.71495128341123149  1.00000000000000000
   2.5060519348811947E-010  -1.0000000000000000     
  <DiscreteSampler_grid>
  Helicity
  1 # 1 for a reference and 2 for a running grid.
  40 # Attribute 'min_bin_probing_points' of the grid.
  1 # Attribute 'grid_mode' of the grid. 1=='default',2=='initialization'
  0.0000000000000000 # Attribute 'small_contrib_threshold' of the grid.
  0.5000000000000000 # Attribute 'damping_power' of the grid.
 # binID   n_entries weight   weight_sqr   abs_weight
    1   193   5.599802651546610E-010   5.956524355313324E-018   5.599802651546610E-010
    2   1   7.301836252623117E-013   5.331681266012120E-025   7.301836252623117E-013
    3   337   1.486276133059321E-009   7.834482228162103E-017   1.486276133059321E-009
    4   943   4.290028755920967E-009   1.571707900676479E-015   4.290028755920967E-009
    5   1440   6.161464896376230E-009   1.822608676693859E-015   6.161464896376230E-009
    6   415   1.841648482161359E-009   1.518403222782184E-016   1.841648482161359E-009
    11   773   3.474515338482223E-009   8.524428095754218E-016   3.474515338482223E-009
    12   667   3.071539089345136E-009   7.562214114799567E-016   3.071539089345136E-009
    13   359   1.368032135328146E-009   1.123655224745970E-016   1.368032135328146E-009
    14   119   4.868132366007696E-010   1.170259202999837E-018   4.868132366007696E-010
    15   517   2.141538335837069E-009   2.228299240161041E-016   2.141538335837069E-009
    16   2870   1.440335392357019E-008   7.912456101560009E-015   1.440335392357019E-008
    17   642   2.657889502786907E-009   5.426368977172878E-016   2.657889502786907E-009
    18   219   9.010517647261376E-010   3.304902725508194E-017   9.010517647261376E-010
    19   438   1.958431066095565E-009   3.894682936144726E-016   1.958431066095565E-009
    20   130   4.036758675416416E-010   2.279195636212614E-018   4.036758675416416E-010
    21   993   4.485020078936800E-009   7.996804866794204E-016   4.485020078936800E-009
    22   740   3.008266550993794E-009   7.670113302938842E-016   3.008266550993794E-009
    23   1080   4.531781285247117E-009   1.048094851083863E-015   4.531781285247117E-009
    24   156   5.104646541939890E-010   1.003074429790616E-018   5.104646541939890E-010
    25   334   1.422764973572635E-009   8.360333875143625E-017   1.422764973572635E-009
    26   87   2.879066368807929E-010   9.393812283958049E-019   2.879066368807929E-010
    29   1   5.566993133474175E-012   3.099141254814861E-023   5.566993133474175E-012
    30   179   8.180289789210332E-010   1.957046726302821E-017   8.180289789210332E-010
    32   239   8.714120203698598E-010   2.499793901599824E-017   8.714120203698598E-010
    33   42   1.369034953383961E-010   7.154276542577851E-020   1.369034953383961E-010
    34   1492   6.847505834749652E-009   4.127552508292373E-015   6.847505834749652E-009
    35   432   1.828139340773077E-009   2.416562606326366E-016   1.828139340773077E-009
    37   252   9.797223923793630E-010   1.184668135329142E-017   9.797223923793630E-010
    38   552   2.441047776420786E-009   3.872165927480965E-016   2.441047776420786E-009
    41   995   4.397719123744127E-009   1.547878255887802E-015   4.397719123744127E-009
    42   534   2.292571812340843E-009   2.419636333355001E-016   2.292571812340843E-009
    43   310   1.276195808232029E-009   4.764760931526037E-017   1.276195808232029E-009
    44   701   3.250230615014982E-009   1.202786916558387E-015   3.250230615014982E-009
    45   588   2.196292675951448E-009   1.713602798216108E-016   2.196292675951448E-009
    47   451   2.181131057515045E-009   2.117414182586401E-016   2.181131057515045E-009
    48   662   2.934722074871523E-009   5.260802243376572E-016   2.934722074871523E-009
    49   1378   6.155014761872330E-009   9.050295577465793E-016   6.155014761872330E-009
    53   392   1.618520466058967E-009   1.281168553649650E-016   1.618520466058967E-009
    57   1179   5.258228776213424E-009   2.700605814154997E-015   5.258228776213424E-009
    59   235   8.504227443804177E-010   1.011709064069305E-017   8.504227443804177E-010
    61   7   4.294431693003434E-011   2.697296005133393E-021   4.294431693003434E-011
    62   6   4.517160876074969E-011   3.096273211520112E-021   4.517160876074969E-011
    64   5   3.248597257812458E-011   2.765422966376350E-021   3.248597257812458E-011
  </DiscreteSampler_grid>
  <DiscreteSampler_grid>
  grouped_processes
  1 # 1 for a reference and 2 for a running grid.
  10 # Attribute 'min_bin_probing_points' of the grid.
  1 # Attribute 'grid_mode' of the grid. 1=='default',2=='initialization'
  0.0000000000000000 # Attribute 'small_contrib_threshold' of the grid.
  0.5000000000000000 # Attribute 'damping_power' of the grid.
 # binID   n_entries weight   weight_sqr   abs_weight
    13   10   6.381397332793093E-002   1.907870252616930E-002   6.381397332793093E-002
    14   10   6.381397332793096E-002   1.907870252616931E-002   6.381397332793096E-002
    16   10   5.204395649159547E-003   7.747753850785531E-005   5.204395649159547E-003
    17   10   5.204395649159547E-003   7.747753850785528E-005   5.204395649159547E-003
    22   10   6.381397332793096E-002   1.907870252616931E-002   6.381397332793096E-002
    23   10   6.381397332793097E-002   1.907870252616932E-002   6.381397332793097E-002
    25   10   5.204395649159548E-003   7.747753850785536E-005   5.204395649159548E-003
    26   10   5.204395649159548E-003   7.747753850785531E-005   5.204395649159548E-003
  </DiscreteSampler_grid>
