  0.00000011554023045  0.00000011924359779  0.00000012173977814  0.00000012418413839
  0.00000012732967065  0.00000013067232536  0.00000013363192232  0.00000013676800449
  0.00000014015777777  0.00000014370796678  0.00000014720331447  0.00000015054054797
  0.00000015385952211  0.00000015720908425  0.00000015973085429  0.00000016238221850
  0.00000016602448492  0.00000017027271472  0.00000017464607759  0.00000017915679375
  0.00000018375178660  0.00000018832358481  0.00000019283080513  0.00000019737811436
  0.00000020212252316  0.00000020706650118  0.00000021210100276  0.00000021693344911
  0.00000022185099673  0.00000022710739945  0.00000023237185936  0.00000023754032326
  0.00000024232820180  0.00000024653347555  0.00000025031345048  0.00000025557283176
  0.00000026109869772  0.00000026653492014  0.00000027207126135  0.00000027772830547
  0.00000028336230256  0.00000028905319478  0.00000029484527402  0.00000030067646640
  0.00000030653860813  0.00000031246673944  0.00000031854155014  0.00000032480042944
  0.00000033092209433  0.00000033667123059  0.00000034249195320  0.00000034841686763
  0.00000035456601574  0.00000036109442391  0.00000036774508867  0.00000037472290509
  0.00000038197741511  0.00000038941163303  0.00000039705793740  0.00000040470546342
  0.00000041250661562  0.00000042063713461  0.00000042906865618  0.00000043782465609
  0.00000044704620418  0.00000045688121623  0.00000046709425640  0.00000047755486522
  0.00000048833352836  0.00000049966507628  0.00000051131421509  0.00000052303990802
  0.00000053533585023  0.00000054853135280  0.00000056239870266  0.00000057635545685
  0.00000059056305433  0.00000060525583189  0.00000062233776859  0.00000064173482818
  0.00000066327119770  0.00000068716208105  0.00000071342034792  0.00000074205946247
  0.00000077473292999  0.00000081170132994  0.00000085525348677  0.00000090633722876
  0.00000097087033515  0.00000106057363612  0.00000119295158758  0.00000138187371918
  0.00000172641748205  0.00001640069545483  0.00013053449812686  1.00000000000000000
  0.00000267893450093  0.00000278009179045  0.00000283225231349  0.00000287874972869
  0.00000292624671799  0.00000297070595997  0.00000301737642181  0.00000306558117553
  0.00000311181046755  0.00000315657318293  0.00000320369837578  0.00000325438299635
  0.00000330695893902  0.00000336002874197  0.00000341219345259  0.00000346546051827
  0.00000352123975516  0.00000357867918865  0.00000363713959262  0.00000369523415226
  0.00000375221569928  0.00000380955879577  0.00000386820535039  0.00000392815010399
  0.00000398892306030  0.00000404883443115  0.00000411044074696  0.00000417521071877
  0.00000424313533863  0.00000430811235919  0.00000436919218689  0.00000442876233772
  0.00000448897304679  0.00000455901606749  0.00000463299810420  0.00000470529521492
  0.00000477890044442  0.00000485210923440  0.00000492292862472  0.00000499586562394
  0.00000507727387896  0.00000516304642851  0.00000524584467307  0.00000532420493572
  0.00000540378561272  0.00000549354624450  0.00000559401482481  0.00000569380609691
  0.00000579507293095  0.00000590224569142  0.00000600446888525  0.00000609589286176
  0.00000618776626065  0.00000628857120336  0.00000640476500962  0.00000652712970056
  0.00000664956893425  0.00000677743653899  0.00000691186484401  0.00000704786066083
  0.00000718830446976  0.00000733683429786  0.00000749175721118  0.00000765005993160
  0.00000781521491197  0.00000799594040718  0.00000819526550862  0.00000841046456164
  0.00000862838722693  0.00000885298273711  0.00000908676801061  0.00000933317799774
  0.00000958705531989  0.00000985730059811  0.00001014150361646  0.00001043704612565
  0.00001072485362045  0.00001101194092836  0.00001132537309378  0.00001166832392275
  0.00001205133307855  0.00001248276844763  0.00001295395182567  0.00001345978348941
  0.00001403139140800  0.00001469741246428  0.00001543817728451  0.00001622545433356
  0.00001698200313362  0.00001785506173905  0.00001861106235390  0.00001936589186997
  0.00002011514822465  0.00005309058194681  0.00013810851606365  1.00000000000000000
  0.00000020778440254  0.00000022171525556  0.00000023134000689  0.00000024113906019
  0.00000025107618315  0.00000026187350306  0.00000027335074646  0.00000028610420330
  0.00000030126855916  0.00000031866455434  0.00000033676174079  0.00000035390829706
  0.00000036979518511  0.00000038589395787  0.00000040386637649  0.00000042325406438
  0.00000044408523987  0.00000046755012362  0.00000049459197629  0.00000052488688334
  0.00000055722883028  0.00000059092058784  0.00000062517176339  0.00000065489322410
  0.00000068629473252  0.00000071822244111  0.00000075194086700  0.00000078860919166
  0.00000082669414948  0.00000086258250753  0.00000089923375133  0.00000093770189417
  0.00000098163358467  0.00000102791036245  0.00000107185383273  0.00000111256275414
  0.00000115566392351  0.00000120139834188  0.00000125100617637  0.00000130480997416
  0.00000136140594027  0.00000141903315520  0.00000147436819383  0.00000152663604773
  0.00000157941374042  0.00000163189919288  0.00000168821682268  0.00000174841606238
  0.00000180991325137  0.00000187168898269  0.00000193533232052  0.00000200326693841
  0.00000207741502530  0.00000215619001707  0.00000223608155557  0.00000231433436909
  0.00000239253994161  0.00000247403479141  0.00000256376364173  0.00000266396155541
  0.00000276839722534  0.00000287658292738  0.00000299522009138  0.00000312752450933
  0.00000326606693571  0.00000340437727633  0.00000354562153249  0.00000369442627833
  0.00000385541552752  0.00000402851756845  0.00000420905538537  0.00000440233957268
  0.00000461135154558  0.00000483667779652  0.00000504192294019  0.00000521505369243
  0.00000536695575706  0.00000556350503817  0.00000586943721152  0.00000617540483502
  0.00000657722127703  0.00000707094254237  0.00000759785862794  0.00000813768236794
  0.00000871035141255  0.00000941682306244  0.00001000624894842  0.00001062801274932
  0.00001143277695418  0.00001238330937250  0.00001354091404745  0.00001546122919196
  0.00001801349672775  0.00002117302796639  0.00002641796649741  1.00000000000000000
 -0.00306676133597487  0.01137490854853061  0.02436980324352318  0.03708370580769639
  0.04882756383088560  0.06128703829917068  0.07416183570235238  0.08722026998586635
  0.10089228409196192  0.11484306013310588  0.12737199643574587  0.13849391046212495
  0.14954904248545434  0.16118424022773595  0.17396473510190630  0.18743500182768147
  0.20134120826274735  0.21491931661590391  0.22694342883363530  0.23722804123001351
  0.24671537779131544  0.25624363513416437  0.26427644777532283  0.27169966898240089
  0.27923421223984340  0.28639352394041945  0.29489919277035881  0.30416200470725929
  0.31317727308837029  0.32277480713074719  0.33281592152555534  0.34269652484085028
  0.35273814424680705  0.36272985388761692  0.37229382888314316  0.38182770660205612
  0.39163103064213217  0.40248708881788647  0.41409858424755425  0.42543593629981813
  0.43610452334942146  0.44644604235466945  0.45686440069949724  0.46755430452528907
  0.47845378459253973  0.48919816880359807  0.50001459845703133  0.51109131901681093
  0.52187142373808282  0.53253639190132507  0.54354451193008413  0.55442600560658484
  0.56511394878422339  0.57576701085928061  0.58650359608970060  0.59746606818317294
  0.60866316981335500  0.61992827805884365  0.63070153469035883  0.64116986151592426
  0.65192756662776619  0.66300138093316041  0.67399516909514445  0.68480595982711245
  0.69544847429053991  0.70604583985817215  0.71646378503949815  0.72626210776185418
  0.73514204960765961  0.74350688480743254  0.75238819786998790  0.76140372872089968
  0.77095031257284863  0.77993322681108601  0.78859618138182375  0.79861040583967136
  0.80980531972488556  0.81872871628619226  0.82631686183640440  0.83389430175911672
  0.84232131742635208  0.85119598509339045  0.86071287690095699  0.87045794044235725
  0.88010738136377142  0.88997605450019468  0.90006558129603909  0.90923293861004251
  0.92217506778991176  0.93546017195054765  0.94418389929200408  0.95339779622460707
  0.96235678576744454  0.97174783319368840  0.98049578869108522  1.00000000000000000
 -0.00287895473437464  0.01009150623668002  0.02284239313927011  0.03525617374367038
  0.04719265818394325  0.05906019386518283  0.07099365641277089  0.08308513778173780
  0.09513691390218541  0.10705714031123136  0.11887290576476263  0.13038955225701407
  0.14144026422159348  0.15224352588675871  0.16315765392334597  0.17454182109537950
  0.18631112268558719  0.19697655274880668  0.20704724125320681  0.21679334688177146
  0.22584736241203043  0.23469549240068655  0.24383283595652758  0.25426089371889271
  0.26594506065312173  0.27739246147634955  0.28762578055702098  0.29787702064181759
  0.30813460896485556  0.31832389459217225  0.32925551804021802  0.34158779584850651
  0.35450210562559609  0.36717128833394264  0.37853487979375355  0.38913824435339911
  0.39918804434256100  0.40986750957145834  0.41935295071912831  0.42851035335946058
  0.43755305364027369  0.44589887591441346  0.45461753344211786  0.46305711898532426
  0.47139286749183729  0.47987013915929211  0.49002502958460681  0.50063144133777948
  0.51053195051294276  0.52002498348079851  0.52939799043275459  0.53875524963976429
  0.54764257117400950  0.55635997325622066  0.56493557808552597  0.57404735107684524
  0.58366055370299397  0.59292577460845319  0.60221299713499554  0.61200065986892527
  0.62232465189176145  0.63350264485906649  0.64569915409129153  0.65773421259973786
  0.66841397536750380  0.67810327520370961  0.68804371437569023  0.69912659024483481
  0.71133924719920871  0.72383083211923283  0.73590364210965198  0.74771678277458986
  0.75949262628431458  0.77159821744642754  0.78424363126129870  0.79687256930668149
  0.80940695435569421  0.82213218872341809  0.83541798501400455  0.84977645862631090
  0.86000780835329271  0.87058560133867002  0.88066400080168517  0.89054443451817589
  0.90001022661644103  0.90883408986775405  0.91626974688003326  0.92374778970157867
  0.93137132817778301  0.93828830430995058  0.94813884638167345  0.95767706077108228
  0.96735310054200774  0.97761540250478007  0.98841235090595070  1.00000000000000000
 -0.00017005771731313  0.00107924416016834  0.00460651373485812  0.01115150536868383
  0.01908521272924066  0.02772155680699957  0.03633204257189707  0.04448419991477612
  0.05131765060746789  0.05915878071556921  0.06809279141661702  0.07658585839752713
  0.08530041863113283  0.09462887810620105  0.10409124638635427  0.11257965017344770
  0.11964502521992346  0.12698663704933172  0.13645600678054057  0.14737279650768148
  0.15873570415710617  0.16982806075878809  0.18034392625640411  0.19054393042093920
  0.20084423018687694  0.21148800739628260  0.22268970428739207  0.23425029605831560
  0.24593189765862197  0.25737184428401050  0.26837530630063022  0.27903508068996047
  0.28941185448785306  0.29962817438373174  0.30976063036429452  0.31988779405747009
  0.33000531283360679  0.33992920174473790  0.34927950284790760  0.35790681055935408
  0.36657808582021656  0.37579948629450405  0.38500772350271828  0.39405100174811264
  0.40149478996179444  0.40800987217220230  0.41486039367426236  0.42242239430509942
  0.43298044393240220  0.44322670527850583  0.45261230596916169  0.46186537959516805
  0.47143327292960702  0.48103146781986189  0.49071611035715046  0.49973597386344243
  0.51015433853769765  0.52012846149848713  0.53055922860088367  0.54109282827071026
  0.55188146682982020  0.56298165413516355  0.57453897440974211  0.58506246366634496
  0.59550029618929978  0.60606246716496281  0.61518283678901609  0.62545348715776172
  0.63603380731988768  0.64625720219324689  0.65562994239501771  0.66535556313493860
  0.67676303050241593  0.68942292748852763  0.69916457241072816  0.70929094424779515
  0.71985920149437521  0.73031026408595212  0.74105773172260370  0.75218662861865981
  0.76362500405767952  0.77472168443986822  0.78535086671563847  0.79694110851939481
  0.81013846527888922  0.82298610101379788  0.83508336743026090  0.84728085042588086
  0.85981352726173121  0.87379771082151891  0.89025329642031747  0.90870158886716146
  0.92838535614200990  0.94939147572974991  0.97257395022633752  1.00000000000000000
 -0.00003619037025696  0.00454807063016391  0.00833991435495991  0.01214141861279244
  0.01566105102704466  0.01886793420851287  0.02647808789229264  0.03413476840630342
  0.04056209158310238  0.04932652885567972  0.05883787358990168  0.06888967545409735
  0.07929358118422092  0.08965239251320435  0.10009165358786166  0.11026893643067376
  0.12083093881054791  0.13243393925927563  0.14416045249948523  0.15643915034732342
  0.16901029009913285  0.18152991019557393  0.19276058138257202  0.20263936441841510
  0.21349878442234541  0.22434248701425571  0.23605712826682190  0.24686776132886540
  0.25633471770739924  0.26653049040171889  0.27782165824401062  0.29135400829501146
  0.30514896607747516  0.31772234120725523  0.32980651191902172  0.34153751945999233
  0.35377356181291852  0.36564903524261555  0.37624847794494765  0.38624577387012043
  0.39610983388415333  0.40567268731131434  0.41546901546222520  0.42593105171542361
  0.43700442062021544  0.44768045195144585  0.45702074689851885  0.46663987406537166
  0.47661540376464184  0.48507514317605960  0.49499063551890016  0.50592231255845788
  0.51684008017086069  0.52803383080125010  0.53942928713510518  0.55086462279964021
  0.56190995896170048  0.57313404076518626  0.58495170079391035  0.59709020940939317
  0.60887738189023533  0.62036107455408351  0.63211620952768266  0.64422643663336865
  0.65693374082174916  0.67080254759082925  0.68478890206741749  0.69684783644631410
  0.70795019364836931  0.71893132291762074  0.73031590373658828  0.74112280460626589
  0.75210903315696798  0.76343998040202454  0.77437674831030945  0.78527371640643573
  0.79659983212900687  0.80882580447669372  0.82137101421844183  0.83382430702675436
  0.84608767471223845  0.85819900868948096  0.87018419421438897  0.88194488229885548
  0.89325472808863016  0.90467046866733003  0.91561895459161946  0.92584609968285059
  0.93598033274195913  0.94557248992630050  0.95497356949060885  0.96476398194565183
  0.97394270137558225  0.98192408433598488  0.99020012341963226  1.00000000000000000
 -0.00263147180938326  0.00954173761233925  0.01965295387607410  0.02904978208826924
  0.03811286964659547  0.04736782041170308  0.05616021263219509  0.06472409429355315
  0.07289182307494108  0.08228578065424030  0.09356567065796187  0.10524982979148037
  0.11584316377373333  0.12596153458058112  0.13595887456212966  0.14544786045763528
  0.15468280258876579  0.16365310905772681  0.17279849668929845  0.18191145506762882
  0.19096814589343583  0.20035752670044965  0.21006719098988855  0.21993193807902300
  0.23014500470430793  0.24105020230893237  0.25213733086925838  0.26262922569642622
  0.27331885097960351  0.28577147172111489  0.29884340731604714  0.31155377050812083
  0.32460892363615929  0.33802763870354402  0.35158718945040790  0.36464781086047232
  0.37648196055268185  0.38712130965729885  0.39796013861464369  0.40829813499079720
  0.41822437524370604  0.42795828536361841  0.43761230074325358  0.44835060773828661
  0.45960999055132012  0.47074509032909678  0.48320761626436221  0.49710016763531251
  0.51092537255609305  0.52410455719815974  0.53674332327537677  0.54859881855962422
  0.55978906170290221  0.57095408881019027  0.58279999810933047  0.59486362978679508
  0.60797346291474064  0.62206643570542319  0.63663942696182485  0.65080992741966304
  0.66418064987943537  0.67646298505722458  0.68791662006069054  0.69929762460363420
  0.71095447918477273  0.72376315518778933  0.73667093831564301  0.74883614252602859
  0.76135095719025914  0.77447122151662739  0.78655000469204983  0.79650904548207768
  0.80580779362878918  0.81588618501491084  0.82430900389787853  0.83132009795448503
  0.83849711141135763  0.84535395270471581  0.85299272066449416  0.86234431596022076
  0.87208623439186495  0.88251300736633231  0.89370636641622336  0.90380189724366489
  0.91178669905059651  0.92009977662114106  0.92802283983796285  0.93498587992678883
  0.94222276837071572  0.95045233955002562  0.95812505085454747  0.96483667425052799
  0.97313795646761503  0.98219604778993486  0.99120672946048560  1.00000000000000000
  0.69986079560886083  0.71602947080248025  0.72402048263207830  0.73105353604031631
  0.73882895928417558  0.74651899603448757  0.75310524788118482  0.75913009791132691
  0.76527935359074695  0.77201853955322974  0.77848383392110887  0.78476384304733759
  0.79088745437906827  0.79663272236701044  0.80185637007230726  0.80684457428347311
  0.81149685248392922  0.81592655514278989  0.82018536439021383  0.82437445579039970
  0.82853024976947054  0.83255388843769751  0.83644140678193524  0.84019456228834910
  0.84383865534486124  0.84741976798726570  0.85099279390022731  0.85452380169177811
  0.85802978619505288  0.86140751709514862  0.86458758264672175  0.86755458862276824
  0.87074000754976777  0.87424709702558678  0.87758652265191917  0.88078430230585114
  0.88404056985191726  0.88719850066020844  0.89019828978650484  0.89300455458726780
  0.89579337252809110  0.89839217087310208  0.90093835411725132  0.90343987717573127
  0.90609596251770896  0.90874930012131072  0.91131388083143361  0.91378676997368224
  0.91619203126446136  0.91838837234521842  0.92047459600020853  0.92260243907405315
  0.92472537552842249  0.92685688956865941  0.92897492575635865  0.93101213643560310
  0.93304676378292173  0.93503111102332082  0.93662157528594492  0.93767593749630862
  0.93876291232823750  0.93988254138760607  0.94145888369352471  0.94343822434087432
  0.94527916906647558  0.94705926086435643  0.94884682214866367  0.95059539339611121
  0.95222352127995924  0.95385475813153742  0.95536691974290211  0.95687001849164799
  0.95835352955677255  0.95986049129615525  0.96140804373089750  0.96289398935991688
  0.96440289643942212  0.96569986575061439  0.96695084350360072  0.96819911085404542
  0.96950036737217105  0.97089186218012291  0.97230310156519340  0.97363235521549196
  0.97481193996798488  0.97591833835367581  0.97704082724450447  0.97818430554517843
  0.97943946363339762  0.98088035884190306  0.98234076618328026  0.98384855770207391
  0.98546103631941484  0.98713679340905358  0.99285040414270420  1.00000000000000000
  0.26359782268502668  0.28037043348027935  0.28699506170700334  0.29410237799618388
  0.30105858921735379  0.30832225535295033  0.31661230441119798  0.32466767217327996
  0.33261174982235403  0.34029413046235812  0.34768380273897509  0.35448514283057314
  0.36103252587646484  0.36747769200713687  0.37340921439973729  0.37858460830402874
  0.38421310019570493  0.39068405211675589  0.39707938357379080  0.40300110902636033
  0.40761095741793590  0.41193287303515064  0.41599496956781440  0.42110300679949458
  0.42645215780613016  0.43156187550078651  0.43670197113832587  0.44170700201921498
  0.44694138946928902  0.45207335555304656  0.45732331060742676  0.46302388882469458
  0.46909092706800648  0.47516058362840469  0.48128117914221369  0.48745560877996941
  0.49365739586124058  0.49983650268042568  0.50605563669675035  0.51218128776463978
  0.51812875861803454  0.52358948584603615  0.52863028520454658  0.53374704655148586
  0.53886480165799189  0.54388365504276526  0.54907588537289020  0.55426443663813130
  0.55953498396618162  0.56463953213515083  0.56957925123929554  0.57439019156697713
  0.57938515638897203  0.58435166698459529  0.58879258414264346  0.59310466035317289
  0.59737210161245657  0.60140475644215818  0.60557409455542699  0.60956502008742985
  0.61352520302128566  0.61762700460733622  0.62164393138589447  0.62555422910017267
  0.62955405963084787  0.63378509558721363  0.63774504664402809  0.64160947293479431
  0.64564083815338713  0.65008127014482864  0.65488656142841306  0.65939348926936669
  0.66424554856161833  0.66873438761425985  0.67311634815009302  0.67728960584469611
  0.68115374821718921  0.68438593524282298  0.68751242680990376  0.69057864107243672
  0.69368380530713691  0.69735348326384305  0.70140453950691883  0.70483488452765475
  0.70682683893461240  0.70887976978874634  0.71108651630496589  0.71198233080199835
  0.71377388602349234  0.71614317634286473  0.71713730998209901  0.71806169288701038
  0.72312371053994629  0.72992646630025304  0.73672922206055980  1.00000000000000000
   3.3915583470595700E-012  -1.0000000000000000     
  <DiscreteSampler_grid>
  Helicity
  1 # 1 for a reference and 2 for a running grid.
  40 # Attribute 'min_bin_probing_points' of the grid.
  1 # Attribute 'grid_mode' of the grid. 1=='default',2=='initialization'
  0.0000000000000000 # Attribute 'small_contrib_threshold' of the grid.
  0.5000000000000000 # Attribute 'damping_power' of the grid.
 # binID   n_entries weight   weight_sqr   abs_weight
    1   1   3.689058106467628E-014   1.360914971289452E-027   3.689058106467628E-014
    2   10   1.596570219591718E-012   1.352868263617423E-023   1.596570219591718E-012
    3   1693   2.415079765780979E-010   5.223772831011336E-018   2.415079765780979E-010
    4   215   3.097597390107052E-011   1.424385100623618E-020   3.097597390107052E-011
    5   1   1.446677579992818E-013   2.092876020453876E-026   1.446677579992818E-013
    6   2   2.430960357660828E-013   1.162739822941507E-025   2.430960357660828E-013
    7   23   2.591655162066235E-012   7.778337285627197E-023   2.591655162066235E-012
    9   1502   2.006262906512491E-010   4.254486633143940E-018   2.006262906512491E-010
    12   26   3.095053967358897E-012   1.179999119895302E-022   3.095053967358897E-012
    13   6   1.671133741359778E-013   1.481305116002443E-025   1.671133741359778E-013
    14   11681   1.638334684468969E-009   3.016566371709822E-016   1.638334684468969E-009
    15   1   5.527540015533636E-014   3.055369862332559E-027   5.527540015533636E-014
    16   1748   2.391423484829855E-010   6.648552369717189E-018   2.391423484829855E-010
    18   4918   6.819221816652623E-010   8.897138736913648E-017   6.819221816652623E-010
    19   222   2.790833548744075E-011   1.838144984814561E-020   2.790833548744075E-011
    22   1196   1.716750572719561E-010   2.436573505031927E-018   1.716750572719561E-010
    23   8   4.802473229864278E-013   9.688538891216010E-025   4.802473229864278E-013
    24   176   2.217059089344985E-011   7.066570660497176E-021   2.217059089344985E-011
    25   59   7.055634577130752E-012   5.016561489307254E-022   7.055634577130752E-012
    26   98   1.193960897973839E-011   1.048885460102503E-021   1.193960897973839E-011
    27   452   5.963168290247706E-011   1.000578717614183E-019   5.963168290247706E-011
    29   664   8.995027401607644E-011   1.800429015641752E-019   8.995027401607644E-011
    30   4696   6.477861891635977E-010   6.235898565016643E-017   6.477861891635977E-010
    31   3   6.310130874917128E-013   1.160781677203303E-024   6.310130874917128E-013
    32   8   1.631111836099433E-012   5.708217141068567E-024   1.631111836099433E-012
    33   34   4.586184863849747E-012   2.117636045264273E-022   4.586184863849747E-012
    34   595   8.424187451707271E-011   1.172339198879496E-019   8.424187451707271E-011
    35   1940   2.703337845072308E-010   5.086937637347560E-018   2.703337845072308E-010
    36   701   8.578672980743323E-011   1.403951341291930E-019   8.578672980743323E-011
    37   224   2.766830605848521E-011   1.298046327243158E-020   2.766830605848521E-011
    38   24   2.217300569242932E-012   6.125908068552560E-023   2.217300569242932E-012
    39   842   1.133800630367911E-010   3.738732051491553E-019   1.133800630367911E-010
    41   47602   6.606224083939120E-009   1.117144441078944E-014   6.606224083939120E-009
    42   18   1.577401651714178E-012   1.275358445226712E-023   1.577401651714178E-012
    43   726   1.006588008985096E-010   2.027685960028304E-019   1.006588008985096E-010
    44   231   2.452490482427379E-011   1.393874031333501E-020   2.452490482427379E-011
    47   1452   2.038718154712923E-010   1.786034750495633E-018   2.038718154712923E-010
    48   13   2.572378522192689E-012   3.570135277644851E-023   2.572378522192689E-012
    49   86   1.173728665077381E-011   1.738642360590545E-021   1.173728665077381E-011
    50   1966   2.849564254154790E-010   2.150593100904503E-018   2.849564254154790E-010
    51   268   3.547930402148562E-011   5.744173955552742E-020   3.547930402148562E-011
    52   104   1.093142608396442E-011   1.125552986180629E-021   1.093142608396442E-011
    53   27788   3.929574778751684E-009   4.293807555218846E-015   3.929574778751684E-009
    54   13   2.604225627183980E-012   3.437792195098136E-023   2.604225627183980E-012
    55   7   8.699206547964173E-013   1.558215527274870E-024   8.699206547964173E-013
    58   4121   5.594330604581647E-010   3.111121524788949E-017   5.594330604581647E-010
    61   15368   2.124179698521669E-009   6.253128356190817E-016   2.124179698521669E-009
    62   10673   1.462941271592540E-009   2.773347526631634E-016   1.462941271592540E-009
    63   315   4.426431722310513E-011   4.976767558313920E-020   4.426431722310513E-011
    64   44   8.137228411003665E-012   8.734374700649581E-022   8.137228411003665E-012
  </DiscreteSampler_grid>
  <DiscreteSampler_grid>
  grouped_processes
  1 # 1 for a reference and 2 for a running grid.
  10 # Attribute 'min_bin_probing_points' of the grid.
  1 # Attribute 'grid_mode' of the grid. 1=='default',2=='initialization'
  0.0000000000000000 # Attribute 'small_contrib_threshold' of the grid.
  0.5000000000000000 # Attribute 'damping_power' of the grid.
 # binID   n_entries weight   weight_sqr   abs_weight
    13   10   6.994421129249920E-003   2.850040487760684E-004   6.994421129249920E-003
    14   10   6.994421129249922E-003   2.850040487760685E-004   6.994421129249922E-003
    16   10   3.253795962940763E-003   8.800203799387296E-005   3.253795962940763E-003
    17   10   3.253795962940764E-003   8.800203799387304E-005   3.253795962940764E-003
    22   10   2.689209825546577E-002   5.602160319997359E-003   2.689209825546577E-002
    23   10   2.689209825546576E-002   5.602160319997363E-003   2.689209825546576E-002
    25   10   3.041542185574365E-004   4.814796769019903E-007   3.041542185574365E-004
    26   10   3.041542185574364E-004   4.814796769019901E-007   3.041542185574364E-004
    31   10   6.994421129249919E-003   2.850040487760684E-004   6.994421129249919E-003
    32   10   6.994421129249921E-003   2.850040487760685E-004   6.994421129249921E-003
    34   10   3.253795962940765E-003   8.800203799387305E-005   3.253795962940765E-003
    35   10   3.253795962940764E-003   8.800203799387304E-005   3.253795962940764E-003
    40   10   2.689209825546576E-002   5.602160319997359E-003   2.689209825546576E-002
    41   10   2.689209825546576E-002   5.602160319997363E-003   2.689209825546576E-002
    43   10   3.041542185574365E-004   4.814796769019904E-007   3.041542185574365E-004
    44   10   3.041542185574364E-004   4.814796769019899E-007   3.041542185574364E-004
  </DiscreteSampler_grid>
