  0.00000020420728279  0.00000021507349366  0.00000022146463887  0.00000022679685738
  0.00000023191876162  0.00000023702123810  0.00000024220787480  0.00000024748662928
  0.00000025267088625  0.00000025814214313  0.00000026391370054  0.00000026989723395
  0.00000027589430548  0.00000028184105656  0.00000028767446023  0.00000029347410668
  0.00000029950141050  0.00000030594818366  0.00000031275761739  0.00000031977315367
  0.00000032684780801  0.00000033397768879  0.00000034126646198  0.00000034865990943
  0.00000035647436027  0.00000036464327968  0.00000037290919817  0.00000038086474384
  0.00000038863975254  0.00000039664811703  0.00000040484800519  0.00000041306673038
  0.00000042130141986  0.00000042997009153  0.00000043964110623  0.00000044996184915
  0.00000046024687485  0.00000047045851818  0.00000048077719237  0.00000049139454444
  0.00000050280988375  0.00000051517155463  0.00000052805494417  0.00000054155182107
  0.00000055540580104  0.00000056952194885  0.00000058394654185  0.00000059876026623
  0.00000061445318480  0.00000063148360155  0.00000065010938521  0.00000067084634821
  0.00000069350526679  0.00000071718662907  0.00000074136209179  0.00000076699638037
  0.00000079245937494  0.00000081630050954  0.00000083998280495  0.00000086444763928
  0.00000089222111830  0.00000092254205570  0.00000095052174295  0.00000097490100392
  0.00000100015263014  0.00000102812556943  0.00000106709507785  0.00000110947182929
  0.00000115354584935  0.00000120261831077  0.00000125661610351  0.00000131442699623
  0.00000137690264234  0.00000144966500048  0.00000153467117030  0.00000162412536046
  0.00000172588643160  0.00000185110068582  0.00000199222853991  0.00000215039966856
  0.00000234418322427  0.00000257273439034  0.00000285576115317  0.00000319215085800
  0.00000361625610583  0.00000417582876641  0.00000493239858694  0.00000600088745919
  0.00000750870633674  0.00000972431051227  0.00001363069066235  0.00001916670270192
  0.00002760065993952  0.00004899969632473  0.00010610339440202  1.00000000000000000
  0.00000016458813045  0.00000017315709891  0.00000017859705044  0.00000018402090827
  0.00000018970167869  0.00000019508914475  0.00000020003634332  0.00000020493096892
  0.00000020970024504  0.00000021401171771  0.00000021843489070  0.00000022306431716
  0.00000022807130156  0.00000023355189199  0.00000023896942293  0.00000024415661833
  0.00000025024855195  0.00000025659124781  0.00000026332271388  0.00000027036022619
  0.00000027640663589  0.00000028115133580  0.00000028576065225  0.00000029057176108
  0.00000029543105215  0.00000030035941020  0.00000030548622652  0.00000031141462659
  0.00000031776198853  0.00000032414819171  0.00000033106653297  0.00000033870426194
  0.00000034647420003  0.00000035436853040  0.00000036281463330  0.00000037195409735
  0.00000038148601302  0.00000039102325805  0.00000040083620048  0.00000041100675200
  0.00000042114351616  0.00000043201016723  0.00000044325667428  0.00000045544683513
  0.00000046889396024  0.00000048249041665  0.00000049617594096  0.00000050996896875
  0.00000052468948173  0.00000054059370098  0.00000055748809741  0.00000057516948109
  0.00000059344868514  0.00000061233324759  0.00000063239248157  0.00000065442934014
  0.00000067858117626  0.00000070450816878  0.00000073131331009  0.00000075929975506
  0.00000078961399857  0.00000082190923538  0.00000085630486243  0.00000089291444586
  0.00000093138016082  0.00000097260856650  0.00000101806232681  0.00000106935767463
  0.00000112369376380  0.00000117992108736  0.00000123871698542  0.00000130425286322
  0.00000137834732607  0.00000146404511930  0.00000155724032253  0.00000165752979213
  0.00000177612721072  0.00000191985611832  0.00000208735540908  0.00000228311136367
  0.00000251145109709  0.00000277775196572  0.00000311247626754  0.00000350515321477
  0.00000398278319999  0.00000464837844465  0.00000561924606151  0.00000704206758887
  0.00000905314570848  0.00001162564543604  0.00001500510308073  0.00001846146801373
  0.00003358439620591  0.00007064129552103  0.00011380590482374  1.00000000000000000
  0.00000024960833085  0.00000033433487180  0.00000038843461230  0.00000044068384940
  0.00000048913321848  0.00000053337814945  0.00000057527163537  0.00000061312525938
  0.00000064722366991  0.00000067999566383  0.00000071174114612  0.00000074377463520
  0.00000077549169251  0.00000080651858802  0.00000083830543487  0.00000086962594417
  0.00000089939756796  0.00000092878556316  0.00000095820324053  0.00000098762888078
  0.00000101694138009  0.00000104677982536  0.00000107663112126  0.00000110519534445
  0.00000113293555013  0.00000116115214060  0.00000119046642725  0.00000122013828807
  0.00000124977588012  0.00000127948628402  0.00000130952017943  0.00000134021072830
  0.00000137128916987  0.00000140224620164  0.00000143290110842  0.00000146371624072
  0.00000149605298929  0.00000153009826594  0.00000156470154287  0.00000159737989889
  0.00000163150609768  0.00000166941162320  0.00000171030464317  0.00000175369587499
  0.00000179827515557  0.00000184315322332  0.00000188792123461  0.00000193398320207
  0.00000198271851390  0.00000203301465201  0.00000207373011816  0.00000211552500831
  0.00000215811784239  0.00000220208696270  0.00000224694583201  0.00000229234397834
  0.00000234504782214  0.00000240455067633  0.00000246859369626  0.00000253681233035
  0.00000260549851535  0.00000266963245972  0.00000273543924443  0.00000280128041178
  0.00000286904002274  0.00000294151140307  0.00000301993274370  0.00000310617130474
  0.00000319818760693  0.00000329616135441  0.00000339924557815  0.00000350894226803
  0.00000362255570759  0.00000373751616191  0.00000385923347938  0.00000398996953906
  0.00000412744615602  0.00000427037304089  0.00000441779774133  0.00000457755491485
  0.00000475780321083  0.00000497215018425  0.00000522617893467  0.00000552190643515
  0.00000585687133904  0.00000621514981436  0.00000660165005387  0.00000709325197496
  0.00000771099877187  0.00000857981208834  0.00001002116419071  0.00001216313918117
  0.00001560523139025  0.00002136548000180  0.00003695737127472  1.00000000000000000
  0.00005360044302335  0.01649008665695240  0.02580712002603072  0.02940243126182284
  0.03777253889947019  0.04971073122334209  0.06170360016219809  0.07299670391270469
  0.09065517080513115  0.10788927439789769  0.12455271678744695  0.14382025485811795
  0.16490861383211575  0.18479489905480731  0.20383818078102625  0.22224032395557738
  0.23905604184013937  0.25471971499092011  0.26951933356233704  0.28391973399330828
  0.29802667211503564  0.31167931297516338  0.32503976703208320  0.33741672792281013
  0.34910092546994048  0.36017572593897967  0.37144266763488831  0.38244225216267119
  0.39332392884872830  0.40408647651100638  0.41453656921622883  0.42428445649996904
  0.43398770041932955  0.44374582195797219  0.45354962780596003  0.46350260014030142
  0.47351084662620557  0.48339881828202769  0.49255520262982311  0.50062570436816645
  0.50803787778878451  0.51512886223817156  0.52231334392546069  0.53172228160149382
  0.54117867901509487  0.55088753979141503  0.56067100735050568  0.57020608456519839
  0.57948012803927196  0.58849111115975061  0.59748480042467300  0.60660159476274012
  0.61565816808092544  0.62451985025849632  0.63325770584111318  0.64208304835125196
  0.65111469019344970  0.66017326467475601  0.66911282508495595  0.67791023412097351
  0.68679554626113870  0.69587298789563734  0.70503220169734848  0.71371277317382154
  0.72190194433319410  0.72982771965604842  0.73772084397067650  0.74601484482534719
  0.75442026179550681  0.76304390722661786  0.77133601470555868  0.77937916828102893
  0.78739777043147996  0.79561464032496765  0.80474431375821298  0.81404798498977993
  0.82398978047830040  0.83302086291157151  0.84155922430962737  0.85045346332443161
  0.85916875062954579  0.86770887779046335  0.87623852007951808  0.88507788735056125
  0.89337007254580370  0.90177960443207417  0.91146006196444984  0.92136663880012715
  0.93060998763819569  0.93973341190679294  0.94988437869552411  0.96040715361172757
  0.97064060504601402  0.98044826495055859  0.99018753714685959  1.00000000000000000
 -0.00035184043811894  0.00295655173678454  0.01005698012623208  0.01920104226638337
  0.03013295552584836  0.04194015424592843  0.05304807961434971  0.06372064564933261
  0.07443473288732221  0.08546162298435461  0.09705801630955889  0.10918883609730996
  0.12127129558426672  0.13269191708466102  0.14351654654126247  0.15414248852654425
  0.16540333457259643  0.17702076131425254  0.18859039212231976  0.19990149095398940
  0.21119134517602575  0.22266780160189958  0.23358978243465645  0.24444824079144728
  0.25557012965866804  0.26719409680812028  0.27839815519245104  0.28919838648286161
  0.30004242343397658  0.31090591073176782  0.32191800681561278  0.33247306314101144
  0.34238818209943878  0.35204303291590389  0.36211268762891707  0.37279127541839996
  0.38380274326495700  0.39475121329443813  0.40518735339509809  0.41508308545330347
  0.42475821016579091  0.43440481928260100  0.44398067570076361  0.45365966870313079
  0.46373547292827744  0.47394865965027211  0.48380132506918688  0.49327519876528780
  0.50277466579176422  0.51295534611820182  0.52379760562099331  0.53457888995694069
  0.54494106359564010  0.55492113703919133  0.56495599063705726  0.57523447746112355
  0.58535498611962400  0.59541569468963162  0.60576508898631554  0.61628435066350329
  0.62685414831544062  0.63762231247553114  0.64847913813180313  0.65961551960513465
  0.67071730902648152  0.68167421146880613  0.69253093727264792  0.70383343775644502
  0.71453705206430440  0.72483910693515563  0.73462009796176575  0.74394359755729977
  0.75356238219586114  0.76447199042598557  0.77646333541006884  0.78890606295552268
  0.80168372112659747  0.81357901241427377  0.82388257802618892  0.83424806677361452
  0.84436951074994560  0.85453083853412970  0.86422784219825988  0.87406858850956770
  0.88540620491741351  0.89603910803929232  0.90384384309244115  0.91202141069307541
  0.92023613601651633  0.92870963531203077  0.93770005326234773  0.94902964283527846
  0.96166622226140275  0.97466266670208457  0.98762078290080046  1.00000000000000000
 -0.00033923311165905  0.00279308551526357  0.00556998917693051  0.00832068643917551
  0.01107384590005166  0.01315573388140385  0.01401643860170312  0.01488372609310098
  0.01766477390912238  0.02225288475328373  0.02545829951753042  0.02801208781711582
  0.03333861912433314  0.03971427023863326  0.04687630983540935  0.05447386118904542
  0.06491396248148054  0.07795811624194296  0.09094609621332121  0.10390168148737372
  0.11650551003354288  0.12846024728116917  0.13968973621920547  0.15010307777969151
  0.15961985491709652  0.16902788050295831  0.17899382273582681  0.18926760669658504
  0.19944132567418865  0.20913279797888035  0.21824749245088221  0.22703612627858250
  0.23598988966649387  0.24532543240595800  0.25470870572345794  0.26388413636310093
  0.27318275397080649  0.28330199694679947  0.29300541475567032  0.30228582229840101
  0.31111320620933880  0.31940111272609611  0.32731642963747565  0.33544427793881137
  0.34431724952073189  0.35384684571499025  0.36345142254414770  0.37288527771209429
  0.38156165436147710  0.38998104445021170  0.39833186919835628  0.40718026500973631
  0.41628091081274793  0.42560992350456756  0.43525468849743026  0.44503186675264200
  0.45491104870394111  0.46511164194549098  0.47566413807184738  0.48646126478810747
  0.49717671522052032  0.50784441728231888  0.51868363683840435  0.52958066165018569
  0.54063957992334866  0.55178537762130409  0.56281254213945542  0.57377164094657218
  0.58473489947472113  0.59533554952907430  0.60581637069388672  0.61675836217910196
  0.62714406756139818  0.63556349533073320  0.64404438105026318  0.65321768913145573
  0.66519127027828184  0.67906698404260668  0.69218650046831687  0.70447380813853744
  0.71782462061848040  0.73131465094755677  0.74399457105206890  0.75876760019785405
  0.77865733059767317  0.79822645133972892  0.81730948631799794  0.83654325257221707
  0.85702479237073959  0.88082395399908719  0.90659070850650991  0.92977480650220623
  0.94952920912891636  0.96673622371367052  0.98291982350455009  1.00000000000000000
 -0.00259611139569638  0.00954534394837677  0.02005062431412879  0.03072320642735240
  0.04205690152256820  0.05305704824894646  0.06336678405891602  0.07274548452725120
  0.08261684616476594  0.09344597268663923  0.10474442020759994  0.11599052658926222
  0.12690822736742396  0.13752535424498838  0.14791224745124074  0.15815135711265763
  0.16825264361497416  0.17839008880185653  0.18846194379400574  0.19889582907034351
  0.20933409089746827  0.21983495227327593  0.23063031593788516  0.24134123168774069
  0.25223123920495033  0.26281696048434061  0.27388144430082623  0.28446557832724823
  0.29491490060762060  0.30503893537415605  0.31564813722486779  0.32634737983949419
  0.33753315403751760  0.34910935711119945  0.36052632426349063  0.37189938229582398
  0.38347372210701625  0.39511357145016002  0.40648152871296933  0.41728694681688200
  0.42761810518775395  0.43782672540844914  0.44848276151247807  0.45919540126571040
  0.46962641614229356  0.48007857532358333  0.49089262272832512  0.50176572450773038
  0.51245241192395741  0.52326605803943649  0.53397888026972595  0.54414637877361460
  0.55374544725976382  0.56347080297506302  0.57339597121584729  0.58397642976060560
  0.59493913827937461  0.60592551915181503  0.61686588347296945  0.62778454923705640
  0.63876184266513181  0.64977860000512455  0.66099767197671822  0.67215569518746920
  0.68307631083448916  0.69410469220692983  0.70555851423774829  0.71692612936150013
  0.72818922345578041  0.73933089873280922  0.75065950602641685  0.76111310127935927
  0.77065408606678432  0.78018673630467161  0.79056983745517662  0.80212381480582828
  0.81379397418050181  0.82550135344325104  0.83698454242550013  0.84690274529489185
  0.85561343776243248  0.86472896510340724  0.87326676548160687  0.88122289085566363
  0.89076097717647384  0.90169831016384128  0.91322887504283345  0.92517676884002986
  0.93630434438692778  0.94599715196918499  0.95543754478190512  0.96504563051179759
  0.97453305762556686  0.98368812465133981  0.99170816045480847  1.00000000000000000
 -0.00215931685321428  0.00906823794025606  0.01892587127462308  0.02827588451656516
  0.03787483367839722  0.04790690387351910  0.05742240347820172  0.06683980084941372
  0.07646580272215485  0.08683409508038914  0.09848902579730336  0.10992769686768072
  0.12054325843206805  0.13099328414315958  0.14150609080164017  0.15221814425581170
  0.16345756092462776  0.17483053229577150  0.18443483829707247  0.19346060131854895
  0.20246289506805271  0.21114698162268589  0.22012877339795114  0.23046424437947674
  0.24226270586308141  0.25455312954973958  0.26701160105785188  0.27998213554360590
  0.29287696054732942  0.30432342107122601  0.31524536420135524  0.32634306525788898
  0.33730175380688904  0.34856902097414055  0.35907098075381816  0.36944459376691680
  0.37945918529741335  0.39008262666146210  0.40095453610654180  0.41179342268858304
  0.42232600053774200  0.43286776805303750  0.44260642449712911  0.45224397620911400
  0.46182576842193584  0.47162903228793895  0.48155990728664455  0.49158292489808542
  0.50165111028444098  0.51159610780323250  0.52103936457897837  0.53048411658794847
  0.53968452430724101  0.54989219203156259  0.56037176238343933  0.57058999213412076
  0.58097269787568495  0.59147747436657583  0.60216709777144828  0.61275495372170319
  0.62306274047665267  0.63373893720033991  0.64464316631756313  0.65634485280184118
  0.66800645163611172  0.67950363672230352  0.69109296068928039  0.70319475537788056
  0.71560219650112633  0.72805472795285386  0.74037533160333713  0.75244873887205221
  0.76336933269875940  0.77380757530265543  0.78389585420155961  0.79383090477593010
  0.80361913941917074  0.81317362976681606  0.82302930792322726  0.83327250133448139
  0.84391048114802147  0.85468032144287998  0.86523950367066116  0.87543645639999901
  0.88609984386208707  0.89678341841402842  0.90744140827754138  0.91778459741215845
  0.92814315809370040  0.93807111383073716  0.94806212314492644  0.95895411846682421
  0.96937098743745442  0.97957090461394924  0.98955551484880000  1.00000000000000000
  0.72764187639219491  0.72920409159217225  0.73096772047632752  0.73369480267893505
  0.73649651133197125  0.73930947788727919  0.74219580428659537  0.74485579774559796
  0.74625267028891773  0.74839419034505772  0.75089098288912526  0.75380350507704141
  0.75660105189542981  0.75944121613906135  0.76243575419788090  0.76537870580599909
  0.76825910818487397  0.77112548352940102  0.77397119082176613  0.77682174296851292
  0.77966901690747781  0.78244716785920287  0.78516029205857418  0.78776784567197755
  0.79021431426791167  0.79271096092638549  0.79533485652190394  0.79791690769584145
  0.80040193087075540  0.80287942674983093  0.80538210027633861  0.80787906491576345
  0.81036208618549255  0.81278736256453088  0.81510425840847389  0.81737260135425438
  0.81962906939435021  0.82179715071095460  0.82388842561965481  0.82590131169290992
  0.82789670855099395  0.82998961358844292  0.83199852569003208  0.83398324968111626
  0.83598516164006598  0.83805489515367082  0.84019828996560086  0.84240947051974857
  0.84464535481446523  0.84688762680736784  0.84908778323218537  0.85115885601127117
  0.85312545321114375  0.85499532893160102  0.85683750202990738  0.85876256245514804
  0.86078296979283009  0.86285191755895074  0.86493908476725623  0.86704661056003418
  0.86916655160140688  0.87127446336344616  0.87336175157481910  0.87545406849612917
  0.87756851547425263  0.87972805909738672  0.88196115684198118  0.88424626244805171
  0.88660757067625828  0.88899137871782719  0.89135105388397950  0.89369207597528011
  0.89603605803229447  0.89839666032872423  0.90089398003597176  0.90356332972164854
  0.90634400274508320  0.90920025374917746  0.91205851135331217  0.91498320634376074
  0.91816326761347111  0.92175653847846395  0.92578758870491540  0.93019219695514022
  0.93497915282624044  0.93977696868533489  0.94420940278401899  0.94873571226709019
  0.95275418350308139  0.95608260541168999  0.95999158605631207  0.96446141304175403
  0.96990361117235691  0.97711078402605112  0.98765108733407481  1.00000000000000000
  0.28202877787329156  0.28557220323796839  0.28868911323007779  0.29182240046456603
  0.29470292235166773  0.29636184029126444  0.29802251900407878  0.30102474200958307
  0.30602859792504500  0.31147272329700171  0.31719173581018806  0.32290484076236420
  0.32837970356900809  0.33373720395445705  0.33917756733748233  0.34471622923078726
  0.35026797077769273  0.35578122526486838  0.36115833488560317  0.36637868361509263
  0.37136951896351694  0.37606844073531626  0.38081907865060749  0.38567942330961175
  0.39100323032161816  0.39638737921990652  0.40161978285752514  0.40661824127277085
  0.41150128594670898  0.41632087717465122  0.42099296953115012  0.42556634206202448
  0.43024320949254885  0.43510691346438674  0.43997574599582195  0.44469609971085600
  0.44940399066399694  0.45400420884160114  0.45853230086021179  0.46302482154698366
  0.46774273068045591  0.47203671165300654  0.47538431581174562  0.47882469301075187
  0.48207736995985717  0.48533716150120570  0.48952869898089463  0.49386952543158147
  0.49815592200678604  0.50259610984154524  0.50690006943374888  0.51110216439113998
  0.51556480190215814  0.51961270043266017  0.52361413413102431  0.52783161818533508
  0.53221705337563463  0.53648905970717220  0.54078000831779893  0.54544804794646495
  0.55023220622546987  0.55492952739974388  0.55946244775896048  0.56405939836212304
  0.56880411116176266  0.57360486060510607  0.57833595517902392  0.58297998898151171
  0.58772978934892550  0.59260984422908769  0.59761751097481375  0.60272939041780016
  0.60766584641565924  0.61244445307248319  0.61732522358157293  0.62208172939252948
  0.62671266338558596  0.63139928545338764  0.63610451262678147  0.64098094384040072
  0.64602463893137552  0.65112742209207553  0.65642645267414301  0.66196507096170265
  0.66767886905807483  0.67369667100974984  0.67973388246048239  0.68600301902177074
  0.69222623714936948  0.69929734866281223  0.70564955384429573  0.70848570829103363
  0.71329798093572161  0.72070332831385464  0.72842219797103558  1.00000000000000000
   3.8347294437889628E-012  -1.0000000000000000     
  <DiscreteSampler_grid>
  Helicity
  1 # 1 for a reference and 2 for a running grid.
  20 # Attribute 'min_bin_probing_points' of the grid.
  1 # Attribute 'grid_mode' of the grid. 1=='default',2=='initialization'
  0.0000000000000000 # Attribute 'small_contrib_threshold' of the grid.
  0.5000000000000000 # Attribute 'damping_power' of the grid.
 # binID   n_entries weight   weight_sqr   abs_weight
    1   475   1.308521526157683E-010   6.497658503500173E-019   1.308521526157683E-010
    2   901   2.387499357562300E-010   2.058958906747521E-018   2.387499357562300E-010
    3   376   1.028112736652829E-010   4.358754093928567E-019   1.028112736652829E-010
    4   91   2.508772888265446E-011   3.317373053377173E-021   2.508772888265446E-011
    5   99   2.629320598354970E-011   1.216282395681888E-020   2.629320598354970E-011
    6   678   1.874935530578204E-010   7.851415539584864E-019   1.874935530578204E-010
    7   897   2.642500819822324E-010   1.560035825174292E-018   2.642500819822324E-010
    8   2084   6.094506230780235E-010   2.116535984149654E-017   6.094506230780235E-010
    9   3275   9.183863574988582E-010   6.700264452994306E-017   9.183863574988582E-010
    10   875   2.694978187935817E-010   2.949986669793936E-018   2.694978187935817E-010
    11   693   1.995780349781782E-010   1.473536729571470E-018   1.995780349781782E-010
    12   1577   4.559765622947565E-010   1.092238799927007E-017   4.559765622947565E-010
    14   1790   4.995805209824902E-010   2.332776261262595E-017   4.995805209824902E-010
    15   480   1.354031258853670E-010   5.304877634701680E-019   1.354031258853670E-010
    16   6280   1.754156230089914E-009   1.273788467806380E-016   1.754156230089914E-009
    17   388   1.116990277314988E-010   2.022662169681723E-019   1.116990277314988E-010
    18   2   1.003958740699977E-013   1.059827883036769E-026   1.003958740699977E-013
    19   1058   2.729933927406298E-010   1.531100918850943E-018   2.729933927406298E-010
    20   590   1.461404634041955E-010   3.810159448206218E-019   1.461404634041955E-010
    21   1329   3.732724213133259E-010   8.562512589986496E-018   3.732724213133259E-010
    22   1056   3.083922729027920E-010   2.133623614652091E-018   3.083922729027920E-010
    23   3185   9.536824412451491E-010   3.560201296430062E-017   9.536824412451491E-010
    24   20   9.650135617991606E-012   4.568609754399852E-022   9.650135617991606E-012
    25   272   7.405399932272433E-011   7.230445711773706E-020   7.405399932272433E-011
    26   2593   7.396886664145932E-010   2.702723861995991E-017   7.396886664145932E-010
    27   164   4.641762523426334E-011   1.484707876327584E-020   4.641762523426334E-011
    28   269   7.441373559904776E-011   4.583303167659812E-020   7.441373559904776E-011
    29   2479   6.986910364268813E-010   3.858039291876653E-017   6.986910364268813E-010
    31   98   2.384169263918063E-011   6.972761433014311E-021   2.384169263918063E-011
    32   592   1.706288934653775E-010   3.361951446256374E-019   1.706288934653775E-010
    33   1870   5.303449480342652E-010   2.516737670562091E-017   5.303449480342652E-010
    34   1690   4.829159616960420E-010   1.187122128135664E-017   4.829159616960420E-010
    35   2931   8.580173752780723E-010   2.544768069790062E-017   8.580173752780723E-010
    36   159   4.160040178760418E-011   1.804058915864463E-020   4.160040178760418E-011
    37   36   8.375048207682439E-012   1.045030124383785E-021   8.375048207682439E-012
    38   2986   8.209404698625056E-010   2.413540966302061E-017   8.209404698625056E-010
    39   2151   5.710592842219168E-010   1.647386715832646E-017   5.710592842219168E-010
    40   46173   1.303909236548131E-008   1.996567490517124E-013   1.303909236548131E-008
    42   312   9.258900852991280E-011   1.585261933476631E-019   9.258900852991280E-011
    44   711   1.898326812062131E-010   4.823823957464981E-019   1.898326812062131E-010
    45   256   6.149543968456495E-011   1.190218877054412E-019   6.149543968456495E-011
    46   1269   3.588693831336875E-010   2.406653693531900E-018   3.588693831336875E-010
    47   2016   5.782764622685865E-010   7.474503768738373E-018   5.782764622685865E-010
    49   3111   8.810113506480885E-010   7.360807432237131E-017   8.810113506480885E-010
    51   620   1.752609705487925E-010   5.777358618730941E-019   1.752609705487925E-010
    52   843   2.272240126989189E-010   1.178316709966438E-018   2.272240126989189E-010
    53   33   9.154908863117728E-012   6.644075870221741E-022   9.154908863117728E-012
    54   1468   4.261185323082557E-010   4.585427848012677E-018   4.261185323082557E-010
    55   1615   4.472138296493569E-010   6.725536068414783E-018   4.472138296493569E-010
    56   2160   6.095423314198031E-010   2.851800929220795E-017   6.095423314198031E-010
    58   37   1.303471006724835E-011   7.471908259522709E-022   1.303471006724835E-011
    59   2815   7.929735615395879E-010   4.109188789142023E-017   7.929735615395879E-010
    61   780   2.144082699758195E-010   6.774773905136226E-019   2.144082699758195E-010
    62   580   1.622645627182067E-010   3.485696617486158E-019   1.622645627182067E-010
    63   698   2.305521471306918E-010   2.170339268420325E-018   2.305521471306918E-010
  </DiscreteSampler_grid>
  <DiscreteSampler_grid>
  grouped_processes
  1 # 1 for a reference and 2 for a running grid.
  10 # Attribute 'min_bin_probing_points' of the grid.
  1 # Attribute 'grid_mode' of the grid. 1=='default',2=='initialization'
  0.0000000000000000 # Attribute 'small_contrib_threshold' of the grid.
  0.5000000000000000 # Attribute 'damping_power' of the grid.
 # binID   n_entries weight   weight_sqr   abs_weight
    10   10   4.189490128087399E-005   4.716691221426342E-009   4.189490128087399E-005
    16   10   4.189490128087400E-005   4.716691221426345E-009   4.189490128087400E-005
    22   10   4.189490128087400E-005   4.716691221426343E-009   4.189490128087400E-005
    28   10   4.189490128087400E-005   4.716691221426345E-009   4.189490128087400E-005
  </DiscreteSampler_grid>
