  0.00000032533311761  0.00000032800797212  0.00000032994187243  0.00000033238916939
  0.00000033508533054  0.00000033774511815  0.00000034019808240  0.00000034220986266
  0.00000034426434957  0.00000034638554097  0.00000034883872791  0.00000035124583089
  0.00000035345682933  0.00000035543957840  0.00000035804548999  0.00000036322080363
  0.00000036683243354  0.00000037033678499  0.00000037387525507  0.00000037758895581
  0.00000038164217991  0.00000038575977285  0.00000038964384471  0.00000039381429472
  0.00000039789269350  0.00000040186004252  0.00000040553454276  0.00000040979104441
  0.00000041442676330  0.00000041913371671  0.00000042377184920  0.00000042808973030
  0.00000043258715018  0.00000043746297074  0.00000044300798252  0.00000044852820148
  0.00000045362327045  0.00000045861601254  0.00000046380213260  0.00000046829689197
  0.00000047330032259  0.00000047847523366  0.00000048367759025  0.00000048951328138
  0.00000049639287654  0.00000050361316903  0.00000051056648573  0.00000051737793757
  0.00000052235332449  0.00000053079077495  0.00000054128104180  0.00000055320640381
  0.00000056575764591  0.00000057886163745  0.00000059267044085  0.00000060736304794
  0.00000062283318361  0.00000063787985459  0.00000065286258875  0.00000066785559724
  0.00000068179605045  0.00000069570464232  0.00000070979043987  0.00000072436593525
  0.00000074266148073  0.00000076286046182  0.00000078303257224  0.00000080189480839
  0.00000082017573059  0.00000083996203160  0.00000086186915787  0.00000088472049469
  0.00000090721472771  0.00000093135078834  0.00000095809214836  0.00000098811269104
  0.00000102072099800  0.00000105238963133  0.00000107691764036  0.00000110130313644
  0.00000112924525792  0.00000117275804617  0.00000121844665748  0.00000125308660134
  0.00000128697740446  0.00000132919725026  0.00000138359670163  0.00000148071752813
  0.00000160602510340  0.00000178224753534  0.00000202268040039  0.00000236350886332
  0.00000308046478215  0.00000556578845314  0.00005739381637391  1.00000000000000000
  0.00000285723764307  0.00000289928458407  0.00000292886453832  0.00000295911058146
  0.00000298792332036  0.00000302292319525  0.00000306109203029  0.00000311131578109
  0.00000315885208731  0.00000319709223071  0.00000323421737827  0.00000327105963443
  0.00000330981658339  0.00000335157161302  0.00000339944392970  0.00000344837439358
  0.00000350226361410  0.00000355862956306  0.00000361527929796  0.00000367527517105
  0.00000373262147362  0.00000378345196247  0.00000383361097094  0.00000388786966137
  0.00000394755335531  0.00000400393178048  0.00000405602776129  0.00000410700949074
  0.00000415692439650  0.00000420738525608  0.00000425842625328  0.00000431798087036
  0.00000436634818227  0.00000441371424013  0.00000445336979028  0.00000449594271986
  0.00000453892091060  0.00000459181790420  0.00000466008327261  0.00000473033513698
  0.00000479934253281  0.00000486709573815  0.00000492922143132  0.00000498206191190
  0.00000503353981196  0.00000508634230593  0.00000514079508569  0.00000519840118945
  0.00000525717814036  0.00000532080486113  0.00000538682505351  0.00000545199338691
  0.00000553737173368  0.00000562863399756  0.00000571259919862  0.00000579107860821
  0.00000586935881089  0.00000595095261861  0.00000604903491756  0.00000615075259333
  0.00000624212198799  0.00000633379033605  0.00000642581112793  0.00000653644739901
  0.00000664508192641  0.00000680015710619  0.00000707354764848  0.00000735728080217
  0.00000765623291026  0.00000797455462435  0.00000828964493734  0.00000853607842961
  0.00000877339913280  0.00000901608248291  0.00000926951690184  0.00000952355202391
  0.00000976067320810  0.00001007423925261  0.00001040947505252  0.00001074685947657
  0.00001101196416069  0.00001126991570438  0.00001153432804051  0.00001180254404555
  0.00001205805515650  0.00001232384831393  0.00001259044436307  0.00001289585522974
  0.00001328244164106  0.00001387099535522  0.00001509286985843  0.00001755559317215
  0.00002202331052558  0.00003911508764285  0.00007234123126529  1.00000000000000000
  0.00000018989858006  0.00000020766249279  0.00000024732575074  0.00000027908820625
  0.00000029725838215  0.00000030870918577  0.00000031902397354  0.00000033004379235
  0.00000034103071375  0.00000035465101979  0.00000037231456544  0.00000039171564913
  0.00000041672965126  0.00000045101919333  0.00000049186936232  0.00000053332972500
  0.00000057317259058  0.00000061768137199  0.00000066500838187  0.00000071397430131
  0.00000076051660650  0.00000080632500542  0.00000085001155165  0.00000089334893228
  0.00000093867828611  0.00000098730899952  0.00000103989792654  0.00000109366243789
  0.00000114908763305  0.00000121052284250  0.00000127684049770  0.00000134554010634
  0.00000139290986264  0.00000143198473768  0.00000146853294452  0.00000150220006505
  0.00000153511499941  0.00000156521667669  0.00000159512701686  0.00000163071275945
  0.00000167577126628  0.00000171997097001  0.00000175994004279  0.00000180024339031
  0.00000184371941573  0.00000187761955664  0.00000191255276590  0.00000194398377682
  0.00000197869428495  0.00000201952992485  0.00000206981126493  0.00000211738309283
  0.00000216249271409  0.00000220439815966  0.00000224702852026  0.00000228818544881
  0.00000233227715492  0.00000237655826859  0.00000244206801903  0.00000257931071129
  0.00000271533192344  0.00000285755426130  0.00000301590437255  0.00000319372361278
  0.00000339590337078  0.00000359162023878  0.00000375931149569  0.00000392006947585
  0.00000408142962890  0.00000425195376340  0.00000444785951008  0.00000467285288548
  0.00000487943829178  0.00000511517261108  0.00000536912336307  0.00000562892958915
  0.00000587297657380  0.00000613533125492  0.00000649846321872  0.00000695150575320
  0.00000751043105036  0.00000819429305322  0.00000904496379464  0.00000982919673849
  0.00001082745438337  0.00001210416654096  0.00001502322632463  0.00001790029871067
  0.00002072001342805  0.00002201001421774  0.00002323468446572  0.00002465309310959
  0.00002671000225793  0.00003286513493840  0.00005017623308631  1.00000000000000000
  0.05187587620237148  0.05855711316743239  0.06523835013249329  0.07191958709755421
  0.07857345736200209  0.08522076173598722  0.09220993474684382  0.10088615980001667
  0.11016955799430934  0.11973334529220260  0.12928311311504237  0.13884097132021919
  0.14846809933518051  0.15750583914574906  0.16729576513457081  0.18097426838258629
  0.19644379375999851  0.20572878992564686  0.21543055734751257  0.22836146946412370
  0.23949793304903980  0.25053900028755127  0.26410274233244108  0.27554125811820557
  0.28485106580429209  0.29523211288928103  0.30599581851121010  0.31727164688194737
  0.32705991398928314  0.33764252660124222  0.35087488180769844  0.36455411174196473
  0.37665025640171723  0.38815281411065516  0.39920409916593175  0.40916734717137726
  0.41901123046711114  0.42930820042591522  0.43959416174125260  0.44942777012774682
  0.45805582028538577  0.46475516085316876  0.47083705662970965  0.47769589287377950
  0.48580010775448657  0.49393922734429752  0.50204015670180191  0.51007933128113836
  0.51808748117644055  0.52756044327935103  0.54017203370942901  0.55126234502884819
  0.56100832732223471  0.57453918922856428  0.58802860719985350  0.60112142455747131
  0.62087948556996819  0.64186092506547521  0.66026544417637445  0.67108247011595734
  0.67741470557774697  0.68476876268951004  0.69181314936631000  0.69796603148834380
  0.70360740655220033  0.70893419716423289  0.71443278389994636  0.72000937446861291
  0.72614910570363522  0.73131406499356932  0.73578822135466837  0.74028349352229039
  0.74487707727769770  0.74941979668001679  0.75399590914091896  0.75863390283108634
  0.76365112930854095  0.76930333658082195  0.77533106372659100  0.78043518558211800
  0.78524611688073109  0.78920863344630066  0.79538966042771164  0.81225538080202908
  0.82469821390279352  0.83673207831698226  0.84906674540796301  0.86070679570081476
  0.87216410558720203  0.88550452344516961  0.89953143432859894  0.90818509844650708
  0.91359473354961374  0.93652052733504731  0.96950172593366268  1.00000000000000000
 -0.00161468463771060  0.01721970024390809  0.02948043388364749  0.04171449144491236
  0.05475528167303724  0.06828867890341758  0.08355266673008971  0.09938920444278589
  0.11739579986165512  0.13557904293569656  0.15175095129429336  0.17330505077801098
  0.19609705799905447  0.21279516777527779  0.22419205653613433  0.23613866939050787
  0.24797682070428437  0.26039020619121228  0.27211305053273122  0.28457619852063276
  0.29670490852787557  0.30837726839577451  0.31542306596768055  0.31976510991599855
  0.32454961831913826  0.32932089172529722  0.33388371202095307  0.33841079980525113
  0.34297576014321896  0.34788394208796741  0.35311327761841493  0.35805950405341413
  0.36272320385039003  0.36709696482808646  0.37143324097897318  0.37733888988742520
  0.38690177018314897  0.39685206694824154  0.40524210072030309  0.41394000772986211
  0.42195405982336565  0.42907345857266727  0.43546721759938284  0.44892983999277941
  0.46185941867278990  0.47373523596897787  0.48351993914976138  0.49370839639868602
  0.50370056679800190  0.51227713167049982  0.52064816399966551  0.53066824873073037
  0.53925649283367239  0.54796662952578701  0.55790400612548563  0.56912101093496392
  0.58358507964393835  0.59625810946439384  0.60671373412338692  0.61626731269227752
  0.62695836921644343  0.63794376135163045  0.64969885017120776  0.66200966451031829
  0.67577022394064823  0.69053239802060240  0.70468758050809377  0.71490813359691208
  0.72379324379242116  0.73499381899504290  0.74850588135231177  0.76080444978781125
  0.77169307564479772  0.78996456838732143  0.80462412231196634  0.81514561846585543
  0.82000905552612124  0.82635327795466407  0.83254231512973376  0.83917499298552733
  0.84576061472350261  0.85210740434883625  0.85869808848636209  0.86521996582902982
  0.87091106653610928  0.87737199653397291  0.88658385192167866  0.89624901034268334
  0.90386606790388302  0.91058187485693787  0.91878946719655896  0.92988490302082383
  0.94971648724467794  0.96725253118620858  0.98383337794277870  1.00000000000000000
  0.00111449937479387  0.00812328972968956  0.01410390266900963  0.01754025438523745
  0.02631533688812338  0.04140222161304150  0.06056185186394734  0.08367979172027161
  0.10215068989360122  0.11643535075393045  0.13585868245022770  0.15830080844667291
  0.17319979580811395  0.18620484136879628  0.19945844235076771  0.21253454511326456
  0.22599504458019820  0.23725494456396765  0.24816154909003835  0.26304439841081545
  0.27879864685404693  0.29211024459628282  0.30788586214539598  0.32367117082056934
  0.33745222726216378  0.34948212298755565  0.36180760266001610  0.37459081132940025
  0.38648292730462802  0.39835445973724931  0.40992767242428557  0.42100876090427403
  0.43221970688370875  0.44460748726882732  0.45949482964761801  0.47745252031347452
  0.48459373481248386  0.49186253574631322  0.50037960561192729  0.50924940002951458
  0.51794544088936967  0.52544729260029532  0.53150231858469454  0.53678503260272203
  0.54491878811575889  0.55756450924145384  0.57204982080344891  0.58700437729464983
  0.60316488510973809  0.61354452416955296  0.62345165927570168  0.63494137947135987
  0.64585418673361916  0.65704853030861798  0.66932159161179305  0.68638083590061783
  0.70412259439810554  0.71954499548846840  0.73061090248212190  0.73274336511008475
  0.73616761808942366  0.73997824564556036  0.74437367340599370  0.74856482180403427
  0.75248843970602675  0.75637233160474315  0.76117549555326069  0.76575307054635000
  0.77050477710642018  0.77585786911257271  0.78151611376435548  0.78712382833782391
  0.79162422210618288  0.80224814893628871  0.81371895157330509  0.82457951620681924
  0.83573845571829430  0.84354639073247206  0.85358226119925051  0.86405838129840862
  0.87424686246411720  0.88307540069992085  0.89216257907540442  0.90324182580028367
  0.91666129602073465  0.92408072573804112  0.93049560580626822  0.93637683290698026
  0.94251900383038800  0.94902412935358060  0.95560648444030349  0.96128118017811526
  0.96654231326051443  0.97153117037246850  0.97714259744073206  1.00000000000000000
 -0.00250421312099855  0.00874001742044110  0.02002057895615092  0.03480053312817388
  0.04851278721158059  0.06153670559481372  0.07509857558833749  0.08971615313247308
  0.10692560216423430  0.12239168466847557  0.13666803390102883  0.15059248148017507
  0.16372699420511938  0.17635250384759307  0.18815109895909038  0.19642459373147136
  0.20558528803326204  0.21656091051001736  0.22821547500777847  0.23833111899649950
  0.24796293304963918  0.25858571756788634  0.27105818059814579  0.28498172111679693
  0.29926803521874723  0.31300739508587444  0.32560545732029650  0.33689258665040483
  0.34634501125220196  0.35817605453883439  0.36877688659023483  0.37701606106153085
  0.38359027587919176  0.38989271707432926  0.39622934838606927  0.40271368537555025
  0.41076794247454168  0.42046348102993442  0.42889576388571449  0.43451736270602065
  0.44490510162995445  0.45836153472387764  0.46203920376691415  0.46798257583503972
  0.47403982183486670  0.48091851783647344  0.48780117372724036  0.49411210275420064
  0.49943002916938511  0.50456021605124823  0.50975789722810494  0.51501826893327074
  0.52130849276571201  0.53238629926832226  0.54527749201455467  0.55905485854152848
  0.57476625798207659  0.59282420361069588  0.60951327108745190  0.62037162487743402
  0.63135413650648131  0.64180298697085436  0.65143365063035374  0.66161333554528845
  0.66858078565444312  0.67582194441203369  0.68322145134832524  0.68852004915087073
  0.69330485637491190  0.69834439204880772  0.70532296434534669  0.71219917454251236
  0.71910005788541331  0.72534329175781698  0.73234892635265658  0.74408349495894344
  0.75636144332987909  0.76920402946309097  0.78399557496131567  0.80092123790223746
  0.81285776505027219  0.82505739331326333  0.83634924386256226  0.84702159539114175
  0.85744662526577686  0.86952669665902649  0.88869592235932282  0.90692686805772094
  0.92238887765911737  0.93426471592322524  0.94471301812960706  0.95480695092747192
  0.96454423965221814  0.97284672485326595  0.98127502083385953  1.00000000000000000
 -0.00266857616209052  0.01005513502654486  0.02164710831760328  0.03089736162286201
  0.04088581088758885  0.05406448040041938  0.07101627625879101  0.09047693712918541
  0.10954971703776488  0.12286141526871291  0.13181331688730621  0.13938147414312310
  0.14621974221961179  0.15401003420436951  0.16390970296777285  0.17466160038513182
  0.18629503825087348  0.19982818971781827  0.21644671448182978  0.22873033592940833
  0.23681525318719365  0.24483622963205867  0.25282249381167438  0.25981176470013495
  0.26663537666454817  0.27328058263018296  0.27987568469922802  0.28622706286552163
  0.29184634385028740  0.31476372961595656  0.32115873693865499  0.32845196472475191
  0.33562936884581063  0.34282587383399948  0.34967892950774859  0.35656013125198704
  0.36328548942437605  0.36978419398491191  0.37613748160976973  0.38392110298838550
  0.39306357641573203  0.40186212349575434  0.40934256906240307  0.41719995068852900
  0.42586799877416526  0.43596448386830250  0.44783787688848642  0.46162924644814946
  0.47679036822762400  0.49721439646533172  0.51659814661907977  0.53300702862063032
  0.54345845742699661  0.54916739552236837  0.55505584404893915  0.55976703740933842
  0.56429144874584536  0.57021671777172811  0.57631693373913728  0.58248761223904766
  0.58919296224438611  0.59493318481989055  0.60054516859550822  0.60837357780251855
  0.63419309405204605  0.64777089749044880  0.66085064932012305  0.67306303676546642
  0.68494566600683227  0.69809975832039584  0.71057901840223903  0.72178688988530182
  0.73447713607506304  0.74646065988244925  0.75865662633267650  0.76917468556901258
  0.77812905222072093  0.78544166304843377  0.79166521227866560  0.79764116531970786
  0.80384395461475300  0.81054800452902176  0.81896886207838437  0.82677094422895492
  0.84029959953837474  0.85668260554393849  0.87558195779524350  0.89524752229294691
  0.91368157224568214  0.92720108311547844  0.93671011878955146  0.94653877451568535
  0.95744508426032648  0.96846818894056153  0.98154112595695908  1.00000000000000000
  0.71157827643070681  0.74014815945151868  0.76233866949824702  0.77360055393355998
  0.77556832958903499  0.77932682697920175  0.78243984029024449  0.78509176867056596
  0.78786173887013922  0.79156442269168648  0.79459215071741551  0.79768156523427824
  0.80094907018399608  0.80408697680708430  0.80731284619854837  0.81094599220804597
  0.81334709884045420  0.81514988889153850  0.81746626431428993  0.81984234421481772
  0.82193851181143662  0.82400055960224516  0.82598428812290836  0.82815592689559236
  0.83014813798597009  0.83208463024171286  0.83414636422972477  0.83631374433849404
  0.83864813907334879  0.84109704148679565  0.84333415195143235  0.84531720090371254
  0.84744806987705035  0.84996516383917120  0.85231060589598129  0.85442853368017613
  0.85657100886731763  0.85886768204950759  0.86101627974373951  0.86281496011849035
  0.86458983912818621  0.86648211666081687  0.86846199454404160  0.87050569979278525
  0.87259134800865135  0.87461991866592670  0.87723055340117639  0.88005229396066631
  0.88282476248621344  0.88572604358339158  0.88841916264226861  0.89080439221988317
  0.89320065262184534  0.89558436828932042  0.89835583803810837  0.90102646766827654
  0.90326335471248320  0.90540007633994557  0.90735528599717641  0.90923114836701757
  0.91126739559075975  0.91366201530644231  0.91581966294070294  0.91798241974762951
  0.92018407175170469  0.92254286622191917  0.92479945376928463  0.92699382194399416
  0.92950206890224274  0.93213565340984639  0.93424795478616918  0.93624433368814852
  0.93831883915976033  0.94032113685518492  0.94229853798375873  0.94427800983511878
  0.94635690950035101  0.94884881134861199  0.95162534052679981  0.95468721484497376
  0.95774193865971124  0.96060956047498380  0.96253660330136148  0.96423585257559885
  0.96578322772045488  0.96722083377797974  0.96856183330511403  0.96986426672306969
  0.97115705470770219  0.97253038278420179  0.97401881951143487  0.97529989429089847
  0.97656103693051410  0.97776668308682235  0.97923614367674816  1.00000000000000000
  0.29033526221964007  0.29420554316479730  0.29757731765837420  0.30087491819512324
  0.30421544177224191  0.30779724152710591  0.31256555809764780  0.31695989176455203
  0.32101134686120786  0.32630445003755432  0.33552373985747774  0.34418143757325370
  0.35121874728712804  0.35775893889083954  0.36403128455015521  0.37087744404222239
  0.37808231038214268  0.38532503261898005  0.39256251704707490  0.40013490183387340
  0.40783927739966219  0.41429488712430090  0.41865966865250548  0.42139313572794157
  0.42428063692426887  0.42725115658082397  0.43043833281109101  0.43391942726766014
  0.43754919088696781  0.44006981503093190  0.44251055142592843  0.44522295315634819
  0.44816470383103657  0.45102320361980580  0.45368384474071161  0.45605426797596954
  0.45873670296168484  0.46162780760030275  0.46440438826590619  0.46705384770160951
  0.46971968654449675  0.47219567201047602  0.47453026368431606  0.47680688917909175
  0.47900511987413102  0.48164964221049356  0.48411284244666231  0.48661969881246436
  0.48917820065072493  0.49168257511490193  0.49400235694421568  0.49630787329942783
  0.49845314453997525  0.50165675287085809  0.50622765475485998  0.51168454928903873
  0.51738055957211904  0.52165776750827975  0.52507189143091315  0.52909017199485753
  0.53283181032214544  0.53655931153828140  0.54044721779733162  0.54471377008267474
  0.54956809509149984  0.55404838210766250  0.55843671355488189  0.56220973980806488
  0.56543337531591764  0.56871749830178731  0.57182444483521033  0.57586779434564117
  0.58012145987400665  0.58477897847947014  0.58998451630063731  0.59527417313757414
  0.60022842970852663  0.60517826921924733  0.61030742856685904  0.61568878395286786
  0.62091645744378055  0.62593117287608291  0.63121660994269169  0.63674327067766789
  0.64289257142626055  0.65026361008435141  0.65777172432115849  0.66508535246146427
  0.67056347743464484  0.67177486817043008  0.67209265986814060  0.67967693579349764
  0.69109342219012859  0.70694923435344836  0.72847979961670306  1.00000000000000000
   7.6897638189227731E-011  -1.0000000000000000     
  <DiscreteSampler_grid>
  Helicity
  1 # 1 for a reference and 2 for a running grid.
  40 # Attribute 'min_bin_probing_points' of the grid.
  1 # Attribute 'grid_mode' of the grid. 1=='default',2=='initialization'
  0.0000000000000000 # Attribute 'small_contrib_threshold' of the grid.
  0.5000000000000000 # Attribute 'damping_power' of the grid.
 # binID   n_entries weight   weight_sqr   abs_weight
    1   486   1.583946412857825E-009   5.914352442846457E-017   1.583946412857825E-009
    2   33   7.635175779133976E-011   4.258436274876609E-020   7.635175779133976E-011
    3   30   1.376972888536043E-010   2.690196730727581E-019   1.376972888536043E-010
    5   55   1.450663141846472E-010   2.116807744527306E-019   1.450663141846472E-010
    6   1   9.988545714037893E-014   9.977104548142476E-027   9.988545714037893E-014
    7   278   1.160748582711719E-009   2.778873068857665E-017   1.160748582711719E-009
    8   23   1.383188477673663E-010   1.741777686145058E-019   1.383188477673663E-010
    9   652   2.610753676992213E-009   2.506627170079896E-016   2.610753676992213E-009
    13   1   1.958390383912426E-012   3.835292895800659E-024   1.958390383912426E-012
    15   1   2.131109912660012E-013   4.541629459837765E-026   2.131109912660012E-013
    16   148   4.610308646648788E-010   2.039270105440289E-018   4.610308646648788E-010
    18   4   4.088952350687085E-012   6.673581455219143E-023   4.088952350687085E-012
    19   45   1.172769231667650E-010   6.051938554724972E-020   1.172769231667650E-010
    20   4   8.026012251898506E-012   1.332537181965784E-022   8.026012251898506E-012
    22   393   1.230097289577797E-009   5.506802816286478E-017   1.230097289577797E-009
    26   147   3.474686055864636E-010   1.431023952578647E-018   3.474686055864636E-010
    27   3   4.114534296660401E-012   5.040898932066624E-023   4.114534296660401E-012
    28   168   5.794731692374499E-010   7.540595772722393E-018   5.794731692374499E-010
    30   1030   4.285671058645217E-009   1.505630390428953E-015   4.285671058645217E-009
    31   3   7.148872868726284E-012   8.220268210875313E-023   7.148872868726284E-012
    32   25   1.315465384780280E-010   1.037902934417548E-019   1.315465384780280E-010
    35   967   2.948864259389179E-009   4.660728000673761E-016   2.948864259389179E-009
    37   241   1.418608806638276E-009   9.233971694647429E-017   1.418608806638276E-009
    38   77   2.517653273224282E-010   4.307325446752929E-019   2.517653273224282E-010
    39   13   5.834334974109093E-011   1.024001686492761E-020   5.834334974109093E-011
    41   517   2.591268160140016E-009   2.759328853068163E-016   2.591268160140016E-009
    42   1395   4.922948200906442E-009   4.247375521487444E-015   4.922948200906442E-009
    43   119   4.478529637385260E-010   6.147635620488568E-018   4.478529637385260E-010
    44   5   2.233341751047296E-011   1.466960541192411E-021   2.233341751047296E-011
    45   1   5.697098319898518E-012   3.245692926659052E-023   5.697098319898518E-012
    46   23   7.963002215352966E-011   2.556841585496801E-020   7.963002215352966E-011
    47   10931   3.373865080810432E-008   1.252701719276617E-013   3.373865080810432E-008
    48   1   5.471444310152214E-012   2.993670283909704E-023   5.471444310152214E-012
    49   10   4.348491647130672E-011   4.426820897701852E-021   4.348491647130672E-011
    50   730   2.614569246469359E-009   3.058146546657565E-016   2.614569246469359E-009
    51   184   7.836949361751386E-010   1.345605620797857E-017   7.836949361751386E-010
    53   280   1.256963292271379E-009   4.022553360379746E-017   1.256963292271379E-009
    54   1   3.529568317395538E-013   1.245785250716237E-025   3.529568317395538E-013
    59   125   2.831228370852978E-010   5.899634087934414E-019   2.831228370852978E-010
    60   137   5.426790246019006E-010   6.758541262661304E-018   5.426790246019006E-010
    61   30   1.412731623106571E-010   9.377014573069205E-020   1.412731623106571E-010
    62   55   2.312555026383815E-010   2.602250058946698E-019   2.312555026383815E-010
    63   31   1.099904478266428E-010   8.150477083924061E-020   1.099904478266428E-010
  </DiscreteSampler_grid>
  <DiscreteSampler_grid>
  grouped_processes
  1 # 1 for a reference and 2 for a running grid.
  10 # Attribute 'min_bin_probing_points' of the grid.
  1 # Attribute 'grid_mode' of the grid. 1=='default',2=='initialization'
  0.0000000000000000 # Attribute 'small_contrib_threshold' of the grid.
  0.5000000000000000 # Attribute 'damping_power' of the grid.
 # binID   n_entries weight   weight_sqr   abs_weight
    13   10   1.396868599795217E-004   6.414319361833763E-008   1.396868599795217E-004
    14   10   1.396868599795217E-004   6.414319361833766E-008   1.396868599795217E-004
    16   10   8.458400601060836E-006   4.812747536733412E-010   8.458400601060836E-006
    17   10   8.458400601060836E-006   4.812747536733412E-010   8.458400601060836E-006
    22   10   1.153399682602009E-004   7.565604266928889E-008   1.153399682602009E-004
    23   10   1.153399682602010E-004   7.565604266928897E-008   1.153399682602010E-004
    25   10   1.265849405143731E-005   5.182564094111047E-010   1.265849405143731E-005
    26   10   1.265849405143731E-005   5.182564094111046E-010   1.265849405143731E-005
    31   10   1.396868599795218E-004   6.414319361833771E-008   1.396868599795218E-004
    32   10   1.396868599795218E-004   6.414319361833775E-008   1.396868599795218E-004
    34   10   8.458400601060839E-006   4.812747536733414E-010   8.458400601060839E-006
    35   10   8.458400601060837E-006   4.812747536733416E-010   8.458400601060837E-006
    40   10   1.153399682602010E-004   7.565604266928893E-008   1.153399682602010E-004
    41   10   1.153399682602010E-004   7.565604266928901E-008   1.153399682602010E-004
    43   10   1.265849405143732E-005   5.182564094111057E-010   1.265849405143732E-005
    44   10   1.265849405143732E-005   5.182564094111057E-010   1.265849405143732E-005
  </DiscreteSampler_grid>
