  0.00000012205984420  0.00000012548729281  0.00000012860294226  0.00000013150027769
  0.00000013438199774  0.00000013762504058  0.00000014125565546  0.00000014513678571
  0.00000014911444824  0.00000015299054765  0.00000015670364297  0.00000016042556032
  0.00000016418722415  0.00000016807865588  0.00000017221755487  0.00000017668132035
  0.00000018126594390  0.00000018587092222  0.00000019077823492  0.00000019577988269
  0.00000020088708489  0.00000020611524369  0.00000021163537125  0.00000021740029150
  0.00000022329573304  0.00000022928163792  0.00000023541540156  0.00000024182847119
  0.00000024851515431  0.00000025533854555  0.00000026219493420  0.00000026914914260
  0.00000027640297973  0.00000028389578576  0.00000029108962683  0.00000029793444184
  0.00000030526157470  0.00000031312372284  0.00000032101901535  0.00000032899173328
  0.00000033732273931  0.00000034601892196  0.00000035477265301  0.00000036359316715
  0.00000037242264669  0.00000038177422013  0.00000039157723778  0.00000040150693598
  0.00000041144126702  0.00000042143889611  0.00000043188405775  0.00000044302068790
  0.00000045484312632  0.00000046731016789  0.00000048044340477  0.00000049440827478
  0.00000050907961224  0.00000052429196758  0.00000054009532070  0.00000055635017405
  0.00000057299599265  0.00000059017451496  0.00000060842797653  0.00000062785627853
  0.00000064899129728  0.00000067223607805  0.00000069727684451  0.00000072383761481
  0.00000075192432763  0.00000078224012517  0.00000081531039620  0.00000085090193039
  0.00000088860090999  0.00000092944333741  0.00000097554170243  0.00000102692800721
  0.00000108278498968  0.00000114436831913  0.00000121369897454  0.00000129149546690
  0.00000137900450130  0.00000147742449747  0.00000158812665555  0.00000171394934381
  0.00000186169802471  0.00000203912983576  0.00000225836508754  0.00000254142349139
  0.00000291276024548  0.00000343473713344  0.00000423420563196  0.00000570916217623
  0.00000885767641006  0.00001627399477592  0.00006950005774435  1.00000000000000000
  0.00000017947644119  0.00000018884218027  0.00000019311592727  0.00000019804533177
  0.00000020390886740  0.00000021048393970  0.00000021701212598  0.00000022376349119
  0.00000023055081382  0.00000023736249569  0.00000024438499021  0.00000025172683065
  0.00000025933231080  0.00000026721320130  0.00000027537011379  0.00000028368284265
  0.00000029216570447  0.00000030075818639  0.00000030945215793  0.00000031847270107
  0.00000032793896037  0.00000033765590019  0.00000034749551226  0.00000035772757139
  0.00000036869097485  0.00000038023407027  0.00000039208212618  0.00000040430257441
  0.00000041683066762  0.00000042996606543  0.00000044391961075  0.00000045877702696
  0.00000047413385027  0.00000048985930144  0.00000050604140508  0.00000052296236471
  0.00000054152513974  0.00000056152764903  0.00000058213122997  0.00000060333383802
  0.00000062567242017  0.00000064908136359  0.00000067345994782  0.00000069896254845
  0.00000072520486377  0.00000075292150610  0.00000078238970886  0.00000081285779980
  0.00000084491602707  0.00000087833513085  0.00000091316960336  0.00000094869154865
  0.00000098537073077  0.00000102406980228  0.00000106484131080  0.00000110606685058
  0.00000114853878870  0.00000119251262693  0.00000124007158883  0.00000129194026186
  0.00000134534398300  0.00000140025780261  0.00000145739850763  0.00000151728025154
  0.00000158035413796  0.00000164730509916  0.00000171767376765  0.00000179136155345
  0.00000186787916901  0.00000195049670954  0.00000204346689468  0.00000214778698284
  0.00000226142828026  0.00000238465569946  0.00000251393179921  0.00000265127417616
  0.00000280058127802  0.00000296842256630  0.00000316183066669  0.00000337611946578
  0.00000360954385841  0.00000387456058847  0.00000418308323624  0.00000455271023538
  0.00000497860626221  0.00000545556364901  0.00000601291735283  0.00000668460500821
  0.00000753776538716  0.00000863373740983  0.00001021650232997  0.00001227394279497
  0.00001519058301447  0.00001985253509394  0.00002779194417950  1.00000000000000000
  0.00000033250929144  0.00000037194608171  0.00000039053907304  0.00000041067800914
  0.00000043159067554  0.00000045101175190  0.00000047037779922  0.00000048978572665
  0.00000050907026901  0.00000052872263201  0.00000054883661182  0.00000056885990506
  0.00000058857985585  0.00000060865494071  0.00000062932281140  0.00000065090065730
  0.00000067298050460  0.00000069536719408  0.00000071824772680  0.00000074077423873
  0.00000076267416920  0.00000078566203201  0.00000080966892482  0.00000083466717619
  0.00000086002330628  0.00000088606493308  0.00000091325694181  0.00000093991037331
  0.00000096622106861  0.00000099306235013  0.00000102040577941  0.00000104803062893
  0.00000107574051395  0.00000110371453526  0.00000113273868457  0.00000116299416903
  0.00000119417815935  0.00000122520887083  0.00000125582166727  0.00000128649909728
  0.00000131838506317  0.00000135154779882  0.00000138563660641  0.00000142069718460
  0.00000145659046199  0.00000149375749193  0.00000153183061973  0.00000157061422313
  0.00000161099357926  0.00000165404191977  0.00000170015128644  0.00000174841303023
  0.00000179789312410  0.00000184836509233  0.00000189931242091  0.00000195139238492
  0.00000200692860427  0.00000206656297438  0.00000212888027186  0.00000219358615853
  0.00000226136458592  0.00000233208573264  0.00000240669353376  0.00000248644561428
  0.00000257207093861  0.00000266438009255  0.00000276392568738  0.00000286994701344
  0.00000298277931177  0.00000310324344097  0.00000322975812817  0.00000336266812813
  0.00000350271538625  0.00000366066728253  0.00000384064674158  0.00000403299928909
  0.00000425235937663  0.00000450925624753  0.00000480884760405  0.00000513405006445
  0.00000549046295462  0.00000588812698247  0.00000634188227093  0.00000687359314953
  0.00000750428345890  0.00000823353937801  0.00000905523371238  0.00000997817686521
  0.00001102913296320  0.00001217557791511  0.00001332844803243  0.00001454556564739
  0.00001584562313492  0.00001736174089471  0.00001935495933660  1.00000000000000000
 -0.00231423121141113  0.01292964821994984  0.02601231254056428  0.03526216465191252
  0.04858033932675429  0.06741829920227181  0.08748669333384648  0.11017317091632253
  0.13316503383669598  0.15466345415694416  0.17402077076526892  0.19215939765150170
  0.21081192112358310  0.22835444276455691  0.24453300914875448  0.25991834459545732
  0.27413823157034989  0.28707141812494574  0.29842515224075938  0.30874919851146593
  0.31924143333467075  0.32951537911704515  0.33952987432345133  0.34869510696121786
  0.35832419722283854  0.36895604069718624  0.37939371371262104  0.38909161721778990
  0.39864476515688102  0.40807161299400180  0.41725572104314718  0.42634624624971451
  0.43539772606577626  0.44450122881620069  0.45363736782284586  0.46285325388506021
  0.47201785248882749  0.48099608617451389  0.48981063766374910  0.49851623792788602
  0.50753154972379222  0.51659117401157151  0.52507261187681242  0.53347784434622447
  0.54206232531025200  0.55028075748834027  0.55821843883587319  0.56608840423744167
  0.57390438710115144  0.58177611637244253  0.58974532367846133  0.59784472264553434
  0.60606792831791356  0.61437169808508663  0.62285395589728687  0.63179136843190364
  0.64085553940111128  0.64948981268992101  0.65788063228672322  0.66612607872554286
  0.67421278482495417  0.68220451749058575  0.69030301005152539  0.69828186433028905
  0.70601304721676750  0.71400767660029330  0.72225347434676124  0.73063856974307029
  0.73887065377071481  0.74731699296117149  0.75543541875285991  0.76364503894094304
  0.77181495661488275  0.78008791432274083  0.78850685702478684  0.79711893367488695
  0.80596659228098666  0.81491324201960158  0.82391670283196383  0.83267675810470831
  0.84150302418694678  0.85058621623424036  0.85957012869758787  0.86860487046528223
  0.87804996365739063  0.88807675747010051  0.89870743307564016  0.90748324754031839
  0.91970845421311309  0.93418494230270732  0.94751383276200563  0.95896723671017159
  0.96932337161931093  0.97939437212959723  0.98974582332420269  1.00000000000000000
 -0.00233585463269419  0.00911426518549289  0.01907714674916797  0.02958523659685029
  0.04012401453485886  0.05050522003045768  0.06130526911984829  0.07143165899549117
  0.08173890758209987  0.09265359132111238  0.10335645667630694  0.11395639100543242
  0.12374614091851818  0.13358641414403394  0.14367103171054713  0.15405940134137366
  0.16470502861237044  0.17517018222900904  0.18533685378484782  0.19526284814955161
  0.20516931628809573  0.21493394344464251  0.22442305891883058  0.23380492346789464
  0.24348309240561478  0.25352334577469338  0.26357120525557648  0.27327429731873337
  0.28277604927072292  0.29244926746655320  0.30262726165093973  0.31345832376409011
  0.32449629297113036  0.33532378658461848  0.34569132160067634  0.35570380429847021
  0.36527145088680729  0.37463832405488423  0.38378671561064320  0.39266966096165057
  0.40178349705776112  0.41120143710588464  0.42099236200080237  0.43076196545571704
  0.44054291881556035  0.45084844537511382  0.46138372502661812  0.47186932767779921
  0.48247267553680462  0.49329237133526199  0.50406422567366738  0.51464084935023424
  0.52514938042479953  0.53573162958076836  0.54635219463957407  0.55694028134987517
  0.56754312733387691  0.57800089891258499  0.58838503326450076  0.59884148049908137
  0.60938848369320275  0.62017357536547835  0.63128932659369108  0.64255725191036495
  0.65342360573868385  0.66397913245782869  0.67476127003682351  0.68578301870857361
  0.69703303838408825  0.70877458281582872  0.72104797698532885  0.73368021558638519
  0.74627734255114497  0.75778098118945303  0.76782995226152007  0.77894829855232739
  0.78979070691953357  0.80056584842025569  0.81134812339263185  0.82269625560928972
  0.83416746802763164  0.84537996537989990  0.85649765257042920  0.86790871454686946
  0.87937982432544526  0.89073269557434587  0.90225272767845888  0.91370307409154250
  0.92517389513259463  0.93609892036833342  0.94608347519516556  0.95610722190994402
  0.96634545209533407  0.97701825006148257  0.98807300313403001  1.00000000000000000
 -0.00221288552900317  0.00875348713097346  0.01943080438737294  0.02915843272832691
  0.03935193987642837  0.04925169106171680  0.05919401672425535  0.06913857443990294
  0.07906571556019061  0.08911590790488821  0.09941333280029852  0.10994474849646341
  0.12058436955832579  0.13117303939220823  0.14157851366629193  0.15193847859231185
  0.16238248992851809  0.17279571697073601  0.18334471260554117  0.19412099701824867
  0.20515457102396420  0.21627530953168295  0.22744003156703685  0.23897082809249645
  0.25081319815578101  0.26242472089130581  0.27396655467312425  0.28572668967368181
  0.29772899339352860  0.31020734180844689  0.32349357884087143  0.33526952875736310
  0.34564749011521401  0.35675396413544275  0.36819546066922926  0.37924587999367909
  0.38946343786370119  0.40009538449586940  0.41134141273064717  0.42225984188507970
  0.43297181330619977  0.44420715895560053  0.45541894927055160  0.46673236920865385
  0.47801788200619016  0.48914904968336220  0.50028752957264577  0.51136210159824358
  0.52264554060888235  0.53420235407129890  0.54504471701689727  0.55552729409324808
  0.56565683409102852  0.57569379378946162  0.58560143221400474  0.59563710171711937
  0.60578155619286345  0.61600477838340428  0.62622440572457072  0.63591665296046096
  0.64545443145863979  0.65544314242649815  0.66579033539049859  0.67571387539052852
  0.68524235392564470  0.69487496383530745  0.70447047957656672  0.71419766465535284
  0.72353615710016772  0.73224873273044822  0.74326249074165840  0.75335826596036914
  0.76374070014928208  0.77382361842647862  0.78379700780137151  0.79397053026445574
  0.80428210922057075  0.81432853017412443  0.82433891467663534  0.83452382292164928
  0.84488347612279857  0.85558195041109497  0.86596525567431648  0.87627104071442574
  0.88652138415523374  0.89696393700681976  0.90750692095215024  0.91839852709605307
  0.92924523912768486  0.93977215739841757  0.95002913218694518  0.95997778533127054
  0.96962369816844152  0.97942676364870218  0.98956040841053317  1.00000000000000000
  0.00000176925566080  0.00000188433804049  0.00000210506614084  0.00000234531833280
  0.00000273206607135  0.00000316331266230  0.00000361236470400  0.00000409424190111
  0.00000465020674573  0.00000525768146987  0.00000587546401063  0.00000648272929090
  0.00000708068095220  0.00000767601313016  0.00000825909048492  0.00000883598219467
  0.00000940901376708  0.00000997374527379  0.00001052327490297  0.00001105919383714
  0.00001158105926984  0.00001208864186260  0.00001258331309314  0.00001306594307632
  0.00001353780050063  0.00001400594953250  0.00001447101353806  0.00001493209529455
  0.00001539582650136  0.00001585785204768  0.00001631666081488  0.00001677375860002
  0.00001722525890367  0.00001766916966038  0.00001810148163935  0.00001852247092635
  0.00001896360116160  0.00001941159290630  0.00001985172501169  0.00002028581983261
  0.00002073277889582  0.00002120013927075  0.00002163818765313  0.00002205181254375
  0.00002245493776476  0.00002286429853569  0.00002327001854818  0.00002365769356838
  0.00002403495239883  0.00002442405972713  0.00002478480909885  0.00002514754176459
  0.00002548818440242  0.00002582791930207  0.00002617628272934  0.00002651040667654
  0.00002685137381722  0.00002719277353111  0.00002760337692726  0.00002799373461672
  0.00002837137233702  0.00002876408705070  0.00002912955032773  0.00002947837178306
  0.00002983702997903  0.00003016710752809  0.00003047035587760  0.00003078472302134
  0.00003113953371727  0.00003141383449385  0.00003171382978719  0.00003201720445554
  0.00003238576841518  0.00003273667965661  0.00003310053732788  0.00003342807166761
  0.00003373836377478  0.00003414858831113  0.00003470003051809  0.00003550282330699
  0.00003615542656361  0.00003666679214436  0.00003711537070099  0.00003756551757683
  0.00003803042253815  0.00003852228932184  0.00003907686051129  0.00004070409014092
  0.00004277941901051  0.00004419414501086  0.00004635864060138  0.00005141517557441
  0.00005405671637217  0.00006297217432437  0.00006745778845127  1.00000000000000000
 -0.00190916581554888  0.00933983353773437  0.02241589568738239  0.03652202417977083
  0.05148499754021453  0.06764687118812585  0.08313733189204886  0.09796044107745414
  0.11233018012875343  0.12757270286055269  0.14252520582325201  0.15549958194581134
  0.16736552075917338  0.17855850717196908  0.18879018412628851  0.19818063214232087
  0.20766506278333333  0.21680279702133357  0.22588214302435758  0.23499787545452272
  0.24418863014903774  0.25330605927460259  0.26228356524474478  0.27130738215092293
  0.28193008403507702  0.29238698737867436  0.30203447876266293  0.31133820828367803
  0.32063230928968584  0.32938120065326781  0.33768412749604848  0.34600998329914012
  0.35474210098854386  0.36361238172693339  0.37249764123037721  0.38114300928354911
  0.38970115382982240  0.39864868672169851  0.40809358028686743  0.41761640380591519
  0.42688226640001986  0.43605983913414315  0.44532061595278977  0.45439590423824650
  0.46321132417651539  0.47192657701429497  0.48052897086985114  0.48905662897806018
  0.49763898840021520  0.50628231602701923  0.51486364378854377  0.52350082725329028
  0.53212018959558327  0.54093905301063661  0.55003854011007791  0.55946173085363604
  0.56902354579620495  0.57869196796176736  0.58854722482738431  0.59856347650783592
  0.60868317450557263  0.61876806691443720  0.62791407387662634  0.63649640645929328
  0.64541730094334349  0.65438101718146779  0.66315634544854274  0.67169869690774819
  0.68021315334049404  0.68893888823496374  0.69787496664648407  0.70679340204075514
  0.71556526339252602  0.72441596090264382  0.73357263390752925  0.74297247470207317
  0.75239605951256006  0.76183299880799427  0.77137184479529308  0.78093972955501412
  0.79057595493147625  0.80026587571339336  0.80994785255289303  0.81966909131512522
  0.82992171069413800  0.84101314163748742  0.85323536475861339  0.86738546869457500
  0.88345180986195249  0.90031371434864826  0.91702250805722807  0.93319402429255838
  0.94913617497910729  0.96562007130683081  0.98285879704785262  1.00000000000000000
  0.71294158886422310  0.71839572148838216  0.72384985411254121  0.72883019801504978
  0.73293323474090566  0.73741960025639064  0.74404895472672117  0.75053985425303960
  0.75696617644523434  0.76299056708718493  0.76885669131643619  0.77467931057331918
  0.78031398243183570  0.78591748431374298  0.79116213074826902  0.79575593528337185
  0.80001910876816795  0.80415449085092083  0.80819043200182006  0.81211850530329366
  0.81582037656354855  0.81937941976700357  0.82280909791957346  0.82616288121992920
  0.82956349412589592  0.83288433976700171  0.83597577510327736  0.83905193525476118
  0.84207631911248937  0.84500554581134724  0.84787551886804013  0.85074268676023301
  0.85362303109915039  0.85654463290172678  0.85941234577321957  0.86214997407372029
  0.86481294050586399  0.86747421225991983  0.87018722760204215  0.87289442718944943
  0.87551559258882894  0.87794982652328468  0.88029635476664891  0.88273642102052552
  0.88526711232305455  0.88770221200600030  0.88998876100054991  0.89220408442794408
  0.89448673928153710  0.89687645325138932  0.89926199520704497  0.90160655883556517
  0.90389570874284630  0.90613991003064298  0.90833680501650238  0.91051037748104169
  0.91267783958642013  0.91484160747204835  0.91701306203529542  0.91920456089667701
  0.92137609036851342  0.92351352297581535  0.92560759557692218  0.92765765156307334
  0.92966634017398730  0.93158263844127176  0.93340773353429540  0.93501381325377575
  0.93667985024681766  0.93863715025532657  0.94050825189357889  0.94232917608783884
  0.94412814973430970  0.94593559020590323  0.94774931824178210  0.94955798675927694
  0.95145342161035384  0.95335208037161001  0.95510519404677197  0.95679053941961134
  0.95846439349879309  0.96010861517785961  0.96174101247915289  0.96335002881248710
  0.96490740593598257  0.96649706403052493  0.96809071945473757  0.96960561775566523
  0.97108562706008361  0.97278758250571551  0.97486489135773546  0.97713858525286179
  0.97910266128697698  0.98196968906413806  0.98918234860222587  1.00000000000000000
  0.27891401383610054  0.28681709950489309  0.29432838851371279  0.30171065684521159
  0.30985139747985374  0.31699606626937116  0.32140056235124759  0.32585576588578136
  0.33119316662919634  0.33634230896290762  0.34142870419994359  0.34648640343604392
  0.35153828273101306  0.35649902950014850  0.36137143393898613  0.36626515422562422
  0.37111656733946397  0.37586993802395885  0.38065854778070712  0.38541612258037811
  0.39009044218549999  0.39465697621388535  0.39905580191366780  0.40336589041782178
  0.40762634783450630  0.41183654689113308  0.41604810279167909  0.42022120795277484
  0.42426969582539326  0.42819377519826618  0.43216821960540647  0.43631192783270772
  0.44041324676393906  0.44432833308571867  0.44832113210590130  0.45233925616310389
  0.45628095386607143  0.46025748780658265  0.46436188964223524  0.46851145500999858
  0.47269066920097980  0.47689553525267486  0.48108382504373010  0.48523422352246176
  0.48930137703315746  0.49327627527640588  0.49722850523030931  0.50122223378716002
  0.50522150616868067  0.50923189503707611  0.51326318178400721  0.51730884990980341
  0.52136466534588022  0.52540472917975212  0.52942565708780487  0.53342182713259445
  0.53745028457971999  0.54149001119428963  0.54555742863725598  0.54951466917326719
  0.55344895610460931  0.55742041434414058  0.56149538038912739  0.56575496689994498
  0.57005730139589350  0.57421387754791808  0.57840975984693033  0.58262161779724841
  0.58690213582798922  0.59126897493987862  0.59566130489271496  0.60015461131878844
  0.60486865987255733  0.60963523596131108  0.61444915945179679  0.61920905719348385
  0.62398962652255130  0.62892300811534962  0.63395984271993266  0.63899869908799467
  0.64403993791104808  0.64923818346889628  0.65456002144671399  0.66006155312977599
  0.66566578357175687  0.67159094925247531  0.67796800690654679  0.68472606366160327
  0.69162907664740247  0.69828875998525686  0.70457725912307034  0.71098978156230463
  0.71745567541076849  0.72152316485599344  0.73078297663670377  1.00000000000000000
   8.2517795163837632E-012  -1.0000000000000000     
  <DiscreteSampler_grid>
  Helicity
  1 # 1 for a reference and 2 for a running grid.
  20 # Attribute 'min_bin_probing_points' of the grid.
  1 # Attribute 'grid_mode' of the grid. 1=='default',2=='initialization'
  0.0000000000000000 # Attribute 'small_contrib_threshold' of the grid.
  0.5000000000000000 # Attribute 'damping_power' of the grid.
 # binID   n_entries weight   weight_sqr   abs_weight
    1   2903   1.042968705474031E-009   2.195982035844755E-017   1.042968705474031E-009
    2   747   2.580539606539902E-010   1.065893839927363E-018   2.580539606539902E-010
    3   11093   3.995885517007805E-009   2.866267704022033E-016   3.995885517007805E-009
    5   799   3.003472581521190E-010   2.638318655707562E-018   3.003472581521190E-010
    6   3825   1.373694598026368E-009   4.063932517296605E-017   1.373694598026368E-009
    7   6   1.890502447885067E-012   1.144209812284731E-023   1.890502447885067E-012
    8   3   1.555487765613467E-012   3.589651628713032E-024   1.555487765613467E-012
    9   1528   5.647665083627881E-010   5.468070170713116E-018   5.647665083627881E-010
    10   1528   5.389157901726084E-010   5.552623519839913E-018   5.389157901726084E-010
    11   6841   2.450651611885260E-009   1.477287075179417E-016   2.450651611885260E-009
    12   5885   2.128659993520178E-009   1.938668849350656E-016   2.128659993520178E-009
    13   237   7.829934587174218E-011   4.285723723597674E-020   7.829934587174218E-011
    14   345   1.320035163708423E-010   2.287085260952137E-019   1.320035163708423E-010
    15   1223   4.244475012072113E-010   4.336517294849990E-018   4.244475012072113E-010
    16   1   1.024176690288923E-013   1.048937892931173E-026   1.024176690288923E-013
    17   15884   5.821038820914453E-009   9.470211500626836E-016   5.821038820914453E-009
    18   13484   4.838067069019280E-009   3.886096002600424E-016   4.838067069019280E-009
    19   2496   8.983555263414535E-010   2.156952470387011E-017   8.983555263414535E-010
    23   122   4.593437273166658E-011   1.195269298801113E-020   4.593437273166658E-011
    24   1210   4.093772561850298E-010   2.916804597587125E-018   4.093772561850298E-010
    25   3277   1.186359617478412E-009   3.842353605504217E-017   1.186359617478412E-009
    26   1039   3.638682701834009E-010   3.494239728597253E-018   3.638682701834009E-010
    28   5208   1.881528132368941E-009   9.235643390524786E-017   1.881528132368941E-009
    29   434   1.613246804256277E-010   2.233656871522319E-019   1.613246804256277E-010
    31   14   5.116218238013519E-012   2.171746846967251E-022   5.116218238013519E-012
    32   456   1.842717462604770E-010   4.590981368007259E-019   1.842717462604770E-010
    33   1560   5.443965728603516E-010   4.400746443011372E-018   5.443965728603516E-010
    34   27   1.098707811758190E-011   1.175381513536570E-021   1.098707811758190E-011
    35   2858   1.036695640063343E-009   1.910262896042841E-017   1.036695640063343E-009
    37   3778   1.367397095869735E-009   2.755130835680522E-017   1.367397095869735E-009
    40   56   2.029829246050961E-011   1.611609197781818E-021   2.029829246050961E-011
    41   2   2.375707468850915E-012   6.387766871739586E-024   2.375707468850915E-012
    42   1475   5.287840734748323E-010   4.442919605322772E-018   5.287840734748323E-010
    43   3369   1.227521170191881E-009   5.551937853534566E-017   1.227521170191881E-009
    44   4209   1.559337793088892E-009   6.134316450406901E-017   1.559337793088892E-009
    45   1539   5.623237816395060E-010   7.810800558503961E-018   5.623237816395060E-010
    46   124   4.422975412144770E-011   1.023205468153868E-020   4.422975412144770E-011
    48   7615   2.822946976471631E-009   1.007053471658461E-016   2.822946976471631E-009
    52   298   1.042283732021740E-010   7.989607651090266E-020   1.042283732021740E-010
    53   14886   5.335943755118073E-009   4.848406584093705E-016   5.335943755118073E-009
    54   2291   8.217286124134159E-010   3.858666122970359E-017   8.217286124134159E-010
    55   853   3.100098642287456E-010   1.685565524028904E-018   3.100098642287456E-010
    56   2481   9.063102489866902E-010   1.418691652543558E-017   9.063102489866902E-010
    57   517   1.920719887758916E-010   5.456612499339364E-019   1.920719887758916E-010
    60   488   1.770145596206908E-010   7.179674808384251E-019   1.770145596206908E-010
    61   7109   2.557396888416462E-009   1.314136196840650E-016   2.557396888416462E-009
    62   86   3.391196487598431E-011   6.941173733100742E-021   3.391196487598431E-011
    63   33   1.107430410104987E-011   3.270753418425535E-022   1.107430410104987E-011
  </DiscreteSampler_grid>
  <DiscreteSampler_grid>
  grouped_processes
  1 # 1 for a reference and 2 for a running grid.
  10 # Attribute 'min_bin_probing_points' of the grid.
  1 # Attribute 'grid_mode' of the grid. 1=='default',2=='initialization'
  0.0000000000000000 # Attribute 'small_contrib_threshold' of the grid.
  0.5000000000000000 # Attribute 'damping_power' of the grid.
 # binID   n_entries weight   weight_sqr   abs_weight
    10   10   2.980631365685043E-004   5.984473223410106E-007   2.980631365685043E-004
    16   10   2.980631365685043E-004   5.984473223410106E-007   2.980631365685043E-004
    22   10   2.980631365685043E-004   5.984473223410102E-007   2.980631365685043E-004
    28   10   2.980631365685043E-004   5.984473223410106E-007   2.980631365685043E-004
  </DiscreteSampler_grid>
