  0.00000017719937585  0.00000018250341590  0.00000018500852569  0.00000018770972129
  0.00000019060541253  0.00000019370214689  0.00000019672273933  0.00000019960107022
  0.00000020271812267  0.00000020574891759  0.00000020886493907  0.00000021209939621
  0.00000021567756348  0.00000021953778251  0.00000022339997837  0.00000022753406824
  0.00000023177620015  0.00000023595228739  0.00000024019704284  0.00000024443196068
  0.00000024871189903  0.00000025304961750  0.00000025761040114  0.00000026230464948
  0.00000026729049624  0.00000027238851987  0.00000027747119018  0.00000028249541879
  0.00000028747799872  0.00000029269670014  0.00000029827624235  0.00000030404131637
  0.00000030991316176  0.00000031597586623  0.00000032222284774  0.00000032864774012
  0.00000033541410475  0.00000034226123355  0.00000034889924819  0.00000035560744720
  0.00000036258169710  0.00000036973473763  0.00000037729529550  0.00000038536574141
  0.00000039372953703  0.00000040229332097  0.00000041082427560  0.00000041948227253
  0.00000042864693262  0.00000043870662312  0.00000044945051127  0.00000046021775969
  0.00000047097640272  0.00000048184841544  0.00000049362636742  0.00000050588842106
  0.00000051885351475  0.00000053280083750  0.00000054800548737  0.00000056462700672
  0.00000058252785609  0.00000060150196130  0.00000062119108910  0.00000064132043699
  0.00000066197015595  0.00000068358142841  0.00000070670196753  0.00000073134887777
  0.00000075729025502  0.00000078527905175  0.00000081638287085  0.00000084962740594
  0.00000088529961869  0.00000092372917026  0.00000096464123704  0.00000100926713726
  0.00000105767524035  0.00000111090283991  0.00000117198370096  0.00000124249228631
  0.00000132037120572  0.00000140549179887  0.00000150196343516  0.00000161326972644
  0.00000175010204467  0.00000191970184446  0.00000212584826559  0.00000238799839871
  0.00000273919334268  0.00000324120288469  0.00000403757625110  0.00000540735871151
  0.00000854948451043  0.00001789860405808  0.00007120979260711  1.00000000000000000
  0.00000019075631579  0.00000020133579864  0.00000020651707263  0.00000021191297210
  0.00000021736135102  0.00000022287741691  0.00000022853728544  0.00000023446634933
  0.00000024077752468  0.00000024742930127  0.00000025444922261  0.00000026161872756
  0.00000026879874800  0.00000027581073013  0.00000028266590259  0.00000028969177055
  0.00000029740898631  0.00000030605794749  0.00000031545054557  0.00000032519697426
  0.00000033497314455  0.00000034471409985  0.00000035450140686  0.00000036445174094
  0.00000037444785160  0.00000038482485644  0.00000039566311991  0.00000040700990125
  0.00000041855273628  0.00000043027123622  0.00000044217621384  0.00000045473772693
  0.00000046798447852  0.00000048162204095  0.00000049533141648  0.00000050927365387
  0.00000052371888857  0.00000053876504325  0.00000055448196156  0.00000057082450858
  0.00000058794566656  0.00000060587475874  0.00000062452978755  0.00000064398224010
  0.00000066420985689  0.00000068503592305  0.00000070648211031  0.00000072868725933
  0.00000075168949114  0.00000077601627985  0.00000080189726440  0.00000082880031510
  0.00000085642396681  0.00000088491411878  0.00000091473478312  0.00000094702566886
  0.00000098172154301  0.00000101772957749  0.00000105449343162  0.00000109223716056
  0.00000113255060940  0.00000117621911469  0.00000122244122511  0.00000126998693426
  0.00000131808481232  0.00000136984371648  0.00000142784093707  0.00000149110371608
  0.00000155850262581  0.00000162934777999  0.00000170526063157  0.00000178646090557
  0.00000187280991128  0.00000196516004442  0.00000206552897076  0.00000217274658580
  0.00000228586804580  0.00000240963631670  0.00000254284873114  0.00000269319515857
  0.00000285842456455  0.00000305763209531  0.00000328497852479  0.00000353010209380
  0.00000381690146235  0.00000417012689477  0.00000458379857415  0.00000507907920802
  0.00000567209440018  0.00000644866011513  0.00000749722684022  0.00000894007945058
  0.00001104457798731  0.00001423195074827  0.00001794440251131  1.00000000000000000
  0.00000019605627176  0.00000024729876288  0.00000027792240595  0.00000030348467701
  0.00000032741605772  0.00000035064270072  0.00000037405594863  0.00000039757633701
  0.00000042070654718  0.00000044355280911  0.00000046645369801  0.00000048940072996
  0.00000051278768464  0.00000053662538982  0.00000056126641978  0.00000058658601442
  0.00000061196170776  0.00000063724286753  0.00000066270355763  0.00000068873084753
  0.00000071547320745  0.00000074280784166  0.00000077017835966  0.00000079723898057
  0.00000082413163603  0.00000085167303572  0.00000087987951274  0.00000090865382961
  0.00000093728459490  0.00000096584715656  0.00000099420737141  0.00000102381619118
  0.00000105384700754  0.00000108465349725  0.00000111545913995  0.00000114751356300
  0.00000118031613650  0.00000121358566656  0.00000124745566878  0.00000128247190028
  0.00000131850253102  0.00000135562307745  0.00000139386653135  0.00000143338848082
  0.00000147393495871  0.00000151571317792  0.00000155798529372  0.00000160141034498
  0.00000164660757802  0.00000169450661514  0.00000174404013213  0.00000179476843475
  0.00000184752380137  0.00000190298005998  0.00000196146239273  0.00000202256608745
  0.00000208584203067  0.00000215122226286  0.00000221884870965  0.00000228864064548
  0.00000236212735135  0.00000244079010020  0.00000252490493917  0.00000261303859344
  0.00000270533417657  0.00000280244478506  0.00000290352958450  0.00000301671294825
  0.00000314262095578  0.00000327543268437  0.00000341616281354  0.00000356876628490
  0.00000373277976247  0.00000390739721977  0.00000409363891289  0.00000429952967643
  0.00000453184523825  0.00000478520293135  0.00000505237048285  0.00000535767905577
  0.00000570210111837  0.00000610353150499  0.00000651610257785  0.00000697150648534
  0.00000748157187360  0.00000805466242800  0.00000868646418815  0.00000940490550455
  0.00001022553797699  0.00001109951083121  0.00001204264449690  0.00001311658431470
  0.00001417442683479  0.00001527482949803  0.00001652657341871  1.00000000000000000
  0.00490871907691522  0.00715713595283218  0.00919572113826760  0.01096212648907693
  0.01203380208293379  0.01444837494329786  0.02222534762409173  0.03219973061674065
  0.04305515226759152  0.05553150804484951  0.06899546111081066  0.08212892411874119
  0.09366323129514403  0.10360931522992149  0.11275863910353336  0.12164236332897241
  0.13059384612043420  0.13962521312690301  0.14851937823884509  0.15684188847393041
  0.16491824465427851  0.17374326560675554  0.18341423973233822  0.19323262333122943
  0.20235743566565231  0.21071674146747596  0.21923048099965003  0.22789999705126299
  0.23677051373312061  0.24565533267695716  0.25437131470992397  0.26320918859865317
  0.27221852104128325  0.28147786020962517  0.29091947331371071  0.30043708652799800
  0.31005746977415738  0.31983541066386290  0.32933433199113149  0.33844953665417915
  0.34725653326276645  0.35590251447572585  0.36459974900643538  0.37339682211474151
  0.38218458222734847  0.39088509170668156  0.39931631771693615  0.40752416819949733
  0.41587143559352091  0.42453494344035786  0.43327590507988922  0.44172604456671483
  0.44988598379858835  0.45816470278906102  0.46658169648669384  0.47484898734377484
  0.48321119031319004  0.49176110438130782  0.50043825889125437  0.50921151006413756
  0.51799897223290181  0.52680791908198754  0.53581777701914135  0.54453973136318756
  0.55321233733898090  0.56215350204218806  0.57229140125903089  0.58254009232592630
  0.59210841013840265  0.60156365947051937  0.61071944911566201  0.62012642468375401
  0.62995030314058742  0.64026139965234397  0.65065697629305785  0.66092965029403450
  0.67180886571709764  0.68350898147621397  0.69553427990840311  0.70777215584286257
  0.72083000517417328  0.73522021129667015  0.75067419535365498  0.76644511865859610
  0.78246387938704409  0.80023533716184270  0.82140253359687243  0.84596559120674175
  0.87216264068529725  0.89800362852194471  0.92117163584874706  0.94180297712174521
  0.95823935717574327  0.97090972865643366  0.98887326171409429  1.00000000000000000
 -0.00154483086441508  0.00703014779838687  0.01499586377475470  0.02461546156741094
  0.03480805697612920  0.04485162419875909  0.05515815425132825  0.06566227952403851
  0.07591287394760693  0.08610480085057186  0.09658089023178217  0.10723265740389719
  0.11795148873174874  0.12870610116809530  0.13935563315879268  0.15022752972200393
  0.16132960470973270  0.17246135990615755  0.18257908734455719  0.19254926802764144
  0.20245064729344417  0.21230695950406220  0.22217842533953278  0.23225644767652501
  0.24249904111433432  0.25297738059126212  0.26390339591941958  0.27474105565721962
  0.28530064661818122  0.29565646110361005  0.30572291024711890  0.31576684617223927
  0.32538792701689145  0.33542472582941890  0.34622273535500847  0.35722848423699471
  0.36813528715403793  0.37914675788290358  0.39035901667071032  0.40172761484115577
  0.41346724430356502  0.42509978583561969  0.43661553772832595  0.44885257428432379
  0.46123985959111280  0.47343804619404722  0.48537682433495377  0.49669655553705677
  0.50807542008530349  0.51918760023671207  0.53007470797487310  0.54115913697531759
  0.55174853117597333  0.56279560256592243  0.57403133368661086  0.58510586659977726
  0.59507456102623613  0.60536810868172741  0.61592911362197633  0.62653224242560990
  0.63664249756215030  0.64660818456678881  0.65769212853180459  0.66939013027302940
  0.68083760928130010  0.69258006681010631  0.70499463036234367  0.71738118666060235
  0.72876731755511914  0.73874246432400892  0.74839856521976467  0.75829397226700812
  0.76805347910650579  0.77751401114472984  0.78672805486595410  0.79662722691743049
  0.80704071209562800  0.81656147478402130  0.82573265307651078  0.83530923534095802
  0.84484225025118032  0.85434868819572751  0.86359542566864833  0.87285269482190853
  0.88282537177797615  0.89384650130621657  0.90524328209633276  0.91634049955738928
  0.92680227480775024  0.93691299605849676  0.94730842787235214  0.95787998555135012
  0.96822888828033993  0.97813506092904923  0.98814659832362817  1.00000000000000000
 -0.00010750506253183  0.00075539402891063  0.00161583716941975  0.00239825571594342
  0.00372656618793355  0.00601002253191905  0.00793936178296947  0.00859090936985006
  0.01118507631533669  0.01817108249811369  0.02847165187863005  0.03893255099864804
  0.05017681258907101  0.06351670762726329  0.07664815159770706  0.08930463008152671
  0.10159646461720917  0.11360309013642926  0.12514753517147784  0.13603974245062966
  0.14669202000224280  0.15749698025239395  0.16834743590010023  0.17922016783994296
  0.19044308905839799  0.20210439983748912  0.21329983879008943  0.22380076695746717
  0.23427248239326923  0.24526284584078584  0.25650967811452224  0.26736505412129558
  0.27860174568730744  0.29092909835667441  0.30378854168115627  0.31670991876610211
  0.32942572101516121  0.34158609808380885  0.35349818872404115  0.36530171401249711
  0.37727599195866246  0.38927296549692736  0.40053206601778357  0.41111245844986927
  0.42183263226034745  0.43285880691518758  0.44389239998415758  0.45467952583459187
  0.46580285563340745  0.47711885838894730  0.48844508804810727  0.49987866115450824
  0.51156321210839528  0.52353743363563165  0.53555536454720842  0.54751385497405269
  0.55943927248066982  0.57184920794642780  0.58432308475637351  0.59591415447045326
  0.60738763303536059  0.61898288067959306  0.63072738302126696  0.64241655971675071
  0.65375424082847444  0.66477825761643949  0.67575756647984464  0.68685214258379668
  0.69797330013652215  0.70893729978093678  0.71942789174439770  0.72964766206901277
  0.73945517131905980  0.74922876873671063  0.75938318306110408  0.76987338729787147
  0.78050061894296086  0.79099833837416178  0.80175857612177748  0.81288864604668920
  0.82417202521402322  0.83590547569363149  0.84845880444425292  0.86142316300402288
  0.87366114398244255  0.88494266312601433  0.89607089248913840  0.90753314007455355
  0.91928442436972713  0.93108898235807913  0.94288758083398627  0.95408361137929787
  0.96483156252558033  0.97536751570636548  0.98741464819010571  1.00000000000000000
  0.00000176074730632  0.00000201166793665  0.00000237053150754  0.00000275355030194
  0.00000315056511894  0.00000356578201069  0.00000398406155550  0.00000440517888578
  0.00000482664595412  0.00000524546096490  0.00000565755933651  0.00000606081742248
  0.00000645927160726  0.00000685352565691  0.00000724380837458  0.00000762775810631
  0.00000800436773062  0.00000837393382583  0.00000873833581952  0.00000910483323770
  0.00000946571396362  0.00000981410675543  0.00001015938516544  0.00001050136913444
  0.00001084630961926  0.00001119094467469  0.00001153114571258  0.00001186637749327
  0.00001220076188702  0.00001253982474369  0.00001287257401019  0.00001320076216999
  0.00001352713499740  0.00001384970566213  0.00001416100439576  0.00001446319923569
  0.00001477084214805  0.00001508852300716  0.00001540789407563  0.00001572166308885
  0.00001602535946446  0.00001632363232632  0.00001662475180250  0.00001692389423499
  0.00001723056930318  0.00001754163536800  0.00001786751985160  0.00001820297511702
  0.00001850244269023  0.00001878265230328  0.00001907492521486  0.00001937663191296
  0.00001968573611727  0.00002003051398717  0.00002039720607781  0.00002076522372348
  0.00002108936943365  0.00002138340175244  0.00002171554295473  0.00002208093783768
  0.00002243550085260  0.00002276410731548  0.00002305450411898  0.00002341979918307
  0.00002388831374977  0.00002434994833232  0.00002472933910885  0.00002505915498766
  0.00002534831124648  0.00002572265703267  0.00002617162105014  0.00002660268288461
  0.00002695002236569  0.00002729206572581  0.00002768356246156  0.00002808133205307
  0.00002844808781107  0.00002881855611382  0.00002925506684924  0.00002961381364188
  0.00002998317681480  0.00003038600073193  0.00003085015802456  0.00003134374311048
  0.00003174149838315  0.00003212825264962  0.00003251960448003  0.00003291553740284
  0.00003347954875056  0.00003442087721157  0.00003530059996877  0.00003702986007927
  0.00004052408487499  0.00004651137134009  0.00008692326471403  1.00000000000000000
 -0.00213397537890254  0.00774970523360752  0.01684197001068036  0.02553722331013585
  0.03389323041776862  0.04235115223284241  0.05124183304920533  0.06023367495287470
  0.06945774242991179  0.07910880316893074  0.08840309200556984  0.09759427828691707
  0.10693457107911301  0.11639724304590147  0.12569270499830701  0.13485409467425846
  0.14416802529260214  0.15383213997839679  0.16349433605450203  0.17328773749205695
  0.18319508992067551  0.19289394028614260  0.20237031229129956  0.21187733629453886
  0.22128269685902099  0.23068299743442147  0.24006541940786272  0.24951073765563211
  0.25978462381769213  0.27026955490038290  0.28107746493456665  0.29177383270177215
  0.30199637085508008  0.31186844130450242  0.32239014943624844  0.33343268259092301
  0.34456756517522819  0.35586399438684940  0.36823961023280727  0.38040390982838218
  0.39269144989641819  0.40530499979249313  0.41837380386934286  0.43079056932590459
  0.44278461125899737  0.45476348988597382  0.46691217886602876  0.47915185997474624
  0.49140115374788557  0.50297362059292750  0.51438577381851336  0.52629007111448367
  0.53833184515395838  0.55029062906466086  0.56218513104508272  0.57513255257411022
  0.58798804471804866  0.60063520156997541  0.61427573995846485  0.62811775478700849
  0.64107083355226091  0.65319849333830227  0.66475767311397382  0.67576037539479616
  0.68630816152249008  0.69665470869580237  0.70713370567231149  0.71766431015293253
  0.72797649806165299  0.73805392213844645  0.74799275319045821  0.75798261693618652
  0.76802872096459285  0.77803011338518613  0.78816224532757950  0.79864588204474718
  0.80915925386241128  0.81937356919988491  0.82948820778365373  0.83969583227397682
  0.85011083287603484  0.86097921295659241  0.87207309369451425  0.88279552485933577
  0.89297212411796567  0.90299060015645649  0.91303463597897105  0.92301546769035570
  0.93323674904761944  0.94381431297027352  0.95417923627316414  0.96388854157385218
  0.97316775001238265  0.98214948135692792  0.99123285483758572  1.00000000000000000
  0.68639029570048748  0.71648900682909611  0.72647969824323455  0.73358313770178540
  0.74075205451890891  0.74729944003754745  0.75328652892310655  0.75906582846455051
  0.76484747550578436  0.77031920050857072  0.77557732090603537  0.78073883092764773
  0.78584160753230092  0.79079878784623292  0.79546013811008132  0.79989251726844413
  0.80412656863696785  0.80819134203894749  0.81219538547426651  0.81614393149005737
  0.81995891251152586  0.82365690720069518  0.82724199248178709  0.83060695853771560
  0.83383781004184698  0.83687529513569914  0.83984877352094278  0.84288488380042925
  0.84587500313860109  0.84880833575605152  0.85166594312249455  0.85442892705419726
  0.85712864193372806  0.85980437941087673  0.86246962895789048  0.86508554134645133
  0.86758836600948541  0.86997075890935927  0.87232491889757435  0.87470230141972682
  0.87703912226149150  0.87932789368869368  0.88156349743539042  0.88373986286506456
  0.88587526466609634  0.88799435959668471  0.89010980392909189  0.89218069503810393
  0.89420140045634045  0.89623089893377816  0.89830617597796814  0.90040006549892770
  0.90247320712069168  0.90451506238915080  0.90653883361587606  0.90852110158244437
  0.91042855479475526  0.91220312720867147  0.91392226890978678  0.91560995419797053
  0.91733248860865313  0.91908751749476680  0.92089330513494350  0.92275102358980043
  0.92457714764766641  0.92642723106534464  0.92831157333177250  0.93018093442016225
  0.93201786164730394  0.93379188404782110  0.93547052991892243  0.93706971548783391
  0.93864718241747858  0.94029262352826726  0.94199916871849421  0.94372703494888033
  0.94546305718613144  0.94722480526274022  0.94910993548686340  0.95113653501839712
  0.95308816224249149  0.95542282692370428  0.95769321553715858  0.96004104928845901
  0.96251983276167230  0.96518236085310649  0.96815772792364785  0.97142078577717939
  0.97369625669516446  0.97496347060501365  0.97708564438293943  0.98027944291018154
  0.98362769358010904  0.98670938292418731  0.99077416530428353  1.00000000000000000
  0.24844535222185596  0.27725080651462003  0.28734241979767766  0.29277066812698854
  0.29934813385283560  0.30622547049319465  0.31283617820154797  0.31918333495108958
  0.32532857639155394  0.33112502686382811  0.33669881249130568  0.34215081641333195
  0.34754577231502304  0.35286867897898261  0.35808584362603246  0.36312512464255320
  0.36817012820300526  0.37320585149233554  0.37806591280059088  0.38271841856727495
  0.38729925286143468  0.39175202154109234  0.39611078541300759  0.40052718001703885
  0.40488690007022565  0.40918947899836938  0.41326557551568449  0.41734695705598068
  0.42158260593931512  0.42595581900057966  0.43035030658516732  0.43468224540952455
  0.43890933366149892  0.44307432611851905  0.44711467565896368  0.45110828806708059
  0.45507675336681214  0.45899234003377004  0.46271675388193317  0.46651852018642637
  0.47034215256602413  0.47404186795248465  0.47766648027821135  0.48131046170304143
  0.48501720920175451  0.48875843848802258  0.49249166928005295  0.49624353152785022
  0.50001359145646018  0.50378947079661707  0.50755189743955320  0.51129214216904850
  0.51501530635071213  0.51863724948535084  0.52247509405340842  0.52665250398816721
  0.53085396049272959  0.53494851206693739  0.53906514298587493  0.54324313011097236
  0.54751559226015756  0.55183561433033945  0.55618242132896711  0.56059786871061468
  0.56508964511882109  0.56957040658623415  0.57406055787732002  0.57858523286437813
  0.58308687894795408  0.58746744884064028  0.59177857864028771  0.59619859888688720
  0.60071460190907311  0.60521005223143931  0.60977006373224429  0.61439380491513207
  0.61912675671409467  0.62399725454352295  0.62880980521062035  0.63357131433614711
  0.63839522531766035  0.64331437488735810  0.64819721394392338  0.65307323417360241
  0.65808139459286075  0.66339932850829086  0.66900106010633598  0.67479571798486759
  0.68115070196912353  0.68548972714475798  0.69248958044838149  0.70214916310352649
  0.71242430335227780  0.72256293708877828  0.73092599947844317  1.00000000000000000
   8.0295481865883969E-012  -1.0000000000000000     
  <DiscreteSampler_grid>
  Helicity
  1 # 1 for a reference and 2 for a running grid.
  20 # Attribute 'min_bin_probing_points' of the grid.
  1 # Attribute 'grid_mode' of the grid. 1=='default',2=='initialization'
  0.0000000000000000 # Attribute 'small_contrib_threshold' of the grid.
  0.5000000000000000 # Attribute 'damping_power' of the grid.
 # binID   n_entries weight   weight_sqr   abs_weight
    3   71   3.448737167991996E-011   5.852164654854386E-021   3.448737167991996E-011
    4   2635   1.330328878118616E-009   8.419815076127326E-017   1.330328878118616E-009
    5   1792   9.060983298872482E-010   4.302979283517536E-017   9.060983298872482E-010
    7   683   3.266171028179095E-010   1.773415328006203E-018   3.266171028179095E-010
    9   1123   6.028211368127531E-010   4.716926963572487E-018   6.028211368127531E-010
    10   727   3.724444064852956E-010   3.324698184385250E-018   3.724444064852956E-010
    11   621   3.339446308635692E-010   3.360860531655232E-018   3.339446308635692E-010
    12   2445   1.197288931515939E-009   6.407093153484146E-017   1.197288931515939E-009
    14   888   4.492947565816377E-010   5.304840497025280E-018   4.492947565816377E-010
    15   1679   8.340225807135233E-010   2.079745997225513E-017   8.340225807135233E-010
    16   2003   9.456665921509666E-010   3.222533743099555E-017   9.456665921509666E-010
    17   5694   2.911611055309698E-009   6.450691182807622E-016   2.911611055309698E-009
    18   722   3.665370093589344E-010   3.138917405159870E-018   3.665370093589344E-010
    19   104   5.161555861664172E-011   2.284866783017839E-020   5.161555861664172E-011
    20   2134   1.096690835557348E-009   6.392061095834837E-017   1.096690835557348E-009
    21   1150   5.692470227308239E-010   9.188040167670783E-018   5.692470227308239E-010
    23   634   3.194434151607714E-010   1.321134096918842E-018   3.194434151607714E-010
    24   1469   7.208141791175021E-010   2.819420362822849E-017   7.208141791175021E-010
    25   4   2.834324275935786E-012   1.339771090758217E-023   2.834324275935786E-012
    27   2657   1.315531383814960E-009   1.462634918241050E-016   1.315531383814960E-009
    30   2674   1.359349643127241E-009   6.282553462889822E-017   1.359349643127241E-009
    31   114   6.049448688566451E-011   2.116097706975021E-020   6.049448688566451E-011
    32   1125   5.766493951093082E-010   3.360431900282430E-018   5.766493951093082E-010
    33   14313   7.154355274531876E-009   1.123431101556463E-015   7.154355274531876E-009
    35   293   1.452945057123954E-010   2.069731992369734E-019   1.452945057123954E-010
    37   544   2.853548209893473E-010   9.002342993238654E-019   2.853548209893473E-010
    38   25098   1.257145623480447E-008   5.195334538748178E-015   1.257145623480447E-008
    39   26   1.354441520284643E-011   8.205603144550823E-022   1.354441520284643E-011
    41   283   1.402710120686996E-010   2.975107834394939E-019   1.402710120686996E-010
    43   460   2.461300840500980E-010   4.465110872806142E-019   2.461300840500980E-010
    44   210   1.235127713336781E-010   1.927162018901307E-019   1.235127713336781E-010
    45   1309   6.666873323278822E-010   7.983675881157850E-018   6.666873323278822E-010
    46   7320   3.685964192357459E-009   7.352189436044021E-016   3.685964192357459E-009
    47   922   4.423341145873847E-010   2.468984333399739E-018   4.423341145873847E-010
    49   675   3.134330852908074E-010   9.302790697707229E-019   3.134330852908074E-010
    50   7355   3.730311895600701E-009   4.660290450839041E-016   3.730311895600701E-009
    51   1371   7.181058573866553E-010   1.109278843670857E-017   7.181058573866553E-010
    52   82   4.165412353294245E-011   1.244773888540069E-020   4.165412353294245E-011
    53   4015   2.001393773494873E-009   1.101917398505732E-016   2.001393773494873E-009
    54   2656   1.340045045355796E-009   7.463410478445977E-017   1.340045045355796E-009
    55   6557   3.328227200949086E-009   4.526276380610806E-016   3.328227200949086E-009
    56   2136   1.075039360127174E-009   1.017231341110531E-016   1.075039360127174E-009
    57   556   2.842813741565417E-010   9.921313372343319E-019   2.842813741565417E-010
    58   17   9.722460508241958E-012   6.230827850820928E-022   9.722460508241958E-012
    59   5373   2.712658165264220E-009   7.188995351744275E-016   2.712658165264220E-009
    60   2   1.000188305573297E-013   1.644517356742186E-026   1.000188305573297E-013
    61   423   2.114397886272420E-010   7.466238876221769E-019   2.114397886272420E-010
    62   1680   7.992011418037959E-010   3.823234022997428E-017   7.992011418037959E-010
  </DiscreteSampler_grid>
  <DiscreteSampler_grid>
  grouped_processes
  1 # 1 for a reference and 2 for a running grid.
  10 # Attribute 'min_bin_probing_points' of the grid.
  1 # Attribute 'grid_mode' of the grid. 1=='default',2=='initialization'
  0.0000000000000000 # Attribute 'small_contrib_threshold' of the grid.
  0.5000000000000000 # Attribute 'damping_power' of the grid.
 # binID   n_entries weight   weight_sqr   abs_weight
    10   10   7.162382759540923E-004   1.875439353366755E-006   7.162382759540923E-004
    16   10   7.162382759540923E-004   1.875439353366755E-006   7.162382759540923E-004
    22   10   7.162382759540923E-004   1.875439353366755E-006   7.162382759540923E-004
    28   10   7.162382759540923E-004   1.875439353366755E-006   7.162382759540923E-004
  </DiscreteSampler_grid>
