  0.00000031784884664  0.00000032582990381  0.00000032985708263  0.00000033369519930
  0.00000033793804889  0.00000034220659936  0.00000034654732809  0.00000035087903042
  0.00000035500020594  0.00000035951059433  0.00000036434683207  0.00000036931428232
  0.00000037436849864  0.00000037958253102  0.00000038489493029  0.00000039030604426
  0.00000039584387564  0.00000040147015837  0.00000040719667048  0.00000041304943219
  0.00000041895407088  0.00000042485975356  0.00000043097839028  0.00000043757098343
  0.00000044462429571  0.00000045184590341  0.00000045924558912  0.00000046668246772
  0.00000047429278213  0.00000048224895281  0.00000049042260969  0.00000049869893401
  0.00000050702622471  0.00000051565538283  0.00000052474640571  0.00000053422341654
  0.00000054405303807  0.00000055432592489  0.00000056505496499  0.00000057608804301
  0.00000058734380595  0.00000059873076227  0.00000061031484136  0.00000062218986028
  0.00000063440843860  0.00000064709961546  0.00000066027427173  0.00000067401226806
  0.00000068818088092  0.00000070275168473  0.00000071801803116  0.00000073429221429
  0.00000075164657048  0.00000076989494217  0.00000078900405713  0.00000080891263714
  0.00000082943485075  0.00000085054349423  0.00000087236563320  0.00000089515778105
  0.00000091914650999  0.00000094461362031  0.00000097197143307  0.00000100118568277
  0.00000103182468393  0.00000106391514460  0.00000109741358016  0.00000113249537423
  0.00000117027963588  0.00000121122929207  0.00000125509647930  0.00000130148562674
  0.00000135064693751  0.00000140360960928  0.00000146159407761  0.00000152453946103
  0.00000159223287277  0.00000166571473977  0.00000174776744064  0.00000183976969534
  0.00000194213881511  0.00000205854946331  0.00000219526757161  0.00000235544772322
  0.00000254513822581  0.00000277703178038  0.00000307264469899  0.00000345735749836
  0.00000397342486556  0.00000469918451792  0.00000579745583524  0.00000786835288786
  0.00001257400453846  0.00002385054275925  0.00008472296882456  1.00000000000000000
  0.00000025704585506  0.00000026866867258  0.00000027426221682  0.00000027959570785
  0.00000028512590033  0.00000029056608151  0.00000029711529632  0.00000030404560547
  0.00000031111987986  0.00000031836110952  0.00000032571796930  0.00000033317074447
  0.00000034079832655  0.00000034871354265  0.00000035696265096  0.00000036556892918
  0.00000037448354942  0.00000038351669823  0.00000039280207576  0.00000040254230868
  0.00000041252979466  0.00000042281203174  0.00000043327721585  0.00000044386580619
  0.00000045474070817  0.00000046590416258  0.00000047734406899  0.00000048920515707
  0.00000050158695957  0.00000051450966809  0.00000052789377053  0.00000054175127991
  0.00000055621863485  0.00000057128074968  0.00000058671874152  0.00000060225454345
  0.00000061808480599  0.00000063472594295  0.00000065240984061  0.00000067042382766
  0.00000068889939848  0.00000070803779489  0.00000072808011301  0.00000074847236961
  0.00000077000915222  0.00000079275062936  0.00000081612605336  0.00000084030863304
  0.00000086547491981  0.00000089179030820  0.00000091879918538  0.00000094715612935
  0.00000097722367654  0.00000100863108518  0.00000104083508808  0.00000107411407390
  0.00000110870694778  0.00000114514769027  0.00000118328941359  0.00000122267673529
  0.00000126359792927  0.00000130703372157  0.00000135275540875  0.00000140106405818
  0.00000145276702374  0.00000150667274037  0.00000156391687884  0.00000162400635884
  0.00000168942699989  0.00000176001599947  0.00000183476611039  0.00000191213995175
  0.00000199529482782  0.00000209034998392  0.00000219137481993  0.00000230249835409
  0.00000242155028153  0.00000254689617213  0.00000268292000404  0.00000283309684763
  0.00000299750857408  0.00000317843303799  0.00000337913258964  0.00000360740279251
  0.00000386703106752  0.00000415800281064  0.00000450781499171  0.00000494044266206
  0.00000544385858635  0.00000605494128929  0.00000684785663735  0.00000785239508412
  0.00000907475077273  0.00001165799519134  0.00001617145360834  1.00000000000000000
  0.00000031328031342  0.00000034709630569  0.00000036341576189  0.00000038330226919
  0.00000040310329336  0.00000042271547165  0.00000044289591641  0.00000046391157782
  0.00000048530333402  0.00000050667783059  0.00000052758667510  0.00000054789142678
  0.00000056854060224  0.00000058977862618  0.00000061127157560  0.00000063303879300
  0.00000065528203660  0.00000067764991205  0.00000070013062404  0.00000072301480857
  0.00000074637761518  0.00000077026523155  0.00000079496436271  0.00000081974160148
  0.00000084399981331  0.00000086830647866  0.00000089321300247  0.00000091861279231
  0.00000094536134858  0.00000097364563492  0.00000100229088356  0.00000103088495609
  0.00000105966631279  0.00000108829651697  0.00000111779952935  0.00000114925034560
  0.00000118154416917  0.00000121433958492  0.00000124800047015  0.00000128270202877
  0.00000131818888588  0.00000135459265163  0.00000139200921655  0.00000143021363184
  0.00000146935488133  0.00000150986094493  0.00000155182999812  0.00000159559401849
  0.00000164091480929  0.00000168786521953  0.00000173652678293  0.00000178577070635
  0.00000183617336381  0.00000188761617598  0.00000193916983994  0.00000199373695376
  0.00000205347859752  0.00000211564400913  0.00000217986455248  0.00000224693550168
  0.00000231639000958  0.00000238860743164  0.00000246587002198  0.00000254825680234
  0.00000263590177766  0.00000272739642547  0.00000282284403814  0.00000292486444248
  0.00000303579795083  0.00000315531257973  0.00000328198618492  0.00000341875332578
  0.00000357019672689  0.00000373744005589  0.00000391886581491  0.00000411398776860
  0.00000432669617474  0.00000456107927107  0.00000481880190802  0.00000510838772683
  0.00000544062221024  0.00000582634197323  0.00000627791143939  0.00000679139376079
  0.00000736932576045  0.00000801969352014  0.00000876745178358  0.00000963058339944
  0.00001066879838479  0.00001193568605155  0.00001345100517751  0.00001526032136357
  0.00001737675930182  0.00001954654216850  0.00002194081869430  1.00000000000000000
 -0.00799846050058784  0.02107421904092368  0.04270098065214872  0.05837378948693490
  0.07027343054543930  0.07940205844041291  0.08825221703777032  0.09743137943031510
  0.10624951583137876  0.11486493903584470  0.12341037336771940  0.13214302068347877
  0.14083677546822509  0.14906690959426788  0.15658633968757116  0.16411745567751782
  0.17173689611773255  0.17911505462987529  0.18638410515296500  0.19368570059011939
  0.20092233358837527  0.20813404511623584  0.21548689367776339  0.22281798936275379
  0.23009923640346239  0.23749835026567234  0.24499337047605943  0.25253628200772243
  0.26009049285711100  0.26756623219474085  0.27485841356109997  0.28196417267289309
  0.28909431798190821  0.29645168342448130  0.30404129922271256  0.31157765642586710
  0.31900308165486529  0.32629786103105940  0.33364332422814591  0.34102245564647171
  0.34853749831318892  0.35610276264633373  0.36369306578208033  0.37089912536823744
  0.37831927494764295  0.38589359657566158  0.39362314059365638  0.40135305657219522
  0.40908815397770160  0.41692938424351700  0.42495871721471340  0.43314003179500882
  0.44137331143115371  0.44945892635111656  0.45746447000659246  0.46560789350452414
  0.47392633465099632  0.48232749180518064  0.49088720049960416  0.49957732476109801
  0.50798149947246218  0.51611584516628040  0.52438022432298459  0.53270573276174293
  0.54094346021173934  0.54918806721196223  0.55762657222072121  0.56647699608442770
  0.57577027246787893  0.58564502846746580  0.59584091031780717  0.60575669196633630
  0.61540783175352853  0.62490441477395120  0.63417284041802269  0.64331382130469850
  0.65250988889216188  0.66188865699118071  0.67150191241884649  0.68157429550687021
  0.69210282957476543  0.70287704738270551  0.71385954846794386  0.72545788204687478
  0.73694118702311062  0.74940937257946116  0.76408350814350712  0.77851427828332165
  0.79729844119678994  0.81988981709606601  0.84416620691429145  0.86873321225927713
  0.89647127775371815  0.93021833535584164  0.96509154267881547  1.00000000000000000
 -0.00235647952523444  0.00942573530591668  0.01951121684715700  0.03070092367045172
  0.04119709250336148  0.05240175641901718  0.06199614355937522  0.07289477386118588
  0.08364158704527429  0.09450592804687646  0.10564160730321259  0.11631306441923039
  0.12743478969975042  0.13866622638128923  0.14964522296102736  0.16038901114569029
  0.17121441487978142  0.18197633317928005  0.19218107952583086  0.20207936793979575
  0.21194698481428054  0.22187697611237775  0.23134365275170965  0.24057051582884881
  0.25055993461647974  0.26052649616743073  0.27019309252232876  0.27988466879596668
  0.28981025760237533  0.30038548506976781  0.31110560415546545  0.32167943281085370
  0.33212927313393575  0.34257264569416923  0.35276528281062841  0.36271040481214556
  0.37282572617634480  0.38330141569295761  0.39396452304539131  0.40441861859829903
  0.41479338704621221  0.42541064405628898  0.43614756167372598  0.44706634476291929
  0.45778533824417522  0.46872343585417875  0.47974565481198594  0.49137965354675756
  0.50264916807609084  0.51228780281468467  0.52251114685910982  0.53297194101794609
  0.54310630207000954  0.55322229031300763  0.56333923324541180  0.57333648398849291
  0.58336164379025934  0.59340049858894472  0.60417673018696272  0.61597329205674289
  0.62760032061357984  0.63874152398828021  0.64945985436686982  0.66002062573071874
  0.67026179003926700  0.68048482327967663  0.69081180318017810  0.70139452796607349
  0.71193710968919577  0.72241923660614316  0.73324274741331563  0.74413122045438596
  0.75491317912234701  0.76573433246427791  0.77698444626455332  0.78859982786241223
  0.80033095766036366  0.81181125930724685  0.82270411138619337  0.83331208864896955
  0.84393447987082115  0.85465019871758297  0.86541280913003915  0.87618722957534656
  0.88691221065153991  0.89755819369302126  0.90799464714714206  0.91799350919268630
  0.92765759080641319  0.93755912927283058  0.94772204786359371  0.95771563121529724
  0.96740630393575000  0.97654781222758091  0.98596454691959334  1.00000000000000000
 -0.00235138712656393  0.00934079467165593  0.01929263686933816  0.03001434775135260
  0.04092937000467573  0.05131643670405511  0.06174559003786578  0.07268398557373355
  0.08310911617072063  0.09312406539168204  0.10329995116145585  0.11343284669073493
  0.12354053217305334  0.13351592679210347  0.14387141154537603  0.15451099629051593
  0.16525999708017269  0.17562540624305611  0.18589015553985819  0.19607702125405921
  0.20635506223368474  0.21662109483571926  0.22664075111000612  0.23671916592773617
  0.24664594188078770  0.25704031614570783  0.26751739653362461  0.27872932611616269
  0.28979207373981647  0.30010546461675086  0.31002104596207297  0.32005788970393401
  0.33001265599784496  0.33989780825678995  0.34983108208673158  0.36056134174176607
  0.37167192812659289  0.38251460641909157  0.39293329095251245  0.40320679030449574
  0.41352145584059730  0.42369958338912350  0.43379890060490889  0.44410810756876673
  0.45471470831635369  0.46509454652255094  0.47494088284609026  0.48510047077415303
  0.49541827717921250  0.50594102859196810  0.51646616940597379  0.52724561170231721
  0.53820890160049994  0.54883097013889948  0.55928049927190626  0.56983682887296605
  0.58032305528750938  0.59089003189155531  0.60142585503842461  0.61200051060748140
  0.62313218987461494  0.63371344004028884  0.64407713573743175  0.65442251731813239
  0.66489900676125457  0.67528329268319565  0.68545420672967394  0.69623320261358901
  0.70740475116178037  0.71798899133035532  0.72835572436169105  0.73884524118951866
  0.74934864575384819  0.75964674932669918  0.77013050747126488  0.78127212312090377
  0.79263453175707155  0.80337971660417129  0.81374453675751501  0.82424695034435025
  0.83474772454726587  0.84505245268928153  0.85589127117711328  0.86751975354151756
  0.87936217720332688  0.89139906059194207  0.90333776858255188  0.91497369195573852
  0.92459473183741891  0.93615279355891423  0.94672048437788181  0.95733690971722263
  0.96837133982322676  0.97905310649769817  0.98987219314013386  1.00000000000000000
  0.00000188767117653  0.00000212597367216  0.00000234961220091  0.00000256660478445
  0.00000280422288248  0.00000305499704400  0.00000342543825433  0.00000384316883268
  0.00000429088982199  0.00000475337708698  0.00000520795603650  0.00000565234333366
  0.00000608786730451  0.00000651728511197  0.00000694077944059  0.00000735588540279
  0.00000776143040832  0.00000815889129986  0.00000855062912585  0.00000893754082058
  0.00000932026024870  0.00000969810083272  0.00001007097150943  0.00001043877120657
  0.00001080374538372  0.00001116662206136  0.00001152624508578  0.00001188170847380
  0.00001223045173916  0.00001257298633971  0.00001291193879046  0.00001325039644432
  0.00001359083238229  0.00001393270164757  0.00001427598684983  0.00001461935910863
  0.00001496212465927  0.00001530459987824  0.00001564138355942  0.00001597388516184
  0.00001630028967644  0.00001662794639348  0.00001695500656264  0.00001729087728135
  0.00001762866376738  0.00001796299176735  0.00001829633550051  0.00001863087183221
  0.00001896805349177  0.00001930676221228  0.00001964776660933  0.00002000132301641
  0.00002035950809779  0.00002070310132938  0.00002103323342151  0.00002135519153466
  0.00002166703683165  0.00002198420936310  0.00002230576638330  0.00002264137271463
  0.00002300813837992  0.00002338068493823  0.00002375952525439  0.00002414132442052
  0.00002451951661342  0.00002491400043026  0.00002530087287194  0.00002566092681412
  0.00002603425951370  0.00002645315612158  0.00002694030796618  0.00002745829449754
  0.00002798979652053  0.00002852583655749  0.00002909280774148  0.00002963415300521
  0.00003012126825235  0.00003049725703058  0.00003086033118294  0.00003126327000511
  0.00003172667381034  0.00003230996472027  0.00003286445792489  0.00003360388052584
  0.00003432770210434  0.00003498609083170  0.00003584233401457  0.00003676477827629
  0.00003788805260719  0.00003929462897699  0.00004132900759694  0.00004324108601658
  0.00004500086172724  0.00004727981306690  0.00009151114086143  1.00000000000000000
 -0.00262064474767069  0.00974376378564538  0.01664253077016431  0.02421250682429082
  0.03236186561190676  0.04043088087625338  0.04873413607158439  0.05717449606554956
  0.06601114339032270  0.07526941929387557  0.08466561208848467  0.09397506329545445
  0.10331419411503123  0.11256637662364744  0.12202374422300460  0.13177502027430257
  0.14155863645759539  0.15131607726376750  0.16092856115336146  0.17030652681262484
  0.17946873983738029  0.18853801366978398  0.19765005095855312  0.20676287948715366
  0.21583439587137704  0.22477133123569837  0.23340217091365001  0.24190709475273545
  0.25041800623759458  0.25878676445447568  0.26730843417215810  0.27613967309454662
  0.28510913297093832  0.29419437672690846  0.30377711928010992  0.31383018443322769
  0.32432098617553268  0.33528523119120213  0.34677664994151991  0.35931690521837978
  0.37295547909880566  0.38742528246726393  0.40370448678172988  0.42222398482374218
  0.44190937013854642  0.46069243242873142  0.47519283542509017  0.49042043412514336
  0.50491821195030462  0.51993272112270483  0.54138471472316574  0.56238057807379460
  0.58107284115526880  0.59749587205953869  0.61303388775801015  0.62839446458096726
  0.64278952981238779  0.65575386534061120  0.66749043684755371  0.67812485564460689
  0.68789778991973305  0.69706688126113991  0.70592449810032776  0.71468392806993020
  0.72345968385057646  0.73223413983940344  0.74090914604218616  0.74960302076231944
  0.75860463701097658  0.76782657257051579  0.77705150008364221  0.78619830498588039
  0.79538000641370554  0.80473545772886523  0.81417965619414612  0.82385629477290923
  0.83362709719218231  0.84323994366423483  0.85262275879087346  0.86174490738507081
  0.87080021425197751  0.88000825600180399  0.88944231045325484  0.89880436397847840
  0.90798780134722956  0.91704549124702150  0.92622681973380883  0.93549695208912553
  0.94427979110983795  0.95242178484974760  0.96072369667571045  0.96866050402597992
  0.97662789537803185  0.98456584664322655  0.99222408209184321  1.00000000000000000
  0.69621429742957452  0.71076479878272458  0.72119229595509415  0.73015026594756360
  0.73826678633524834  0.74571282455552879  0.75241795576688753  0.75863627180331650
  0.76502329722918960  0.77086917689155443  0.77616260787979308  0.78130265138756771
  0.78631042117009242  0.79113678390148723  0.79599266336275243  0.80066133928183958
  0.80505294922122173  0.80927720458439922  0.81339394989743363  0.81748392216469945
  0.82152546937619519  0.82545008827476207  0.82922976835499429  0.83286179127888205
  0.83638410451060374  0.83982175137730075  0.84321281918882507  0.84653819645144635
  0.84978820354189688  0.85297570635527231  0.85604854506275541  0.85897981632764286
  0.86181954175984654  0.86461259932170675  0.86736671001133281  0.87007635207703571
  0.87275110720255056  0.87538619973895782  0.87796795872073052  0.88047879047020738
  0.88292192108283662  0.88529473665014957  0.88760572833185480  0.88986687568827216
  0.89209031566085462  0.89428877551066199  0.89647173583847117  0.89864714533868506
  0.90080856465168668  0.90290965888933328  0.90494696772034033  0.90694063648560008
  0.90890799363174546  0.91085767153632868  0.91279249762739645  0.91471111296759977
  0.91661477803865954  0.91853204807178401  0.92045512989874478  0.92230627592612868
  0.92411715295962160  0.92592223098884707  0.92770460657583176  0.92943680496116732
  0.93122435353256738  0.93298210815644722  0.93475258513604698  0.93651526751990344
  0.93827244725280889  0.94004109301360483  0.94183877936231630  0.94364985360121434
  0.94541812964269156  0.94713077965079573  0.94886843642541985  0.95060738742547790
  0.95230691912114696  0.95396938537653964  0.95563094285052741  0.95731128192916648
  0.95904761869954902  0.96077924528555281  0.96237851654604623  0.96389407617333578
  0.96544450890706679  0.96699855710384430  0.96850317580262690  0.96995306359206102
  0.97157355485143149  0.97370915394620972  0.97594153870505496  0.97882198091487560
  0.98247370209633833  0.98703915026952382  0.99145136372060938  1.00000000000000000
  0.27740204805239715  0.28524429703628412  0.29120985884378453  0.29725648673008009
  0.30354029625315171  0.31000297260914123  0.31611159060080685  0.32183679894070721
  0.32746970550184690  0.33291948648588499  0.33818126347591093  0.34338144031365436
  0.34865560727706096  0.35383383483553610  0.35872285946848459  0.36351594198031706
  0.36832327207509935  0.37303368444658735  0.37753403427133114  0.38202686659021617
  0.38667584023175205  0.39134392607179047  0.39592911778071743  0.40046902224260195
  0.40498151331229476  0.40950496988840285  0.41392316099137022  0.41834770386660447
  0.42301454925555315  0.42759239590090720  0.43206391753951223  0.43639790538183015
  0.44074011100716620  0.44504990360707458  0.44935430322909237  0.45371489066323578
  0.45810654974592419  0.46251287079367115  0.46687993848560705  0.47119718047140691
  0.47547101576127032  0.47968624604839460  0.48384757695263109  0.48802758306737615
  0.49224150858161753  0.49646746697331462  0.50066747850810456  0.50484397340878706
  0.50898555072483065  0.51307196839307356  0.51718669511986948  0.52132765539404124
  0.52543730673506150  0.52951044558558258  0.53356650722489785  0.53759049479779131
  0.54162223922253461  0.54572495258174825  0.54988549761627237  0.55402035368278113
  0.55813658332287341  0.56220901628231001  0.56628326392714023  0.57037626725492729
  0.57453432011238892  0.57873610872842440  0.58299003391035742  0.58731993423599327
  0.59175137662149913  0.59613835368598067  0.60050951219328008  0.60492887261451611
  0.60950862455564536  0.61408529613884133  0.61861722174419465  0.62308538434257876
  0.62783413718825420  0.63291847834261872  0.63809111245001215  0.64325064283816780
  0.64854455255363808  0.65402304008967305  0.65960340571892506  0.66525339529330207
  0.67060211565680394  0.67599712760533770  0.68182325958737133  0.68784344985676205
  0.69384251272721531  0.69986959927942627  0.70623727435631178  0.71329543420225749
  0.72078904737933180  0.72862618569047277  0.73814052479161130  1.00000000000000000
   6.7917527322245999E-012  -1.0000000000000000     
  <DiscreteSampler_grid>
  Helicity
  1 # 1 for a reference and 2 for a running grid.
  20 # Attribute 'min_bin_probing_points' of the grid.
  1 # Attribute 'grid_mode' of the grid. 1=='default',2=='initialization'
  0.0000000000000000 # Attribute 'small_contrib_threshold' of the grid.
  0.5000000000000000 # Attribute 'damping_power' of the grid.
 # binID   n_entries weight   weight_sqr   abs_weight
    1   1   5.487351489898466E-013   3.011102637369092E-025   5.487351489898466E-013
    3   669   1.214550596004558E-010   2.453239689986209E-019   1.214550596004558E-010
    4   1847   3.163116970987067E-010   3.023763666537614E-018   3.163116970987067E-010
    5   142   2.444648824224565E-011   5.352785611656573E-021   2.444648824224565E-011
    6   1173   2.123438080936367E-010   6.298504374368582E-019   2.123438080936367E-010
    7   5636   1.006015289382514E-009   6.194510076574111E-017   1.006015289382514E-009
    9   6643   1.171372961341205E-009   8.502104543965062E-017   1.171372961341205E-009
    10   5393   9.544108879189878E-010   7.579174418218079E-017   9.544108879189878E-010
    13   3679   6.504962969405299E-010   4.399882826754259E-017   6.504962969405299E-010
    14   7333   1.299892859278879E-009   1.737814354203290E-016   1.299892859278879E-009
    15   3115   5.459567619257940E-010   2.006049535945474E-017   5.459567619257940E-010
    16   1495   2.644576006364449E-010   3.945798640718277E-018   2.644576006364449E-010
    18   293   5.694422741729211E-011   6.314723168709776E-020   5.694422741729211E-011
    19   3270   5.675983138034457E-010   1.441641846447951E-017   5.675983138034457E-010
    20   22550   3.973783295300176E-009   5.025296137622780E-016   3.973783295300176E-009
    24   1486   2.506997173212623E-010   2.836708488572647E-018   2.506997173212623E-010
    25   1295   2.348825222495891E-010   5.888103522161887E-019   2.348825222495891E-010
    26   40   7.106632201967217E-012   5.239535809402103E-022   7.106632201967217E-012
    27   3043   5.543197507111872E-010   2.331934712886689E-017   5.543197507111872E-010
    28   51   9.204117718733077E-012   6.247345519186816E-022   9.204117718733077E-012
    29   121   2.047050030138493E-011   2.644230664999271E-021   2.047050030138493E-011
    30   224   3.826136112271168E-011   1.047361976529734E-020   3.826136112271168E-011
    31   1119   1.909184325310987E-010   3.952075980473483E-019   1.909184325310987E-010
    32   67   1.440508016679065E-011   1.252801977509153E-021   1.440508016679065E-011
    33   1100   2.090051845290142E-010   6.317457032986990E-019   2.090051845290142E-010
    34   5012   8.852882508620227E-010   4.317761925649668E-017   8.852882508620227E-010
    35   3027   5.073152103290709E-010   1.687214755728022E-017   5.073152103290709E-010
    36   5023   8.482376696397329E-010   8.775277763998858E-017   8.482376696397329E-010
    37   11387   2.018013670672012E-009   3.085044701851202E-016   2.018013670672012E-009
    39   6602   1.210709606482487E-009   9.225178785631127E-017   1.210709606482487E-009
    40   3089   5.390054724949187E-010   1.735021070485827E-017   5.390054724949187E-010
    41   1793   3.223332090427978E-010   1.486169946402505E-018   3.223332090427978E-010
    42   2916   5.109617334966529E-010   1.680198358449976E-017   5.109617334966529E-010
    43   36   5.385789675138899E-012   1.972006348745434E-022   5.385789675138899E-012
    44   16309   2.845373605961427E-009   3.679698119507373E-016   2.845373605961427E-009
    45   115   2.016067247022241E-011   3.940902254483227E-021   2.016067247022241E-011
    46   306   5.593878878782709E-011   3.609025934009300E-020   5.593878878782709E-011
    47   5576   9.869727884082021E-010   4.358000649341666E-017   9.869727884082021E-010
    48   3588   6.319776188817028E-010   3.514224767344961E-017   6.319776188817028E-010
    49   58   8.894982410876866E-012   6.940424963632277E-022   8.894982410876866E-012
    52   2894   5.105055677285437E-010   2.392907690560279E-017   5.105055677285437E-010
    53   3181   5.480936865710509E-010   2.744081131078261E-017   5.480936865710509E-010
    55   9634   1.685630117165345E-009   1.392061126681408E-016   1.685630117165345E-009
    57   1613   2.757608254227219E-010   4.854297329094873E-018   2.757608254227219E-010
    58   2106   3.869562729486296E-010   7.426230194767088E-018   3.869562729486296E-010
    59   14079   2.453132152686494E-009   2.539076906435617E-016   2.453132152686494E-009
    60   2643   4.722176322504131E-010   1.405380632118991E-017   4.722176322504131E-010
    61   810   1.298349938415639E-010   2.821148021250980E-019   1.298349938415639E-010
    62   2623   4.771669661849837E-010   3.025334457244003E-017   4.771669661849837E-010
    63   2497   4.372518704265850E-010   5.640051016684356E-018   4.372518704265850E-010
    64   4250   7.551259328660367E-010   3.152708376045143E-017   7.551259328660367E-010
  </DiscreteSampler_grid>
  <DiscreteSampler_grid>
  grouped_processes
  1 # 1 for a reference and 2 for a running grid.
  10 # Attribute 'min_bin_probing_points' of the grid.
  1 # Attribute 'grid_mode' of the grid. 1=='default',2=='initialization'
  0.0000000000000000 # Attribute 'small_contrib_threshold' of the grid.
  0.5000000000000000 # Attribute 'damping_power' of the grid.
 # binID   n_entries weight   weight_sqr   abs_weight
    10   10   2.648597768969094E-004   2.072069359745218E-007   2.648597768969094E-004
    16   10   2.648597768969094E-004   2.072069359745219E-007   2.648597768969094E-004
    22   10   2.648597768969094E-004   2.072069359745218E-007   2.648597768969094E-004
    28   10   2.648597768969094E-004   2.072069359745218E-007   2.648597768969094E-004
  </DiscreteSampler_grid>
