  0.00000022250012994  0.00000022795256519  0.00000023091520021  0.00000023400963789
  0.00000023677245935  0.00000023963708140  0.00000024318368240  0.00000024715293974
  0.00000025133807950  0.00000025542568542  0.00000025947952103  0.00000026365870716
  0.00000026797469341  0.00000027239361268  0.00000027687686536  0.00000028135694444
  0.00000028576364219  0.00000029049832333  0.00000029583486382  0.00000030153712594
  0.00000030724243890  0.00000031288383954  0.00000031861991456  0.00000032446869385
  0.00000033037982844  0.00000033656267868  0.00000034301871650  0.00000034963399235
  0.00000035628905491  0.00000036303952634  0.00000036993559329  0.00000037701218388
  0.00000038426079056  0.00000039172457835  0.00000039969434839  0.00000040782533279
  0.00000041598333410  0.00000042421829688  0.00000043279150818  0.00000044169887849
  0.00000045084334977  0.00000046014728642  0.00000046975057663  0.00000047975986474
  0.00000049016921043  0.00000050094204920  0.00000051206811853  0.00000052353289062
  0.00000053520111558  0.00000054725269064  0.00000056002316104  0.00000057355665355
  0.00000058758374591  0.00000060147092957  0.00000061495542291  0.00000062842440058
  0.00000064351134615  0.00000066081462468  0.00000067950776362  0.00000069898349654
  0.00000071910091368  0.00000073997057981  0.00000076163858277  0.00000078486186348
  0.00000081012956567  0.00000083710264845  0.00000086561561552  0.00000089505690139
  0.00000092600222457  0.00000096080029712  0.00000099889789672  0.00000103933079434
  0.00000108243219265  0.00000112932373595  0.00000118059357880  0.00000123658505249
  0.00000129703403170  0.00000136220484612  0.00000143457255046  0.00000151530670013
  0.00000160483345576  0.00000170377480892  0.00000181505955916  0.00000194153954139
  0.00000209575260492  0.00000228203020960  0.00000251230855828  0.00000281190262927
  0.00000319989614605  0.00000377032040932  0.00000467254668295  0.00000616752209291
  0.00000884643904956  0.00001759719318642  0.00003954213725204  1.00000000000000000
  0.00000017994022738  0.00000018881393866  0.00000019325162936  0.00000019803664824
  0.00000020365660902  0.00000020990651655  0.00000021623179670  0.00000022254752615
  0.00000022897132271  0.00000023536592920  0.00000024197071108  0.00000024885399173
  0.00000025592136322  0.00000026308927040  0.00000027035535122  0.00000027781886136
  0.00000028564092404  0.00000029385332718  0.00000030232257480  0.00000031095149406
  0.00000031980941981  0.00000032896368302  0.00000033834858434  0.00000034805684343
  0.00000035818454924  0.00000036857170218  0.00000037931858230  0.00000039061356804
  0.00000040232718425  0.00000041447541587  0.00000042698116898  0.00000043999491036
  0.00000045352142047  0.00000046763229820  0.00000048224075676  0.00000049723513760
  0.00000051271342495  0.00000052899945874  0.00000054634589965  0.00000056455207809
  0.00000058317333921  0.00000060234090719  0.00000062241173461  0.00000064355021419
  0.00000066591793390  0.00000068939719255  0.00000071352851153  0.00000073730612932
  0.00000076056370280  0.00000078385817566  0.00000080880087633  0.00000083645928776
  0.00000086520477590  0.00000089508266665  0.00000092589063234  0.00000095825841152
  0.00000099228862660  0.00000102790225059  0.00000106512947755  0.00000110401749445
  0.00000114554146459  0.00000118991990915  0.00000123642355722  0.00000128461798487
  0.00000133386811581  0.00000138784544620  0.00000144882055061  0.00000151418940837
  0.00000158357947081  0.00000165778014935  0.00000173748393354  0.00000182218324225
  0.00000191241751579  0.00000200921217084  0.00000211481056794  0.00000222911382171
  0.00000235359545999  0.00000249180982518  0.00000264509411863  0.00000281193019345
  0.00000300033314327  0.00000321844072181  0.00000347803109015  0.00000379772860122
  0.00000418024514039  0.00000459476411905  0.00000506184067456  0.00000564155118745
  0.00000636764329885  0.00000730107830269  0.00000857115736894  0.00001065939108344
  0.00001399093350072  0.00001889689239313  0.00002943243448881  1.00000000000000000
  0.00000015494671790  0.00000021046923600  0.00000023140571147  0.00000025338564365
  0.00000027597157262  0.00000029842390220  0.00000032126983959  0.00000034450782091
  0.00000036777880493  0.00000039137849561  0.00000041518503868  0.00000043932066984
  0.00000046343601220  0.00000048710291164  0.00000051077589170  0.00000053495217470
  0.00000055969122824  0.00000058459995810  0.00000060949285843  0.00000063432187322
  0.00000065922559009  0.00000068448458375  0.00000071040076550  0.00000073690885953
  0.00000076369275017  0.00000079079044359  0.00000081808558629  0.00000084558537543
  0.00000087366966904  0.00000090254374799  0.00000093214204531  0.00000096205121921
  0.00000099227795551  0.00000102263007339  0.00000105418280121  0.00000108707515209
  0.00000112115266662  0.00000115624772699  0.00000119211505049  0.00000122892509914
  0.00000126653750943  0.00000130348480875  0.00000134032927820  0.00000137977441962
  0.00000142235908919  0.00000146723719018  0.00000151342351290  0.00000156014622889
  0.00000160739633926  0.00000165603605202  0.00000170689244220  0.00000175991911102
  0.00000181499066972  0.00000187175290930  0.00000193024715130  0.00000199137729465
  0.00000205616307551  0.00000212498884958  0.00000219704699829  0.00000227248615652
  0.00000235096005090  0.00000243213340063  0.00000251663868645  0.00000260642179272
  0.00000270396863415  0.00000280884052047  0.00000292095597516  0.00000304179826602
  0.00000316982706756  0.00000330422332440  0.00000344584862606  0.00000359952691078
  0.00000377183258622  0.00000395963453774  0.00000416545585662  0.00000440522225491
  0.00000469613622029  0.00000502446179680  0.00000538181236013  0.00000582080203925
  0.00000626719313641  0.00000687835757766  0.00000749674309483  0.00000822410916084
  0.00000901018091484  0.00000990917022904  0.00001100286197988  0.00001210639465273
  0.00001330178882083  0.00001502949836383  0.00001702595532629  0.00001950242196263
  0.00002233131635961  0.00002575923940821  0.00003003996268343  1.00000000000000000
 -0.00239280648347950  0.01127851031143121  0.02129840792936431  0.03127881588505659
  0.04166047325910925  0.05363106318856444  0.06565810536102562  0.07682940913744318
  0.08763529568216352  0.09827188731873493  0.10844054508816341  0.11819198579710571
  0.12758494828148090  0.13666673026721252  0.14553704080833696  0.15406279406668974
  0.16256042183241709  0.17090177672349832  0.17903033138454238  0.18742395723602651
  0.19644716432980683  0.20569984775188388  0.21465073818335953  0.22346206615643499
  0.23212026305748176  0.24055238128231807  0.24891365339538027  0.25735718256358581
  0.26586805841258759  0.27418107094992716  0.28227133310093228  0.29030146147166480
  0.29833491993810080  0.30642293457139291  0.31451273706760285  0.32256352641689173
  0.33063377156995838  0.33876364097904327  0.34695037751871344  0.35499285271937842
  0.36281763871466449  0.37052972189550232  0.37816054379531078  0.38579273997079272
  0.39342017154608905  0.40101697417810134  0.40856666154213994  0.41616529361252247
  0.42388227876991147  0.43172132781952777  0.43970968053544190  0.44780401742510212
  0.45597431729995730  0.46408734439992028  0.47218499556582227  0.48024933082020882
  0.48818683080455211  0.49609334011012279  0.50410853957131629  0.51223552454760912
  0.52057385427606617  0.52913992720442471  0.53779574712590406  0.54636616632604429
  0.55468418522820173  0.56300128351565748  0.57149903210675324  0.58031465368958390
  0.58963667411165754  0.59919322266384001  0.60873237580658135  0.61815052191434261
  0.62758740174142602  0.63705381338867961  0.64685104514689906  0.65682802160835629
  0.66722719265672614  0.67804490763751735  0.68889122918790291  0.70013167792110997
  0.71179004527572109  0.72412873808967049  0.73738021800811693  0.75144537994427796
  0.76602489468580248  0.78209761081894280  0.79938309830243859  0.81765912755207137
  0.83722560436892479  0.85921403481392378  0.88648520937722131  0.91539935940187567
  0.94022354399464336  0.96123225788856770  0.98010492182988240  1.00000000000000000
 -0.00244567957547543  0.00947960934922893  0.02011574360392169  0.03077011932663598
  0.04164132101387313  0.05248508061562605  0.06408102668203401  0.07510373324377591
  0.08604488552861149  0.09733977059954663  0.10868102228140103  0.11920161022180305
  0.12905242571723222  0.13893469739409658  0.14949207687011584  0.16045183030020990
  0.17135426926443392  0.18215144610668849  0.19310451737830567  0.20429031076921508
  0.21554848026193232  0.22687396697410683  0.23822406574313465  0.24934109702709983
  0.26046616273799600  0.27156938642449818  0.28285986435504745  0.29407657901421586
  0.30554808405864098  0.31652601682313919  0.32714496572629337  0.33785208317564963
  0.34865035408641526  0.35960090078262263  0.37051628257201719  0.38159876251337943
  0.39273048549820505  0.40322861011359651  0.41361398510123065  0.42413252141913305
  0.43469997638020469  0.44546973899231002  0.45631692481778069  0.46684304453383896
  0.47693157411602549  0.48679997660467811  0.49692827649491045  0.50689386280087445
  0.51679345449421388  0.52701757912080849  0.53797463724652506  0.54867087673140014
  0.55907269012699734  0.56918937420590532  0.57929872771760360  0.58923138299222622
  0.59913655292520340  0.60913748989945804  0.61927443778157043  0.62932961008181454
  0.63929837527127376  0.64915395228182948  0.65900371001980351  0.66921724484955214
  0.67967226466106134  0.69006538189440958  0.70036891747854224  0.71036218917663319
  0.72024158611361377  0.73010005667410516  0.74004740091520804  0.75002308337671253
  0.76014670430541387  0.77019149396089337  0.77999876894121090  0.78983901876957552
  0.79969992838121462  0.80951112626940558  0.81931590334924465  0.82906505718729673
  0.83912357514577751  0.84988025775704090  0.86084182102631979  0.87170446604693264
  0.88245779286613191  0.89303905960972751  0.90346866186332142  0.91392053289537145
  0.92439390024697043  0.93498315458899994  0.94576640904911768  0.95665662124076811
  0.96758882455740669  0.97830918534122835  0.98917697790528802  1.00000000000000000
 -0.00125372402756149  0.00510143745924139  0.02018553581703799  0.03093230876885003
  0.04163517631915151  0.05250827761508250  0.06342979404085655  0.07406923050239991
  0.08494810602234490  0.09578447429918541  0.10679598495610435  0.11788912542115432
  0.12898670906165705  0.14108705773740871  0.15283401157000034  0.16432488105793810
  0.17584628915776515  0.18736340452509392  0.19874838431264294  0.21008968243159717
  0.22131847124241641  0.23251559556212092  0.24368509100174593  0.25474130425544872
  0.26564871509933830  0.27641706335123722  0.28716189913573348  0.29775545198926345
  0.30820950324117896  0.31862071652691004  0.32923203727685368  0.34024330751135168
  0.35150527271587645  0.36271742806691898  0.37353428748767042  0.38382930755134514
  0.39387238314778339  0.40385938823924250  0.41385369502744612  0.42393436719835181
  0.43374505535308655  0.44401955622646627  0.45452783694266996  0.46531624288041928
  0.47616972445132766  0.48722427757266712  0.49835721301122005  0.50951234782611621
  0.52069042762420570  0.53187472081488263  0.54266852372408136  0.55293362423255588
  0.56240464675056567  0.57150026651495611  0.58055086292400437  0.58994285249174494
  0.59966209527229208  0.60931709799677691  0.61922851610387464  0.62913077425535813
  0.63931080673348606  0.64919087103398287  0.65901097965787614  0.66846029483049318
  0.67751350702392443  0.68679121739353943  0.69612997376515495  0.70555104034492011
  0.71571115499120530  0.72610946090291795  0.73652068541082394  0.74720405372369958
  0.75780160603318092  0.76829257678762553  0.77884074581808493  0.78901327958564516
  0.79877560822977600  0.80824069832796286  0.81838857303053147  0.82873788124583037
  0.83918179786648972  0.84953513656206203  0.85980816055453568  0.87029592287018720
  0.88087329914591639  0.89131277213733795  0.90175384387323854  0.91225013562882162
  0.92278480921942918  0.93326121740593537  0.94389299889421663  0.95488876738065864
  0.96586069512239481  0.97648411851447814  0.98786631794570501  1.00000000000000000
  0.00000184812644016  0.00000201793975049  0.00000220512853872  0.00000239255847724
  0.00000259937254728  0.00000288969991919  0.00000325309074680  0.00000364188228813
  0.00000405763354209  0.00000448203431705  0.00000491701285420  0.00000535462328199
  0.00000578934372196  0.00000622148326286  0.00000664663915042  0.00000706535039634
  0.00000747723485145  0.00000788138817210  0.00000828212889410  0.00000867900549066
  0.00000907103906612  0.00000946084563180  0.00000984946493380  0.00001023462140856
  0.00001061335463617  0.00001098956076177  0.00001136475046930  0.00001173846290768
  0.00001211267497510  0.00001248311124588  0.00001285046923491  0.00001321143013069
  0.00001356859523057  0.00001392373154776  0.00001427172396395  0.00001461695386732
  0.00001496522991079  0.00001530821723000  0.00001565087574785  0.00001598468188284
  0.00001631334341267  0.00001664156099558  0.00001696696638293  0.00001729250393905
  0.00001761862854517  0.00001794557218705  0.00001827428260493  0.00001859658774930
  0.00001892782876607  0.00001926217541252  0.00001962025624317  0.00001998261756220
  0.00002032528456805  0.00002062429750267  0.00002090732820598  0.00002119385655027
  0.00002148318636795  0.00002179293499710  0.00002213190677804  0.00002248360052768
  0.00002283939192775  0.00002318616931585  0.00002353227068292  0.00002386893793764
  0.00002419490828625  0.00002452244133788  0.00002484389152857  0.00002518382394851
  0.00002552747242195  0.00002589476917487  0.00002630323409806  0.00002671364277263
  0.00002710456997400  0.00002751481531263  0.00002794187045327  0.00002837751266446
  0.00002882971334964  0.00002928930813009  0.00002976021115901  0.00003028709456420
  0.00003088191369112  0.00003157965185273  0.00003234024000458  0.00003300969259579
  0.00003366713181037  0.00003443736081283  0.00003544975784545  0.00003646055351361
  0.00003740927080670  0.00003859590353668  0.00003931960243299  0.00004046078174411
  0.00004199689170358  0.00004337980617145  0.00011403609497021  1.00000000000000000
 -0.00174699864850893  0.00711439224126638  0.01437076741198917  0.02232254998151509
  0.03048508071000749  0.03878174764766992  0.04719751334301756  0.05573836241332531
  0.06445464069480306  0.07375242119629918  0.08327688480287794  0.09247804210437503
  0.10181172242729984  0.11126349229650556  0.12068390276487533  0.12974629925384756
  0.13882646608810487  0.14804819974971539  0.15735777145842192  0.16643240979171894
  0.17550327668347201  0.18454977860713612  0.19356802192453160  0.20256985583902279
  0.21146286644848805  0.22033639074281836  0.22946986538242775  0.23881787842312707
  0.24803097808488744  0.25710671194612089  0.26622114977658812  0.27543018776711131
  0.28479698015731714  0.29366467977004929  0.30228394580906309  0.31134467787268516
  0.32110665705041225  0.33178333688923800  0.34398784733887733  0.35712554028986232
  0.37042497253967333  0.38526117261345078  0.39959094559280101  0.41285020119344984
  0.42620984150518598  0.44148131949392327  0.45605025156361662  0.46994594233595055
  0.48429612261853805  0.49926858602332003  0.51503200934636428  0.53108867715909114
  0.54682784822474950  0.56343190859890802  0.58075957275456302  0.59786030951558877
  0.61533853214946788  0.63103207144905371  0.64487974498021672  0.65829539005157522
  0.67075452144913583  0.68210569203122051  0.69297480816063595  0.70408288976369360
  0.71538668051707754  0.72678814480779175  0.73675820933619018  0.74588050395428496
  0.75566696397634148  0.76559552685302579  0.77503594944455512  0.78416785897620300
  0.79332940169012423  0.80236970881385583  0.81145118261722404  0.82057402486466491
  0.82977031419673386  0.83911455422995074  0.84870359312888399  0.85792088873405792
  0.86679302303449945  0.87588668948988591  0.88503063382441161  0.89411042674001107
  0.90321203760872593  0.91223818174069216  0.92130355567216382  0.93062763698232964
  0.93982421988579778  0.94865690215308196  0.95759031843944131  0.96616763279020446
  0.97473781011601202  0.98302331976511725  0.99128084816852002  1.00000000000000000
  0.70341046963438414  0.70955824650678145  0.71461496163137816  0.71991072945349632
  0.72311971170028955  0.72678184015681258  0.73376449653686970  0.74157615973492641
  0.74874299424699720  0.75488433278355715  0.76089709546904094  0.76643910524733494
  0.77166886460031170  0.77680584928780616  0.78185538684309575  0.78662360428564992
  0.79112780661789661  0.79542955446333441  0.79970877902101045  0.80383212189102848
  0.80769027257163206  0.81150857549704569  0.81531892485845936  0.81903426536332224
  0.82269150603667018  0.82625298518180201  0.82970786582451816  0.83309349739470784
  0.83638099443909608  0.83955995161083641  0.84265077516819087  0.84565366388221352
  0.84858593470684252  0.85145294180938613  0.85429273739852651  0.85710483286131911
  0.85986126349008796  0.86254590917979335  0.86515771041443601  0.86775554859561987
  0.87033641663206351  0.87284715780296462  0.87529829403874082  0.87775972798693525
  0.88021900174070933  0.88260214512105650  0.88493003196687625  0.88723263159971544
  0.88952738011612098  0.89178351174806514  0.89398257834134265  0.89616634996278943
  0.89835674240696739  0.90052928431227874  0.90266597230341972  0.90478667494497933
  0.90691463371522085  0.90904147744701969  0.91112666652286634  0.91315025365174529
  0.91508414567271690  0.91702043889833584  0.91901035363738848  0.92098626431449515
  0.92295251929162958  0.92490280645445444  0.92681917761673716  0.92869194871236227
  0.93053730202831797  0.93238016534622903  0.93426171720290374  0.93624225426508056
  0.93812947203782482  0.93988735969020376  0.94159037846246674  0.94330711431437153
  0.94508388238945984  0.94688985649039892  0.94861397398857739  0.95030005153991026
  0.95195733189677545  0.95362499364657438  0.95540688107433402  0.95717410126807134
  0.95890997438250880  0.96063603765320205  0.96234741130037127  0.96393692785199692
  0.96556843984148422  0.96845403283316522  0.97220302557787286  0.97638302778645725
  0.98072174448695970  0.98467367154931351  0.98773938922864890  1.00000000000000000
  0.28304523511818103  0.29031696505134913  0.29648400583621426  0.30306383116888880
  0.30920993545747261  0.31535061228947631  0.32135765899888030  0.32734193256076516
  0.33313463973890473  0.33872352141260847  0.34408042700832181  0.34931073656543765
  0.35439864767722662  0.35951032985835674  0.36462896223470981  0.36969466077118779
  0.37462409862477325  0.37939477385824949  0.38412529417063002  0.38887680143841863
  0.39333827705053587  0.39766102623696775  0.40196787368822262  0.40637784849054981
  0.41100252816363325  0.41552245970192431  0.41985950465920840  0.42412455854660064
  0.42836353423287160  0.43256980168449788  0.43673382600308269  0.44081907180921570
  0.44491551372837029  0.44906323793332842  0.45322385819931504  0.45741608728458416
  0.46164971188357384  0.46586602968276580  0.47003891058365249  0.47417808072420736
  0.47832898482051239  0.48249089144690371  0.48667968816790280  0.49087731529090767
  0.49511840948010072  0.49938344690935421  0.50359511113322775  0.50777603107912472
  0.51188657966705298  0.51607184522055305  0.52025437387608331  0.52433317862659290
  0.52835586886106523  0.53238941873711587  0.53657341986941332  0.54080482913089500
  0.54491496629854352  0.54893488361708986  0.55292990976408674  0.55697185944415784
  0.56105451592260913  0.56515128031980089  0.56922984824232015  0.57330774936406725
  0.57741863153876205  0.58162075890131038  0.58580392136535597  0.58996250210555756
  0.59419831587042438  0.59854180375785748  0.60294239663552840  0.60735771450591425
  0.61179104481863100  0.61631084408389236  0.62095967748177738  0.62573735902645888
  0.63061809176029626  0.63551989719501201  0.64045310035301684  0.64544535903054823
  0.65053441005324419  0.65564943863513914  0.66094276371985106  0.66633306552758065
  0.67193259030625641  0.67778569068722772  0.68396492933868236  0.69027627319267348
  0.69673579606655400  0.70248747804969958  0.70607489229620368  0.70877191949012508
  0.71586505964225411  0.72255076692393827  0.73007255299322016  1.00000000000000000
   7.9760547799219969E-012  -1.0000000000000000     
  <DiscreteSampler_grid>
  Helicity
  1 # 1 for a reference and 2 for a running grid.
  20 # Attribute 'min_bin_probing_points' of the grid.
  1 # Attribute 'grid_mode' of the grid. 1=='default',2=='initialization'
  0.0000000000000000 # Attribute 'small_contrib_threshold' of the grid.
  0.5000000000000000 # Attribute 'damping_power' of the grid.
 # binID   n_entries weight   weight_sqr   abs_weight
    1   3939   1.313753154815760E-009   5.127226421328348E-017   1.313753154815760E-009
    2   765   2.486287485537594E-010   7.205821752217766E-019   2.486287485537594E-010
    3   22   6.952029847828128E-012   3.941598592906418E-022   6.952029847828128E-012
    4   4703   1.516377287292233E-009   1.132934619351510E-016   1.516377287292233E-009
    5   2186   6.954281104757798E-010   2.293726117278315E-017   6.954281104757798E-010
    6   18   3.813265860903455E-012   8.546537711837240E-023   3.813265860903455E-012
    9   8931   2.988240831868810E-009   2.809436717209941E-016   2.988240831868810E-009
    10   2557   8.445667968723197E-010   1.142410252653499E-017   8.445667968723197E-010
    11   3558   1.205594765707413E-009   2.213272638543791E-017   1.205594765707413E-009
    12   5066   1.739704914567689E-009   1.548645711323354E-016   1.739704914567689E-009
    13   3813   1.220520545445648E-009   2.577797712776755E-017   1.220520545445648E-009
    14   11354   3.716171629997143E-009   2.072576025282270E-016   3.716171629997143E-009
    15   3480   1.167286717238771E-009   3.068289092576757E-017   1.167286717238771E-009
    16   28   5.219618645733082E-012   7.325550701525417E-023   5.219618645733082E-012
    17   342   1.265962823190495E-010   1.606148320869421E-019   1.265962823190495E-010
    18   1828   6.030566624599857E-010   6.218913042241917E-018   6.030566624599857E-010
    19   1   9.179233781003058E-014   8.425833280630770E-027   9.179233781003058E-014
    20   7883   2.654907459236148E-009   2.395961262178124E-016   2.654907459236148E-009
    21   3068   1.018713793596103E-009   4.445791033835050E-017   1.018713793596103E-009
    22   349   1.166147578792512E-010   1.005917603011595E-019   1.166147578792512E-010
    25   631   2.103610114243411E-010   3.242982958123827E-019   2.103610114243411E-010
    26   770   2.763342998209447E-010   9.129133860136361E-019   2.763342998209447E-010
    28   13   3.223684160596293E-012   4.448438877811480E-023   3.223684160596293E-012
    29   1848   6.058951406464729E-010   9.330243503513034E-018   6.058951406464729E-010
    30   3221   1.110259954700306E-009   2.308214273928931E-017   1.110259954700306E-009
    31   14018   4.582044089095711E-009   5.902755347531197E-016   4.582044089095711E-009
    32   2   2.349276543432998E-013   9.502820744263340E-026   2.349276543432998E-013
    33   1269   4.162010871897049E-010   3.823841501600776E-018   4.162010871897049E-010
    34   1   8.090809558498732E-014   6.546119931189443E-027   8.090809558498732E-014
    36   432   1.381299490379151E-010   3.273498897534583E-019   1.381299490379151E-010
    37   18   2.983680644787316E-012   2.910974559924319E-023   2.983680644787316E-012
    38   2341   7.759555903798570E-010   1.724296505805466E-017   7.759555903798570E-010
    39   1458   4.915749420361263E-010   4.403424792336104E-018   4.915749420361263E-010
    40   5068   1.719309303954667E-009   8.145234208505524E-017   1.719309303954667E-009
    41   482   1.540501099066149E-010   2.740246425887499E-019   1.540501099066149E-010
    42   4500   1.504402072813548E-009   4.045986737277507E-017   1.504402072813548E-009
    43   3245   1.047864369216027E-009   2.891076053487370E-017   1.047864369216027E-009
    44   3899   1.315947410831461E-009   5.401081230510264E-017   1.315947410831461E-009
    45   2409   8.320062572743389E-010   1.665003647724800E-017   8.320062572743389E-010
    46   1826   6.068034736249209E-010   1.116277922757818E-017   6.068034736249209E-010
    49   3689   1.250217459749399E-009   5.182050093726245E-017   1.250217459749399E-009
    50   2120   7.018169668326377E-010   1.918199340240361E-017   7.018169668326377E-010
    51   3740   1.289500376968530E-009   3.413797348797554E-017   1.289500376968530E-009
    52   2707   8.946621320629120E-010   9.611896601513616E-018   8.946621320629120E-010
    53   3912   1.309963355320097E-009   3.080678885771416E-017   1.309963355320097E-009
    54   303   1.011282978339697E-010   8.033194767958438E-020   1.011282978339697E-010
    55   138   4.313305176074805E-011   1.540300559134266E-020   4.313305176074805E-011
    56   1778   5.801970603215667E-010   9.385704419297507E-018   5.801970603215667E-010
    57   245   8.485423304488423E-011   6.262547925115849E-020   8.485423304488423E-011
    58   610   2.198641847819699E-010   5.989009762190481E-019   2.198641847819699E-010
    59   4372   1.417221974316278E-009   7.698909648266221E-017   1.417221974316278E-009
    60   2959   1.002116188069901E-009   2.026770641593110E-017   1.002116188069901E-009
    63   98   3.589653467315834E-011   6.518161750117252E-021   3.589653467315834E-011
    64   2945   9.263149142322012E-010   2.357001809762171E-017   9.263149142322012E-010
  </DiscreteSampler_grid>
  <DiscreteSampler_grid>
  grouped_processes
  1 # 1 for a reference and 2 for a running grid.
  10 # Attribute 'min_bin_probing_points' of the grid.
  1 # Attribute 'grid_mode' of the grid. 1=='default',2=='initialization'
  0.0000000000000000 # Attribute 'small_contrib_threshold' of the grid.
  0.5000000000000000 # Attribute 'damping_power' of the grid.
 # binID   n_entries weight   weight_sqr   abs_weight
    10   10   1.884693488002004E-003   1.529529277279750E-005   1.884693488002004E-003
    16   10   1.884693488002004E-003   1.529529277279750E-005   1.884693488002004E-003
    22   10   1.884693488002004E-003   1.529529277279750E-005   1.884693488002004E-003
    28   10   1.884693488002004E-003   1.529529277279749E-005   1.884693488002004E-003
  </DiscreteSampler_grid>
