  0.00000071922239023  0.00000073489667882  0.00000074337244458  0.00000075187562451
  0.00000076349273974  0.00000077470943589  0.00000078624289375  0.00000079789794941
  0.00000080952673774  0.00000082107721993  0.00000083279324465  0.00000084416557191
  0.00000085582483328  0.00000086783238786  0.00000088021763945  0.00000089291107173
  0.00000090563780975  0.00000091857649091  0.00000093156455106  0.00000094478736657
  0.00000095817658779  0.00000097142489241  0.00000098464788899  0.00000099769047985
  0.00000101301370909  0.00000102900310765  0.00000104464694971  0.00000106020571790
  0.00000107592363304  0.00000109200776736  0.00000110853707605  0.00000112528059216
  0.00000114217105283  0.00000115922126573  0.00000117595923852  0.00000119278495163
  0.00000121028033808  0.00000122784582198  0.00000124570722920  0.00000126374049064
  0.00000128194495393  0.00000129999860084  0.00000131825009596  0.00000133657860467
  0.00000135558234337  0.00000137422296358  0.00000139299631337  0.00000141230195765
  0.00000143233144085  0.00000145303612826  0.00000147412768522  0.00000149582059819
  0.00000151764762234  0.00000153942230896  0.00000156121784715  0.00000158273569814
  0.00000160448777820  0.00000162581873345  0.00000164715174468  0.00000167075735614
  0.00000169419821537  0.00000171778307009  0.00000174155901854  0.00000176556471480
  0.00000179005878863  0.00000181565080148  0.00000184080046031  0.00000186629728874
  0.00000189188052952  0.00000191764905298  0.00000194526759982  0.00000197484272378
  0.00000200508181070  0.00000203491637533  0.00000206463368496  0.00000209398761624
  0.00000212391248077  0.00000215417017829  0.00000218382292623  0.00000221425238155
  0.00000224155605962  0.00000227046028364  0.00000230039761267  0.00000233468866044
  0.00000236941115202  0.00000240571636947  0.00000244229861007  0.00000247882433456
  0.00000252119683198  0.00000256511703316  0.00000260849817193  0.00000265146788222
  0.00000268874674655  0.00000271621680947  0.00000272240205255  1.00000000000000000
  0.00000016878766929  0.00000017618957552  0.00000018152246171  0.00000018731374242
  0.00000019319868387  0.00000019924397813  0.00000020590209206  0.00000021333319762
  0.00000022123971832  0.00000022919343261  0.00000023686780776  0.00000024489984134
  0.00000025400948684  0.00000026389606550  0.00000027406946212  0.00000028449157427
  0.00000029495267830  0.00000030542406285  0.00000031582670434  0.00000032680713949
  0.00000033816767691  0.00000035011245576  0.00000036197776302  0.00000037618591652
  0.00000038964700453  0.00000040339117672  0.00000041725580940  0.00000043175294248
  0.00000044713699723  0.00000046308032036  0.00000047934530869  0.00000049553425608
  0.00000051193813993  0.00000052980057466  0.00000054965933113  0.00000057030415452
  0.00000059106052262  0.00000061241140558  0.00000063386873781  0.00000065510614046
  0.00000067654209261  0.00000069821966250  0.00000071990329079  0.00000074133729389
  0.00000076228808695  0.00000078650283379  0.00000081274465288  0.00000083973781252
  0.00000086737221631  0.00000089524470989  0.00000092400984126  0.00000095422219417
  0.00000098485143767  0.00000101523722319  0.00000104544092747  0.00000107556713675
  0.00000110661913893  0.00000114120719571  0.00000118167290278  0.00000122006178496
  0.00000125887236453  0.00000129760196346  0.00000133821834507  0.00000138151041017
  0.00000142774141759  0.00000147514236157  0.00000152436379161  0.00000157375118355
  0.00000162552871337  0.00000168567325366  0.00000175438957980  0.00000182820021824
  0.00000190477027835  0.00000198742055390  0.00000208610879956  0.00000219581389797
  0.00000231048032709  0.00000244420938824  0.00000260577968309  0.00000275647287547
  0.00000291248886378  0.00000309693544203  0.00000332546471782  0.00000362922295604
  0.00000396730130683  0.00000440554689387  0.00000509338225653  0.00000593468641099
  0.00000696512243432  0.00000820477334538  0.00000988737636025  0.00001178045840089
  0.00001393100894461  0.00001644076875936  0.00001994935156007  1.00000000000000000
  0.00000102366612972  0.00000105353979689  0.00000107774507857  0.00000110250178884
  0.00000112990830144  0.00000117082066229  0.00000121257727784  0.00000125376426601
  0.00000129556983696  0.00000133537679627  0.00000137548519915  0.00000141745107767
  0.00000146065964819  0.00000150427935783  0.00000154873973141  0.00000159320979094
  0.00000163898942303  0.00000168911260189  0.00000174223703957  0.00000179472599614
  0.00000184792341201  0.00000190303673005  0.00000196104540004  0.00000202267706667
  0.00000208670932988  0.00000214910101900  0.00000221178527020  0.00000227600397105
  0.00000234262778066  0.00000241030949953  0.00000249372043463  0.00000257830129787
  0.00000266335508336  0.00000275220789645  0.00000284375699160  0.00000294031046339
  0.00000304385234944  0.00000314279526340  0.00000324191184099  0.00000334282248827
  0.00000344972218356  0.00000356971015362  0.00000370191497456  0.00000384046368227
  0.00000398235868904  0.00000412560253266  0.00000427181433761  0.00000443096863962
  0.00000460237894418  0.00000478208367923  0.00000496841439895  0.00000516954525809
  0.00000540389570810  0.00000565946765746  0.00000592453151909  0.00000619870836088
  0.00000646640782026  0.00000673154890417  0.00000699846670093  0.00000726307302785
  0.00000753710838110  0.00000785901006843  0.00000819891581169  0.00000854921304880
  0.00000890614696296  0.00000928561128500  0.00000970119408537  0.00001013526756936
  0.00001056727406988  0.00001109066471620  0.00001190991796700  0.00001289780494673
  0.00001401592544790  0.00001519386642127  0.00001629499539625  0.00001740597203102
  0.00001862074836325  0.00001987603162671  0.00002101702817877  0.00002200955004438
  0.00002329649249198  0.00002522716073376  0.00002732097043409  0.00002948031390330
  0.00003161766203519  0.00003332919281836  0.00003733181191263  0.00004315023606275
  0.00004858357351387  0.00005214399700317  0.00005558470107900  0.00006052924980777
  0.00006607187564843  0.00007105347965540  0.00007464096920572  1.00000000000000000
 -0.00204550219473397  0.00666456262070509  0.01403391603398187  0.02157169580692080
  0.02944461679250235  0.03753566940851928  0.04607449956693712  0.05572701715822335
  0.06509417273539866  0.07393040965966201  0.08264026704410145  0.09150721554545986
  0.10040220088051324  0.10862933072262282  0.11609697417815633  0.12404289210252650
  0.13231306570015172  0.14077550223967450  0.14907049485693788  0.15694973699508774
  0.16485401626647286  0.17345568816042611  0.18264547633541575  0.19176338091494077
  0.20090769442564121  0.20979450320134374  0.21795835056420365  0.22613035975354179
  0.23445168143494330  0.24282804092532734  0.25112428655870833  0.25924437057991817
  0.26735051529011761  0.27726853194457129  0.28833584935344825  0.29934925097227005
  0.31044115253084237  0.32207365670917321  0.33363701104824040  0.34472169087853660
  0.35581326099233102  0.36685257425111678  0.37812690325196752  0.38980632218749178
  0.40176996975450441  0.41380269305639045  0.42517181648854752  0.43651242258468798
  0.44798092479518031  0.45962891477875373  0.47111352833419784  0.48268075471714050
  0.49456503939049412  0.50592872050188531  0.51663977244710102  0.52710026485690498
  0.53724789484131230  0.54754436837621145  0.55795064343694978  0.56907896426854487
  0.57992615314703655  0.59205309829820219  0.60516764321676741  0.62006818840551237
  0.63316048561142069  0.64531665345484479  0.65575810036448723  0.66579621303042347
  0.67550609937604644  0.68543941801395847  0.69592058251180766  0.70632272089746739
  0.71843444018016189  0.73134244015272731  0.74168828762236572  0.75120312879107409
  0.76079266069360429  0.76989678075769563  0.77967028657418180  0.78952091915334999
  0.80122900801361785  0.81370459657519167  0.82559459534435642  0.83875947005660079
  0.85576780162381705  0.87334360663781685  0.88912676103571031  0.90222620022430544
  0.91393837785164700  0.92578623246730452  0.93773907306136073  0.95005302656508561
  0.96238441814023001  0.97518600819631496  0.98767902349729864  1.00000000000000000
 -0.00696644823880436  0.01762985150957117  0.03772968000471502  0.05395084040145694
  0.06767229231687096  0.07622775905802164  0.08701087741626538  0.09720385352142021
  0.10700499183232358  0.11592538524648426  0.12522801681837523  0.13540067790337826
  0.14568671492541999  0.15577948721457807  0.16785340003932464  0.18180718130679632
  0.19667102772335185  0.20816322794067918  0.21881431271146945  0.22940638608665748
  0.23981125104595577  0.24848062666305623  0.25655453563507286  0.26430500281315289
  0.27192382718668201  0.28205276075024988  0.29203160724003630  0.30060815338611985
  0.30906193191612141  0.31757573677295070  0.32606123019955191  0.33434876465036251
  0.34248793978394626  0.35058751353055512  0.35930276178819975  0.36847610613106385
  0.37803531093733167  0.38802228798579491  0.39878727729147956  0.40949269948577310
  0.42116366084206569  0.43336639596901289  0.44676014228051664  0.45832502663711983
  0.46653471451734646  0.47419924399817137  0.48263241946354291  0.49031874097329947
  0.49848607136867845  0.50656827551290862  0.51455482247348616  0.52274445215391441
  0.53168153531117379  0.54086501954614297  0.55038276066318503  0.56019916322975438
  0.57039213983813219  0.58068648343219442  0.59043104128820822  0.59959634505267290
  0.60948731412075197  0.61970595904604109  0.62971079648134543  0.63961079864062897
  0.65041563601423269  0.66146297309187674  0.67240006712827693  0.68295097548601003
  0.69460681688157411  0.70717642268135505  0.72027115878162951  0.73354568207754189
  0.74602750511742588  0.75745626844621916  0.76832201071976913  0.77978173577179155
  0.79129305224157709  0.80229473134118601  0.81396590305456695  0.82895806429531349
  0.83987972561062030  0.85035224138191556  0.86122763773119171  0.87211972053456643
  0.88282448230140209  0.89234502737267529  0.90614017761845522  0.91874078024765626
  0.93011386861654721  0.94119169539234515  0.95156607204723209  0.96122027587266001
  0.97020009449239597  0.97979218461802409  0.98985204097990775  1.00000000000000000
 -0.00139034145844861  0.00664194402222649  0.01353704446257171  0.02083734819286654
  0.02866075794286960  0.03619712011574374  0.04460189431629583  0.05556737692111142
  0.06636190486759722  0.07759051518531239  0.08785891587889062  0.09815744140320898
  0.10804658607406945  0.11769365601383125  0.12731612648784943  0.13681220057897822
  0.14649914032484967  0.15609031835934642  0.16536115533998297  0.17449526121569670
  0.18367176598499046  0.19322525098141952  0.20288514845330491  0.21234578525770562
  0.22185373362414365  0.23163489181042288  0.24172362432634059  0.25161916500796677
  0.26096745041090069  0.27025539456696618  0.27980979274067347  0.28948825182143417
  0.29864893462526604  0.30769836216710439  0.31684796799186510  0.32627124730314722
  0.33564515110789456  0.34543686403334356  0.35539480788487554  0.36683163329034069
  0.37830331540237078  0.38913924555174773  0.40031276293562534  0.41207017767636700
  0.42293033794060975  0.43142220805760656  0.44503256092006116  0.45985465211324217
  0.47271536795176000  0.48586589530146679  0.49963321077044970  0.51361210006163915
  0.52568431703240615  0.53532475018423553  0.54532563317017513  0.55517681560824184
  0.56474433413661895  0.57404885533664618  0.58348393735317550  0.59381081226603061
  0.60426800295916561  0.61408341619188156  0.62378630628354925  0.63372966250594853
  0.64383673296397859  0.65390284200186344  0.66408227273224263  0.67454667540469537
  0.68528728029600605  0.69590720200300016  0.70655504852571871  0.71743517940931867
  0.72851929172851293  0.73994102037771547  0.75168040891394705  0.76360960046648219
  0.77568917523025882  0.78743850309345043  0.79929792181712622  0.81062466067218153
  0.82238785884908561  0.83381147861899685  0.84479310308442057  0.85574154248844270
  0.86661128813698285  0.87741636226029951  0.88767004875277111  0.90075243261396909
  0.91528260498155678  0.92782477460683632  0.93916366405593099  0.95091445598286461
  0.96213298641950962  0.97283719069475849  0.98423913269755281  1.00000000000000000
 -0.00004015689513235  0.00004339695015602  0.00007587754903374  0.00008416333456799
  0.00009252030414705  0.00010087243026329  0.00010912756538471  0.00011727752342557
  0.00012535772369080  0.00013376869204618  0.00014186031938418  0.00014932450148755
  0.00015673040264611  0.00016408014404114  0.00017113510322420  0.00017802730861595
  0.00018484266911489  0.00019161764178916  0.00019837258514020  0.00020511468195854
  0.00021187600965381  0.00021865976453746  0.00022569361086686  0.00023324165789279
  0.00024115520606632  0.00024959705724723  0.00025842398254291  0.00026727250044380
  0.00027489792748399  0.00028259279481271  0.00029050205990045  0.00029778755530697
  0.00030430437398088  0.00031098408192430  0.00031811008355840  0.00032494408304874
  0.00033123856003179  0.00033860401181741  0.00034771884227415  0.00035653027855460
  0.00036533443893757  0.00037392155482823  0.00038165009344611  0.00038911438609371
  0.00039640686959507  0.00040282903474126  0.00040930579284598  0.00041613722545951
  0.00042260852570724  0.00042859599313680  0.00043510270553762  0.00044222328145616
  0.00044806163696728  0.00045358547890136  0.00045919114157731  0.00046482686031984
  0.00047018588334104  0.00047543729368226  0.00048139008903628  0.00048789079396133
  0.00049619919202639  0.00050669790924557  0.00052599839474916  0.00053363806832867
  0.00053965429807960  0.00054472865021027  0.00054985739437770  0.00055512250949429
  0.00056117159846907  0.00057674175652749  0.00058370586566676  0.00059066997480603
  0.00059763408394530  0.00060459819308457  0.00063416564645063  0.00064875039519814
  0.00068259302218170  0.00068792696774110  0.00069672182246024  0.00075809702519476
  0.00081947222792929  0.00083644677066476  0.00084542057915649  0.00085618064821899
  0.00087059925187827  0.00088501785553754  0.00089949666498372  0.00091417690132640
  0.00092885713766909  0.00094353737401177  0.00095821761035446  0.00116645240610943
  0.00144070956956869  0.00145194597489474  0.00145310887437671  1.00000000000000000
  0.19985718292204846  0.20377888132499067  0.20673864436357206  0.21095473317981944
  0.21677892904017024  0.22242168754385477  0.22782935729236273  0.23298694152965319
  0.23794987649817673  0.24287795913030061  0.24806140054580234  0.25399725983660942
  0.26074666406400904  0.26753340408346166  0.27448586173563838  0.28225420727948763
  0.29013558840107379  0.29683382907776751  0.30345740812247912  0.31014202796504980
  0.31650691687925470  0.32281753867458463  0.32939855322197342  0.33589326904355488
  0.34232073768135490  0.34876696165769527  0.35554903013816086  0.36285573665492815
  0.37012209529595752  0.37725177064688548  0.38449203569165075  0.39197322727697964
  0.39982348981248750  0.40653470467040376  0.41281302471261644  0.41908971504981363
  0.42515410198455622  0.43249544331378037  0.43987427998916429  0.44649159804714650
  0.45307039606996413  0.45935828536467910  0.46591708140533439  0.47254705504557626
  0.47947500969414586  0.48662101107801808  0.49427741370194272  0.50152967746635857
  0.50940638543329730  0.51689575220380102  0.52410175449399510  0.53132943312125269
  0.53926786182769504  0.54821023234526178  0.55744305689078688  0.56472145232744320
  0.57069974876912544  0.57671553198454872  0.58300075769604043  0.58871110589206455
  0.59424504053238381  0.59983036187632810  0.60548950292127335  0.61117270881213748
  0.61669607455573905  0.62230485299337779  0.62827264536092220  0.63455595581125568
  0.64079785921047205  0.64716392257755562  0.65373345094305535  0.66030301746525633
  0.66676804609145757  0.67294163933891882  0.67916429723062821  0.68540442057684925
  0.69175996773988124  0.69818472581008750  0.70444768548691783  0.71063074547345662
  0.71672440928177827  0.72272441456666858  0.72871819592399301  0.73477886156990191
  0.74082762631551180  0.74676889749837083  0.75279164327809056  0.75899078459222036
  0.76531252725232390  0.77157887020438498  0.77765850164654671  0.78368043846659796
  0.78823052781953473  0.79095048929653644  0.80598332260904060  1.00000000000000000
  0.70588286636323183  0.71640829087681512  0.72421758972613737  0.73080232339983564
  0.73609809793064951  0.74105768278640871  0.74555288310863366  0.75010615133491365
  0.75500943686400901  0.76009612519198000  0.76513129393956403  0.77031148889847356
  0.77519208593853839  0.77985288763220473  0.78445517154198596  0.78900379922466968
  0.79360048370913516  0.79830587231383698  0.80297436091884178  0.80739984366553430
  0.81174486338503826  0.81568914246582347  0.81970285009588639  0.82369263523093339
  0.82758098241548017  0.83140141800532086  0.83509829050421502  0.83872215434702069
  0.84237083556734915  0.84599135008951054  0.84955851298477869  0.85305262360079726
  0.85645109752193949  0.85977169922595009  0.86298933014977197  0.86622894960717356
  0.86945244500119456  0.87264090062717303  0.87571518054206277  0.87864969510819346
  0.88157381249828337  0.88450589681647318  0.88739555628320033  0.89027951730817723
  0.89316212673922823  0.89600197684436333  0.89851488399788981  0.90095910783379629
  0.90334938595908332  0.90570711068388587  0.90804037019390682  0.91039059683636137
  0.91272629113089188  0.91511446508816585  0.91742221320346840  0.91966116669198761
  0.92187598825857286  0.92407825435696889  0.92625634331152074  0.92840934645336881
  0.93053318209476266  0.93262886775227738  0.93470829511386799  0.93679274189551953
  0.93885569683175629  0.94090010738500918  0.94292845882714749  0.94493079768635757
  0.94691353826263924  0.94886704078308748  0.95080989149328721  0.95277086432319102
  0.95474581188326102  0.95671088494358303  0.95868667604231705  0.96073650397752730
  0.96277524783979873  0.96467116946991538  0.96643248700259321  0.96813221787237591
  0.96964879095003154  0.97114462090753373  0.97269211208176409  0.97428976350234975
  0.97618804947430460  0.97838451716580044  0.98050798892954649  0.98267407683380414
  0.98483665751646288  0.98717619850070670  0.98943942125209305  0.99172677011828925
  0.99406559367070624  0.99618172873619504  0.99813435331344236  1.00000000000000000
  0.29094182358558102  0.29240340759539823  0.29386499160521551  0.29607607220367332
  0.29981097761036785  0.30367785083216264  0.30864539931190882  0.31343936788674814
  0.31783820829659626  0.32192206667302775  0.32842307890602851  0.33487646655767050
  0.34129014605992242  0.34764401483213031  0.35402450470089381  0.36024457938520299
  0.36635083431929022  0.37237309499397558  0.37800345513188616  0.38324884698135314
  0.38843650236457067  0.39355168853130973  0.39859354932019825  0.40356755852995846
  0.40857331564256294  0.41360911112248411  0.41824836452705333  0.42254084824752941
  0.42684330204511994  0.43123810222595188  0.43560704230735708  0.44020368412566058
  0.44493813295968254  0.44958472129471216  0.45416479537063342  0.45886664837364083
  0.46334523796191851  0.46771527353225073  0.47207331454118201  0.47667688212863019
  0.48156758531582328  0.48647533475635435  0.49140564593080949  0.49631628504416447
  0.50100280518786011  0.50537922155779602  0.50969365231237951  0.51405722539923582
  0.51853727350249024  0.52264278674921438  0.52647584508879719  0.53030318720208980
  0.53415786878729665  0.53806196522914229  0.54186897599713968  0.54571058933017058
  0.54944783862742097  0.55319673474458630  0.55706741238261892  0.56105168938398298
  0.56542222837265210  0.56995933493973316  0.57444477792929316  0.57880594238887395
  0.58314646125662439  0.58793409885233783  0.59291607276710956  0.59795179384058805
  0.60316755722111959  0.60770053018901893  0.61206617730439483  0.61645942434140133
  0.62083651515666127  0.62518637270717803  0.62937962896667832  0.63352994535048990
  0.63765253605233851  0.64176656608517779  0.64580845750299942  0.64960108564896824
  0.65330645661069697  0.65692186387738460  0.66057309637219008  0.66423503454325605
  0.66758157146953412  0.66998847284918406  0.67238642169828966  0.67486211172905042
  0.67712462999990353  0.67752060974398198  0.67974638315469049  0.68494678702794609
  0.68879250252503788  0.71017845329453955  0.73856235267908121  1.00000000000000000
   1.3425327332474121E-010  -1.0000000000000000     
  <DiscreteSampler_grid>
  Helicity
  1 # 1 for a reference and 2 for a running grid.
  40 # Attribute 'min_bin_probing_points' of the grid.
  1 # Attribute 'grid_mode' of the grid. 1=='default',2=='initialization'
  0.0000000000000000 # Attribute 'small_contrib_threshold' of the grid.
  0.5000000000000000 # Attribute 'damping_power' of the grid.
 # binID   n_entries weight   weight_sqr   abs_weight
    1   584   1.341658893746635E-009   1.733039277167457E-016   1.341658893746635E-009
    2   331   7.244548387415138E-010   3.237816046416361E-017   7.244548387415138E-010
    3   502   1.126133166553267E-009   1.381649449811298E-016   1.126133166553267E-009
    5   1460   2.864525484612315E-009   3.036063913795331E-016   2.864525484612315E-009
    6   346   6.038933315520501E-010   2.155657831995876E-017   6.038933315520501E-010
    7   13   4.821263166440764E-011   1.014789447572729E-020   4.821263166440764E-011
    8   323   8.132354380785111E-010   3.164220943927199E-017   8.132354380785111E-010
    9   287   3.879105396020572E-010   8.161090538152933E-019   3.879105396020572E-010
    10   737   1.458560909448944E-009   2.498293217852125E-016   1.458560909448944E-009
    11   1506   3.331231250025189E-009   1.457381519516409E-015   3.331231250025189E-009
    12   50   9.389498569343344E-011   7.922554367682899E-020   9.389498569343344E-011
    14   578   1.069711685080178E-009   9.363129611170784E-017   1.069711685080178E-009
    15   814   1.959742822670815E-009   2.773495231907118E-016   1.959742822670815E-009
    17   1188   2.558791130696176E-009   4.990467034762430E-016   2.558791130696176E-009
    18   1071   2.352773542449566E-009   3.515657214226928E-016   2.352773542449566E-009
    19   645   1.417315182987030E-009   1.006017781131682E-016   1.417315182987030E-009
    20   473   1.007821214447865E-009   1.082550400842992E-016   1.007821214447865E-009
    21   498   9.400548410777096E-010   7.184857879030428E-017   9.400548410777096E-010
    22   156   2.302295874548539E-010   1.462055795829675E-019   2.302295874548539E-010
    23   35   4.525613852374151E-011   9.428748174704715E-021   4.525613852374151E-011
    24   575   1.354052742343104E-009   2.232553554287589E-016   1.354052742343104E-009
    25   369   4.996658493616505E-010   1.858258018703425E-018   4.996658493616505E-010
    26   246   5.183386467765012E-010   9.559513863112784E-018   5.183386467765012E-010
    28   857   1.930881702764150E-009   1.904937959236061E-016   1.930881702764150E-009
    29   717   1.482689798177198E-009   1.198468891534662E-016   1.482689798177198E-009
    31   799   1.729680950201313E-009   1.644147155801819E-016   1.729680950201313E-009
    32   585   1.065090936323264E-009   8.079060034834099E-017   1.065090936323264E-009
    33   1212   2.719883253755798E-009   6.107994620466008E-016   2.719883253755798E-009
    36   447   9.059676880510653E-010   4.967037848101174E-017   9.059676880510653E-010
    37   588   1.019192726096968E-009   7.357902025691031E-017   1.019192726096968E-009
    38   329   7.402343794086420E-010   3.089029534417181E-017   7.402343794086420E-010
    39   84   1.185620909094575E-010   3.881820158709696E-020   1.185620909094575E-010
    40   184   2.856052876796654E-010   8.413732833191849E-019   2.856052876796654E-010
    41   5   1.928987728358675E-012   9.949080334478676E-024   1.928987728358675E-012
    42   860   1.874892456279179E-009   5.857087496235358E-016   1.874892456279179E-009
    43   101   1.628682692157588E-010   1.061928051818596E-019   1.628682692157588E-010
    44   13   1.668557089078191E-011   7.030797491853588E-022   1.668557089078191E-011
    45   1208   2.813712348742244E-009   1.695477180890775E-015   2.813712348742244E-009
    47   285   6.026620152398457E-010   2.990625250816921E-017   6.026620152398457E-010
    48   654   1.459577532206349E-009   1.732760805821625E-016   1.459577532206349E-009
    49   429   1.061194725224244E-009   5.915476608489035E-017   1.061194725224244E-009
    50   835   1.852689749074069E-009   2.636477911061369E-016   1.852689749074069E-009
    52   315   6.477762028651850E-010   3.179466634118145E-017   6.477762028651850E-010
    53   275   5.454761560015184E-010   1.621563151425919E-017   5.454761560015184E-010
    54   567   1.186584055362091E-009   1.042607210462600E-016   1.186584055362091E-009
    55   971   2.177785811797858E-009   4.773934629642305E-016   2.177785811797858E-009
    56   207   4.200627737632687E-010   8.066793876893386E-018   4.200627737632687E-010
    57   442   6.254681392508069E-010   5.489917256915811E-018   6.254681392508069E-010
    58   152   2.323544986213525E-010   2.631325002367167E-019   2.323544986213525E-010
    59   53   9.837541458551491E-011   7.704283416115702E-020   9.837541458551491E-011
    60   861   1.877545654417306E-009   4.222381697640164E-016   1.877545654417306E-009
    61   138   2.293174723577539E-010   1.892390096474122E-019   2.293174723577539E-010
    62   1179   2.401237166471820E-009   2.400365876653753E-016   2.401237166471820E-009
    63   492   9.635610390135181E-010   8.897326279810674E-017   9.635610390135181E-010
    64   1483   3.132062129733862E-009   4.626209772683162E-016   3.132062129733862E-009
  </DiscreteSampler_grid>
  <DiscreteSampler_grid>
  grouped_processes
  1 # 1 for a reference and 2 for a running grid.
  10 # Attribute 'min_bin_probing_points' of the grid.
  1 # Attribute 'grid_mode' of the grid. 1=='default',2=='initialization'
  0.0000000000000000 # Attribute 'small_contrib_threshold' of the grid.
  0.5000000000000000 # Attribute 'damping_power' of the grid.
 # binID   n_entries weight   weight_sqr   abs_weight
    13   10   2.413720260479607E-001   2.428236687500190E-001   2.413720260479607E-001
    14   10   2.413720260479607E-001   2.428236687500192E-001   2.413720260479607E-001
    16   10   1.253215992414485E-002   8.660292082954808E-004   1.253215992414485E-002
    17   10   1.253215992414484E-002   8.660292082954803E-004   1.253215992414484E-002
    22   10   2.413720260479608E-001   2.428236687500192E-001   2.413720260479608E-001
    23   10   2.413720260479609E-001   2.428236687500196E-001   2.413720260479609E-001
    25   10   1.253215992414485E-002   8.660292082954812E-004   1.253215992414485E-002
    26   10   1.253215992414485E-002   8.660292082954808E-004   1.253215992414485E-002
  </DiscreteSampler_grid>
