  0.00000071895776481  0.00000073540437383  0.00000074384525290  0.00000075279524597
  0.00000076459320886  0.00000077660462180  0.00000078864775086  0.00000080087855407
  0.00000081348052755  0.00000082645129735  0.00000083931013241  0.00000085252428498
  0.00000086652510270  0.00000088072979914  0.00000089485743631  0.00000090905518508
  0.00000092338324241  0.00000093825652857  0.00000095336955247  0.00000096823066462
  0.00000098255394599  0.00000099679967375  0.00000101203150995  0.00000102770691859
  0.00000104345298631  0.00000105939681647  0.00000107559407519  0.00000109156573360
  0.00000110722492412  0.00000112311877633  0.00000113957728341  0.00000115645652877
  0.00000117339164898  0.00000119013093316  0.00000120699206631  0.00000122414077765
  0.00000124126182576  0.00000125795759253  0.00000127447524834  0.00000129093484074
  0.00000130797617442  0.00000132508382881  0.00000134302574197  0.00000136081796537
  0.00000137923605146  0.00000139846423979  0.00000142011962360  0.00000144148861380
  0.00000146241552231  0.00000148251254023  0.00000150273243622  0.00000152340609446
  0.00000154513591709  0.00000156662919505  0.00000158781163511  0.00000160935454289
  0.00000162945628978  0.00000165106902528  0.00000167403659058  0.00000169646339090
  0.00000171559257822  0.00000173524506473  0.00000175479929920  0.00000177537452879
  0.00000180139877726  0.00000182742179633  0.00000185352832010  0.00000188000646577
  0.00000190643334074  0.00000193287571022  0.00000196421133995  0.00000199765245187
  0.00000203142686814  0.00000206471597063  0.00000209798949716  0.00000213153294618
  0.00000216565955515  0.00000220098076955  0.00000223695510702  0.00000227318991006
  0.00000231068853841  0.00000234852641950  0.00000238629375144  0.00000242371405074
  0.00000246079208405  0.00000249916891896  0.00000253771912252  0.00000257848092319
  0.00000261672916392  0.00000263681256792  0.00000265498757018  0.00000267184904073
  0.00000268715457399  0.00000270292585016  0.00000270873065330  1.00000000000000000
  0.00000030716700344  0.00000031853364436  0.00000032677480772  0.00000033508836897
  0.00000034365084819  0.00000035231826237  0.00000036151184078  0.00000037197483067
  0.00000038265686411  0.00000039329135881  0.00000040386266580  0.00000041450626048
  0.00000042552268161  0.00000043732750929  0.00000045040195029  0.00000046317177255
  0.00000047581521632  0.00000048850395840  0.00000050116456114  0.00000051387381083
  0.00000052685642758  0.00000054098512979  0.00000055528909082  0.00000056928808158
  0.00000058304997886  0.00000059719764045  0.00000061185161218  0.00000062727150046
  0.00000064413958215  0.00000066207037758  0.00000067981327158  0.00000069712565729
  0.00000071450998046  0.00000073177183249  0.00000074998217348  0.00000076847841647
  0.00000078895232263  0.00000081013382528  0.00000083135790668  0.00000085257543740
  0.00000087408095618  0.00000089488554478  0.00000091568460774  0.00000093846494521
  0.00000096366875788  0.00000099010742602  0.00000101645848001  0.00000104279129059
  0.00000106950678809  0.00000109671730545  0.00000112586697521  0.00000115459630564
  0.00000118024133949  0.00000120458599051  0.00000122942261829  0.00000125421492509
  0.00000128272437228  0.00000131499066255  0.00000134807715286  0.00000138213839971
  0.00000141756162737  0.00000145433324635  0.00000149242133856  0.00000153068083952
  0.00000156907334855  0.00000160904623956  0.00000165304238280  0.00000170297919455
  0.00000175554492146  0.00000180933523850  0.00000186488519912  0.00000192141157914
  0.00000197901219007  0.00000204880240676  0.00000212954233601  0.00000221432054299
  0.00000230558383871  0.00000241077688571  0.00000256522563915  0.00000274675283566
  0.00000295451291770  0.00000320095917376  0.00000346345379034  0.00000372555893486
  0.00000399206476793  0.00000430221104900  0.00000466059975036  0.00000505237665166
  0.00000554910189376  0.00000619544349461  0.00000720400943759  0.00000851505310278
  0.00001114193902108  0.00001573807739163  0.00002309506061779  1.00000000000000000
  0.00000092764750516  0.00000099104896388  0.00000103972720583  0.00000108741729905
  0.00000113591441966  0.00000118877518620  0.00000124225609701  0.00000129291284754
  0.00000134376185814  0.00000139478470601  0.00000144715610900  0.00000149999250575
  0.00000155266299094  0.00000160394132369  0.00000165676613415  0.00000170835779333
  0.00000176339479458  0.00000182010999333  0.00000187927129135  0.00000193911367275
  0.00000199929248558  0.00000206035533877  0.00000212143701231  0.00000218553372779
  0.00000224066397425  0.00000229317186510  0.00000234616849394  0.00000239847465971
  0.00000247384636754  0.00000255092643115  0.00000262896561616  0.00000270877225467
  0.00000279274000841  0.00000288051125839  0.00000298143577273  0.00000308899480589
  0.00000319714452065  0.00000330732961318  0.00000342297064036  0.00000354734898081
  0.00000369291946773  0.00000384389284820  0.00000399605714082  0.00000414775724118
  0.00000431057712793  0.00000449393430571  0.00000469090826980  0.00000489297793694
  0.00000510112259833  0.00000533152187310  0.00000559619796099  0.00000586431777622
  0.00000614383732807  0.00000644445006416  0.00000677325534473  0.00000710339647339
  0.00000743692149435  0.00000780058655950  0.00000819220439945  0.00000860031750833
  0.00000902013178061  0.00000952659701295  0.00001005900941474  0.00001053846471924
  0.00001107423837250  0.00001167074044332  0.00001230057522560  0.00001298123183757
  0.00001383171757526  0.00001491044856471  0.00001601777512581  0.00001669172954015
  0.00001735444045006  0.00001809509236795  0.00001887691939348  0.00001964228077081
  0.00002035675845439  0.00002108357826933  0.00002184990813397  0.00002281653039772
  0.00002373264457534  0.00002469946212303  0.00002570732837059  0.00002691313128764
  0.00002791370545326  0.00002987431651018  0.00003332503382086  0.00003687366699000
  0.00004007107876404  0.00004263562021062  0.00004468169557318  0.00004767879549662
  0.00005254308087149  0.00005713976263085  0.00005998216673862  1.00000000000000000
 -0.00150524357757125  0.00619304491837314  0.01218089031550381  0.01848627892355657
  0.02529196139021813  0.03237897159129031  0.03974553740027575  0.04767389984266282
  0.05599457552975833  0.06415891984874500  0.07221234292999154  0.08033325859406192
  0.08886772634551607  0.09746511605036795  0.10665611824221286  0.11659052370665048
  0.12681023814214026  0.13689171391896598  0.14719699352755553  0.15849213627109107
  0.16829831041114129  0.17701445239118935  0.18564719268817581  0.19428312147988400
  0.20314627748120306  0.21242263665300098  0.22244198354448633  0.23303402776125731
  0.24302804369004249  0.25482977427200104  0.26827972778614961  0.27881176594124402
  0.28723738456634385  0.29667434011450078  0.30572605839173433  0.31417829503888789
  0.32224111723688748  0.32997127602293808  0.33820991616140395  0.34694423678750219
  0.35616929237279527  0.36638556851805038  0.37701084798530554  0.38921726850841748
  0.40221230899261340  0.41520472066257158  0.42648885471575199  0.43699645561923839
  0.44771245659192699  0.45849702203941040  0.46925042778988629  0.48198407921908437
  0.49823490744325666  0.51462195537789945  0.52598990878642027  0.53560713009806682
  0.54494559681725363  0.55426434274458036  0.56421677734212006  0.57416759410506524
  0.58451864943788145  0.59757672560566233  0.61044722706368038  0.62265549400560671
  0.63502423164466348  0.64754190055927408  0.65927686800563889  0.67160284142727378
  0.68454967362103281  0.69758977668176680  0.71059462331410039  0.72440793656211722
  0.73979100387080055  0.75505154524804374  0.76688289362739703  0.77947839635778737
  0.79214249480072241  0.80427675857720538  0.81685377901291911  0.83026488153221167
  0.84327428779849745  0.85557716814271567  0.86800097936576670  0.87992542686004882
  0.89228237649207964  0.90174127233314327  0.91036116260260347  0.91867392229041778
  0.92702885491958298  0.93564958685511068  0.94448595357136977  0.95300492591658648
  0.96175362655344387  0.97270437997671433  0.98238138942086872  1.00000000000000000
 -0.00409531780910670  0.01380157659844177  0.02656925951582167  0.03812029772341535
  0.04934033740667473  0.06076930476182410  0.07232324761296563  0.08436337164924018
  0.09776904988572645  0.11134302720198008  0.12335213552600099  0.13491940950119369
  0.14628784417955273  0.15452518808700816  0.16390797915297467  0.17514076058345884
  0.18586810289267622  0.19625442471265614  0.20638463461772508  0.21615409625241788
  0.22630609486658415  0.23656152574670361  0.24673779932848172  0.25686012515486922
  0.26686246017792481  0.27698734246125245  0.28865871452301606  0.29790353910833384
  0.30794107570366219  0.31784146480797870  0.32774847964674703  0.33739463105211892
  0.34684280978296578  0.35637576644175095  0.36625771778443389  0.37631993324033597
  0.38647120571324506  0.39657043224936694  0.40617976454647181  0.41597471306241240
  0.42587213696014309  0.43576029504121777  0.44527906798478473  0.45728143005394073
  0.47139950301815803  0.48546628898177152  0.49817143820909426  0.50996265008135611
  0.52166514357387517  0.53260476746866969  0.54388686164144706  0.55598281756559009
  0.56717341952507716  0.57629681632541929  0.58579558633419992  0.59521846647590371
  0.60457619051826306  0.61380260708023870  0.62320175272481648  0.63314390570912016
  0.64372239125206909  0.65482561562554686  0.66605688997230372  0.67691440887767518
  0.68810664479524219  0.70014860000532431  0.71216421715386735  0.72392915910291988
  0.73665956507546826  0.74970251221086148  0.76010345109968491  0.77027408940512743
  0.78035528598213810  0.79015956410550614  0.79902778420955123  0.80695597907260130
  0.81498546020645524  0.82369437535929901  0.83297753418511511  0.84240788882280537
  0.85156209320065035  0.86098060904534091  0.87071304736595156  0.88068652399529768
  0.89117443485991577  0.90146359537948084  0.91131394452372938  0.92110125680723953
  0.93099473326384152  0.94081392750895843  0.95061678566880237  0.96058446682645826
  0.97060247389379661  0.98054039347552979  0.99030870006785854  1.00000000000000000
 -0.00194008527965956  0.00862086059787566  0.01730019844511238  0.02555454397963244
  0.03397949062571476  0.04291236700029431  0.05205246039249580  0.06137064787468641
  0.07097300536513261  0.08075543651837865  0.09086355124383795  0.10164575725820477
  0.11345220586340785  0.12535119140467418  0.13618713190564577  0.14703001961509804
  0.15890080880120744  0.17080028942341047  0.18276045492888388  0.19580179691561364
  0.20942129760296430  0.22312862999529098  0.23548126064987904  0.24598687070057387
  0.25668435756559288  0.26700646978365877  0.27548952501307755  0.28248112205396253
  0.28914447580941427  0.29571932905838505  0.30252070263740211  0.30948946193363008
  0.31659683101818914  0.32366747424860903  0.33061195547532862  0.33955212434955678
  0.35099172135435841  0.36313844278208285  0.37575453255603086  0.38735531240143523
  0.39872722277681771  0.40995236805919649  0.42083264934593467  0.43056258049936935
  0.44015735911631249  0.44987274617910417  0.45985100207185098  0.47055887015649622
  0.48096877178316422  0.49194776044028266  0.50827082115631383  0.52256872710506264
  0.53512533665450501  0.54739649275023505  0.55980679803173450  0.57144295988512939
  0.58434145429461415  0.59996680492138621  0.61217331638680594  0.62400753471238612
  0.63575472317299797  0.64724623087364053  0.65814084435564135  0.66950923510714511
  0.68167198448099353  0.69262080385329938  0.70215366755508979  0.71170176115411354
  0.72151531209965603  0.73133449767340319  0.74112335129910700  0.75164498026552795
  0.76412631944107312  0.77499815357596269  0.78463939490870949  0.79414042790949291
  0.80358483483105614  0.81289944162991024  0.82238302783931605  0.83170627904492511
  0.84154207311990725  0.85123802084186440  0.86118320455253694  0.87089782441725372
  0.88067282185293438  0.89027916123109441  0.89931925181708094  0.90880415928455238
  0.91834601351789980  0.92687388349001254  0.93628907832141561  0.94771705855390564
  0.96010793896911517  0.97253953826165263  0.98522819685694074  1.00000000000000000
 -0.00002167289680561  0.00004173411663805  0.00007010624145096  0.00007624258237916
  0.00008284313029709  0.00008924950356564  0.00009564251038344  0.00010206575895944
  0.00010853227639079  0.00011503082697767  0.00012149098555850  0.00012787954545119
  0.00013435712459395  0.00014083210946192  0.00014715202864664  0.00015333389251333
  0.00015942441626526  0.00016537985398183  0.00017096828191074  0.00017646780874461
  0.00018190374021098  0.00018717810014896  0.00019224705229024  0.00019708087690840
  0.00020177553985759  0.00020642448777525  0.00021102931837748  0.00021566975768676
  0.00022042179504310  0.00022538505002743  0.00023053400692670  0.00023531523754077
  0.00024009941998450  0.00024494589410807  0.00024969730377830  0.00025437762156379
  0.00026003610760290  0.00026610644160584  0.00027268391572302  0.00027892490343481
  0.00028506422563514  0.00029110793478198  0.00029724199823418  0.00030358686483031
  0.00031040096816560  0.00031824204755616  0.00032700528216974  0.00033626648261127
  0.00034425362443414  0.00035108321509816  0.00035811212455806  0.00036539856779383
  0.00037363927162269  0.00038336550022530  0.00039076614523083  0.00039718808733180
  0.00040348069293025  0.00040984216576955  0.00041526857874434  0.00041945665720106
  0.00042364473565777  0.00042801063888611  0.00043241267505051  0.00043669445552420
  0.00044076090051111  0.00044482734549802  0.00045128600843250  0.00045896512128887
  0.00046734414137486  0.00047844054971299  0.00048828349185405  0.00049656413423009
  0.00050485232909835  0.00051357310102233  0.00052287861726604  0.00053493465160685
  0.00054549471934606  0.00055588246862650  0.00056649848864336  0.00058080932373294
  0.00068958380327532  0.00070152927404345  0.00071297299444088  0.00072405810422404
  0.00074380374569149  0.00078281936123067  0.00079450751138204  0.00080619566153342
  0.00081847740710546  0.00090262594872618  0.00091744802594620  0.00093252648692236
  0.00094486412189267  0.00095402037214718  0.00095402037226194  1.00000000000000000
  0.00267928729746254  0.00977434513030233  0.01539332896854737  0.02182659450471583
  0.02787876726144031  0.03265251400756081  0.03727577828662742  0.04188475544037338
  0.04817633294914585  0.05544963458452481  0.06292186706485220  0.07138389321803711
  0.07982006921908300  0.08746994997680084  0.09467128566778728  0.10175779107426683
  0.10868821309541973  0.11541337910659909  0.12194372002442094  0.12870517712800289
  0.13562503683279412  0.14259690151874507  0.14957921284461573  0.15652431931406149
  0.16350360566258898  0.17016275815248194  0.17647452216458442  0.18274621894674042
  0.18856113963989640  0.19410819517332403  0.19951422794147083  0.20502809628060920
  0.21024107305186759  0.21521101689685582  0.22008622718462567  0.22504238319786474
  0.22998946033567735  0.23490539423448539  0.23990682754964049  0.24486581247427550
  0.24987042432324888  0.25545782643890541  0.26111586314206736  0.26645563063049249
  0.27178943568453229  0.27808991837433966  0.28352869172458872  0.29295672580116056
  0.32961679542827083  0.43382204367297450  0.69219920796910261  0.70321996801850917
  0.71101825090763782  0.71715224380544573  0.72348319375576087  0.72947045879060857
  0.73502843413016039  0.74046075764836639  0.74592322241784925  0.75139882339198816
  0.75692795501806731  0.76255716783138883  0.76835565633740222  0.77441203425710992
  0.78059077986843139  0.78676646334778455  0.79289703818371227  0.79909776198035298
  0.80546198576140748  0.81200334168878097  0.81888006595716212  0.82594085070760137
  0.83292902854400608  0.83939154083824941  0.84565531814304629  0.85215742832679964
  0.85873298016863076  0.86527472041136333  0.87172393731144349  0.87821077331985775
  0.88467308144466084  0.89104480547225695  0.89753391601072596  0.90462785397946388
  0.91209075482411983  0.91940874594174238  0.92603546022849259  0.93268884619517278
  0.93934122105720985  0.94683187175870520  0.95483871553894184  0.96294461997383107
  0.97083147707087125  0.97894256112477041  0.98835892924865953  1.00000000000000000
  0.68313549891336534  0.71780514642858806  0.72480503656510464  0.73051678596306613
  0.73569274399707496  0.74136714005397797  0.74696979111726547  0.75183489689076344
  0.75626155190081989  0.76104898638610641  0.76600921445556913  0.77099414651909104
  0.77622983424023473  0.78170223230908387  0.78731927815091085  0.79297078274976118
  0.79830846868627447  0.80336361449434845  0.80834224509781938  0.81317302751167719
  0.81774806278173506  0.82220881207103358  0.82659709265564485  0.83093740189223098
  0.83479585887520891  0.83826409322083206  0.84186888291914941  0.84548633697778708
  0.84899067247597326  0.85240078211489489  0.85562426654825596  0.85863816300268703
  0.86163417916129226  0.86461131886823894  0.86763616674808608  0.87058325270149062
  0.87347154899407931  0.87623221038206522  0.87885293133286380  0.88141754708707509
  0.88395680561604573  0.88653231889731310  0.88916031518165517  0.89176015176174039
  0.89425573720595530  0.89682181640847103  0.89951112570438363  0.90212550323408125
  0.90467286297016225  0.90710032557278741  0.90956231855865599  0.91206798635145170
  0.91462427468732332  0.91713090223981042  0.91947843589275480  0.92177267774572547
  0.92402302159798078  0.92627987962892988  0.92854884908162028  0.93083424634081535
  0.93308032042317124  0.93525975757666546  0.93736990294272127  0.93955404229391570
  0.94170762408695852  0.94384626580992836  0.94595075828214914  0.94799658593962699
  0.95003607275567192  0.95213729527890456  0.95417951902044729  0.95628209240529527
  0.95821978031491106  0.95990116703199757  0.96160802315751126  0.96338566703602901
  0.96513877369112533  0.96669245348293276  0.96804013625260077  0.96931007237352995
  0.97059380580590104  0.97203088405343641  0.97382203436267889  0.97588621838243783
  0.97812742978687883  0.98023591373001462  0.98182095199384334  0.98332291632628899
  0.98481773168142106  0.98650528136229920  0.98870492008711630  0.99097073141090641
  0.99317521432306699  0.99536457248243837  0.99758529252296202  1.00000000000000000
  0.29075240577281292  0.29956070362733134  0.30702271461056346  0.31440213026811997
  0.32173381762670678  0.32879321920317905  0.33531083106984644  0.34122668398427652
  0.34696129828466338  0.35272551611674152  0.35852280215965354  0.36443050632382945
  0.37045329435745994  0.37650956036904293  0.38246909594659034  0.38830994918207362
  0.39413039653557380  0.40008123180617655  0.40603967475687952  0.41184814139868048
  0.41746406677002607  0.42301883008990881  0.42870414355866249  0.43452587317466540
  0.44038102179044269  0.44623676092518688  0.45207383501361625  0.45805440248807278
  0.46409585549720844  0.47001542167668481  0.47572517833679617  0.48140465322249237
  0.48704261254023845  0.49272699537272696  0.49822764567839511  0.50286889654153388
  0.50697146213841382  0.51103783286051896  0.51513275904738454  0.51931379289061708
  0.52350775146559503  0.52771838749752087  0.53196828960781239  0.53618144678834501
  0.54039175372937720  0.54462955875263319  0.54888587540594824  0.55310138603993886
  0.55722004020702220  0.56138805212563803  0.56642912154515357  0.57225663287336748
  0.57810422111125581  0.58369653886973283  0.58865429553567516  0.59294648712965004
  0.59664625749968003  0.60033996436334924  0.60392749884257546  0.60859812434888183
  0.61349557244746356  0.61833417288364645  0.62304222398708220  0.62775521526853262
  0.63247830486636258  0.63718290831761548  0.64207116177961976  0.64679153941422307
  0.65121636993965892  0.65564916115082816  0.66004582117458466  0.66446971711987757
  0.66817480274109253  0.67177401113653312  0.67555541299175736  0.67975049278434574
  0.68399248946031099  0.68786584383115701  0.69096053718002137  0.69381837400153157
  0.69686511985967114  0.69999965349533055  0.70151359240215283  0.70169797302276438
  0.70379473168776574  0.70695404681400986  0.71002293626021673  0.71131444589164727
  0.71211263368058464  0.71291082146952212  0.71461457888556734  0.71827098249521426
  0.72192738610486129  0.72558378971450821  0.72924019332415524  1.00000000000000000
   1.2809014593271337E-010  -1.0000000000000000     
  <DiscreteSampler_grid>
  Helicity
  1 # 1 for a reference and 2 for a running grid.
  40 # Attribute 'min_bin_probing_points' of the grid.
  1 # Attribute 'grid_mode' of the grid. 1=='default',2=='initialization'
  0.0000000000000000 # Attribute 'small_contrib_threshold' of the grid.
  0.5000000000000000 # Attribute 'damping_power' of the grid.
 # binID   n_entries weight   weight_sqr   abs_weight
    1   92   1.311134673031978E-010   4.214017254186766E-020   1.311134673031978E-010
    3   64   1.197550674473933E-010   1.419028288637887E-019   1.197550674473933E-010
    4   1116   2.013444447019253E-009   5.445848000346977E-016   2.013444447019253E-009
    5   103   1.373150710612239E-010   1.824513688074177E-019   1.373150710612239E-010
    6   147   1.626497295625823E-010   9.223952194094450E-020   1.626497295625823E-010
    7   767   1.305684911263820E-009   2.503659874992075E-016   1.305684911263820E-009
    8   445   6.638739680051863E-010   1.341014305755006E-017   6.638739680051863E-010
    10   152   2.095237600868030E-010   2.967387166095793E-019   2.095237600868030E-010
    11   899   1.606969643129938E-009   3.776232277796222E-016   1.606969643129938E-009
    12   98   1.035148942568416E-010   6.309708362957642E-020   1.035148942568416E-010
    13   497   9.234830191225702E-010   4.721057571393649E-017   9.234830191225702E-010
    14   425   7.935763086621856E-010   3.753607048474114E-017   7.935763086621856E-010
    15   20   4.970228539509702E-011   7.014398692961774E-021   4.970228539509702E-011
    16   171   2.958879239822650E-010   1.828207656803737E-018   2.958879239822650E-010
    17   1255   2.342080516409787E-009   5.164899380556818E-016   2.342080516409787E-009
    18   1188   2.196655028226358E-009   3.807171042588543E-016   2.196655028226358E-009
    19   679   1.109663050062929E-009   1.584131127309751E-016   1.109663050062929E-009
    20   814   1.462742075351587E-009   1.161378336549233E-016   1.462742075351587E-009
    23   361   6.438288111753169E-010   1.727976203009543E-017   6.438288111753169E-010
    24   1630   3.051641059733152E-009   1.487689659516410E-015   3.051641059733152E-009
    25   729   1.357897630807207E-009   1.909195206449958E-016   1.357897630807207E-009
    26   681   1.181487904826658E-009   1.728242902464624E-016   1.181487904826658E-009
    28   161   1.926337016097404E-010   1.406293114967331E-019   1.926337016097404E-010
    30   837   1.528825708204181E-009   1.827744042105230E-016   1.528825708204181E-009
    31   66   9.591740191018283E-011   1.020476738010655E-019   9.591740191018283E-011
    32   871   1.482796759090504E-009   1.507996441321387E-016   1.482796759090504E-009
    33   37   3.219338440673994E-011   2.774485763808024E-021   3.219338440673994E-011
    35   600   1.074755260340059E-009   6.378514617837343E-017   1.074755260340059E-009
    37   720   1.201124700030640E-009   2.432999614643648E-016   1.201124700030640E-009
    38   539   1.072025958381448E-009   5.763097869033433E-017   1.072025958381448E-009
    39   146   2.974151056958822E-010   2.259845511351133E-018   2.974151056958822E-010
    41   120   1.692544651932248E-010   8.331762442435723E-020   1.692544651932248E-010
    42   289   5.496193218759193E-010   1.215689041621097E-017   5.496193218759193E-010
    43   192   3.003546319170848E-010   2.474221241332589E-018   3.003546319170848E-010
    44   1489   2.507955377854893E-009   9.590522853961167E-016   2.507955377854893E-009
    46   2   2.575686889832865E-012   7.002860669857684E-024   2.575686889832865E-012
    47   746   1.361977210606242E-009   1.804656829068225E-016   1.361977210606242E-009
    48   243   4.495433654338785E-010   1.272192987949949E-017   4.495433654338785E-010
    49   1063   1.885946509040316E-009   3.857746250273851E-016   1.885946509040316E-009
    51   3962   6.644113838832178E-009   2.189384552519061E-015   6.644113838832178E-009
    52   799   1.563584139394131E-009   2.099934324259282E-016   1.563584139394131E-009
    54   609   1.174962777122633E-009   9.833101432417277E-017   1.174962777122633E-009
    55   406   7.312801255546381E-010   2.971745364306020E-017   7.312801255546381E-010
    56   1332   2.422186349046838E-009   1.007286817712887E-015   2.422186349046838E-009
    57   511   9.159125467975651E-010   5.455939143870144E-017   9.159125467975651E-010
    60   1083   1.891126460874862E-009   2.188591813392626E-016   1.891126460874862E-009
    61   128   1.735240173793933E-010   5.249498028180554E-019   1.735240173793933E-010
    63   83   1.035510255250272E-010   2.374571111529142E-020   1.035510255250272E-010
    64   750   1.314546131977588E-009   1.145076968273403E-016   1.314546131977588E-009
  </DiscreteSampler_grid>
  <DiscreteSampler_grid>
  grouped_processes
  1 # 1 for a reference and 2 for a running grid.
  10 # Attribute 'min_bin_probing_points' of the grid.
  1 # Attribute 'grid_mode' of the grid. 1=='default',2=='initialization'
  0.0000000000000000 # Attribute 'small_contrib_threshold' of the grid.
  0.5000000000000000 # Attribute 'damping_power' of the grid.
 # binID   n_entries weight   weight_sqr   abs_weight
    13   10   1.460187420410603E-001   1.837106173922240E-001   1.460187420410603E-001
    14   10   1.460187420410597E-001   1.837106173922225E-001   1.460187420410597E-001
    16   10   5.062381865982075E-003   9.110972500450178E-005   5.062381865982075E-003
    17   10   5.062381865982063E-003   9.110972500450111E-005   5.062381865982063E-003
    22   10   1.460187420410602E-001   1.837106173922239E-001   1.460187420410602E-001
    23   10   1.460187420410597E-001   1.837106173922224E-001   1.460187420410597E-001
    25   10   5.062381865982074E-003   9.110972500450177E-005   5.062381865982074E-003
    26   10   5.062381865982060E-003   9.110972500450104E-005   5.062381865982060E-003
  </DiscreteSampler_grid>
