  0.00000011943608269  0.00000012640425697  0.00000013081921807  0.00000013462157201
  0.00000013816820339  0.00000014160036786  0.00000014506663718  0.00000014906293718
  0.00000015355714792  0.00000015825010173  0.00000016298728823  0.00000016758715430
  0.00000017211376738  0.00000017671471847  0.00000018158868452  0.00000018641049144
  0.00000019116746556  0.00000019663567555  0.00000020305696467  0.00000020977529238
  0.00000021641335565  0.00000022338006024  0.00000023058644682  0.00000023802344390
  0.00000024530139776  0.00000025167357861  0.00000025802641094  0.00000026524302163
  0.00000027267227345  0.00000028030835554  0.00000028823713212  0.00000029655454489
  0.00000030499500096  0.00000031335044583  0.00000032154085326  0.00000032959978091
  0.00000033805276113  0.00000034687551915  0.00000035584630946  0.00000036520376103
  0.00000037466590046  0.00000038468343618  0.00000039492494169  0.00000040544856901
  0.00000041611202962  0.00000042696307555  0.00000043806637260  0.00000044983694327
  0.00000046207082291  0.00000047444921992  0.00000048756982230  0.00000050171689049
  0.00000051728838476  0.00000053339790100  0.00000054757311358  0.00000056230155775
  0.00000057763568283  0.00000059571894813  0.00000061621028551  0.00000063825534781
  0.00000066307474540  0.00000069094147681  0.00000072162170565  0.00000075474650293
  0.00000078890511723  0.00000082290270291  0.00000085820642180  0.00000089654598310
  0.00000093864651547  0.00000098470831654  0.00000103398005982  0.00000108607230521
  0.00000114382591903  0.00000120871053974  0.00000127897553495  0.00000135569729409
  0.00000144647234168  0.00000155318082290  0.00000167176104892  0.00000181054154346
  0.00000198148101491  0.00000219560299866  0.00000245666021289  0.00000276710816249
  0.00000316765311842  0.00000372223616110  0.00000450425671429  0.00000563740769820
  0.00000718040295883  0.00000961400352233  0.00001327877782512  0.00002294820384772
  0.00006827120969183  0.00015948829638985  0.00023809362036458  1.00000000000000000
  0.00000021470507957  0.00000022309744799  0.00000022745638973  0.00000023175493946
  0.00000023621042089  0.00000024094831811  0.00000024617329185  0.00000025182058393
  0.00000025774180245  0.00000026381248035  0.00000026995646055  0.00000027616789914
  0.00000028248272695  0.00000028899299331  0.00000029544014286  0.00000030183853303
  0.00000030870470970  0.00000031591438001  0.00000032307296306  0.00000033018850064
  0.00000033725310708  0.00000034429296094  0.00000035161715436  0.00000035932937680
  0.00000036755962540  0.00000037636347229  0.00000038563585343  0.00000039531768295
  0.00000040534823812  0.00000041567380802  0.00000042602758545  0.00000043658131928
  0.00000044746784282  0.00000045892831501  0.00000047052649217  0.00000048254988596
  0.00000049520126082  0.00000050846235281  0.00000052236335200  0.00000053685343003
  0.00000055179005682  0.00000056717650510  0.00000058304703914  0.00000059971310828
  0.00000061721416591  0.00000063541513989  0.00000065464222012  0.00000067532153167
  0.00000069785563309  0.00000072097819329  0.00000074487481834  0.00000076834104314
  0.00000079497268729  0.00000082424460754  0.00000085213692054  0.00000088051204311
  0.00000091055825524  0.00000094204265882  0.00000097917541971  0.00000101788060468
  0.00000106018100760  0.00000110562015901  0.00000115494496254  0.00000120868209788
  0.00000126703313564  0.00000132980519253  0.00000139908662335  0.00000147645362021
  0.00000155863979329  0.00000164664408021  0.00000175446269135  0.00000188360082757
  0.00000202349561665  0.00000217372009557  0.00000234383319071  0.00000253715464784
  0.00000276015643594  0.00000300982880970  0.00000329408465633  0.00000363989739816
  0.00000408869619714  0.00000463551060365  0.00000528398113905  0.00000608666067307
  0.00000705657139614  0.00000824617341794  0.00000969580642548  0.00001142704511763
  0.00001332476621473  0.00001559831598194  0.00001909650324541  0.00002330953107879
  0.00003004040918463  0.00004079839146581  0.00005618750274201  1.00000000000000000
  0.00000021935833805  0.00000033108162027  0.00000037915088056  0.00000043238324771
  0.00000048513636069  0.00000053517480855  0.00000058056117600  0.00000062146069644
  0.00000066043970229  0.00000069824027958  0.00000073482222116  0.00000077006397037
  0.00000080373983472  0.00000083647833238  0.00000086854050079  0.00000089956764015
  0.00000092959935567  0.00000096007210889  0.00000099135837972  0.00000102228529295
  0.00000105272325046  0.00000108353917688  0.00000111357478285  0.00000114446354730
  0.00000117547340828  0.00000120673359293  0.00000123807423383  0.00000126971900524
  0.00000130172770266  0.00000133407319828  0.00000136694588606  0.00000140026032803
  0.00000143406541853  0.00000146833051032  0.00000150349659212  0.00000153953433794
  0.00000157573125124  0.00000161141412209  0.00000164696396706  0.00000168349349639
  0.00000172144101604  0.00000176041675097  0.00000179974386948  0.00000183945922231
  0.00000187993886519  0.00000192204836828  0.00000196573040909  0.00000201136353263
  0.00000205864555705  0.00000210678300563  0.00000215581625896  0.00000220580314696
  0.00000225636232920  0.00000230797393817  0.00000236289989353  0.00000242081078640
  0.00000247959571925  0.00000253927593535  0.00000259980031351  0.00000266120094109
  0.00000272496317255  0.00000279234032709  0.00000286348193587  0.00000293797575342
  0.00000301360671787  0.00000308549840894  0.00000315518412832  0.00000322712250499
  0.00000330561056070  0.00000339611329351  0.00000349242540396  0.00000359087415356
  0.00000369066656296  0.00000379233582949  0.00000390278753495  0.00000402893316559
  0.00000416507402677  0.00000430613458225  0.00000445357724086  0.00000461069335226
  0.00000478173415157  0.00000496838634314  0.00000517581441302  0.00000541001409259
  0.00000568378074925  0.00000600150057446  0.00000633833542148  0.00000672383261938
  0.00000724184529882  0.00000792827946337  0.00000890754769416  0.00001066724166573
  0.00001411873361941  0.00001908876806087  0.00003505704062044  1.00000000000000000
  0.00357418640773644  0.00693237861635804  0.01084110828278631  0.01670465537241803
  0.03241431413072542  0.05181226047466208  0.07204665867271076  0.09361865659368686
  0.11102340121667212  0.12801459971933532  0.14544177361491140  0.16242276612345224
  0.17867423852493536  0.19481466304636208  0.21013253215753580  0.22345809378640316
  0.23708790283894293  0.25171325895604019  0.26562167717815155  0.28001320202717583
  0.29410890374287096  0.30757066334294886  0.32033973242733871  0.33262582585234324
  0.34467382381203437  0.35585054862009802  0.36632415412672226  0.37674365775719881
  0.38759403079444649  0.39849325687099624  0.40904369191105228  0.41940634910958502
  0.42968526462996026  0.43977659208875286  0.44957540742596236  0.45933015044009895
  0.46923602750892107  0.47913616551922267  0.48884795982540385  0.49797757250488400
  0.50643305578574471  0.51471558388576844  0.52339043453764100  0.53205584346153123
  0.54050137644292673  0.54904052695743044  0.55763144486047111  0.56603894759427698
  0.57431055020449873  0.58250976720636738  0.59074927065941718  0.59888112854727138
  0.60709695125167129  0.61531288917653715  0.62351283449669892  0.63103726134883109
  0.63776579676563572  0.64458210639986446  0.65138238241395374  0.65933772387334610
  0.66738793495205961  0.67543082281949551  0.68326890912099081  0.69118192368596321
  0.69927027314028578  0.70757294655336289  0.71561774513751664  0.72353265188737381
  0.73144424843964773  0.73966398029195568  0.74808732576434034  0.75603656446262169
  0.76351852076353077  0.77115105045667243  0.77926861542920267  0.78768219825878383
  0.79623908667725518  0.80494031854623505  0.81398120623761194  0.82356065269428591
  0.83371651691746929  0.84432654779367855  0.85528631267367916  0.86645112336687891
  0.87740516495069332  0.88827150954095835  0.89885571343540360  0.90853729201154265
  0.91949410308964807  0.93243173377921673  0.94574271542133692  0.95832822528215511
  0.97008331936469328  0.98147584273815813  0.99271723355140207  1.00000000000000000
 -0.00240961347246397  0.00927410429914423  0.01922451471020533  0.02920817217584408
  0.03978458315078356  0.04914703887348773  0.05862987309908338  0.06795418305395533
  0.07725967431216239  0.08700267377697100  0.09704754766978507  0.10666868551902754
  0.11634300801090595  0.12649202175600882  0.13725524397907590  0.14787597697081548
  0.15800695303012147  0.16772669765623455  0.17694970672878146  0.18593819931107144
  0.19521973621890695  0.20505319901381036  0.21556418212222736  0.22626084413160286
  0.23685276405514927  0.24696848152953116  0.25724876940242514  0.26774859482485114
  0.27860830661677916  0.28926163959212708  0.29960194332278334  0.31001949360326087
  0.32019701138906698  0.33016971703929526  0.33989526087109023  0.34935475443218067
  0.35952050824415527  0.37038634515992996  0.38118034691610880  0.39156476828558712
  0.40186625606466370  0.41206002043548484  0.42257994134852883  0.43304830012977719
  0.44353533409075929  0.45344836022470408  0.46342078222814020  0.47334670766357284
  0.48326752461026179  0.49269507522095524  0.50218189741806818  0.51255300091459977
  0.52334515763065959  0.53419574842336004  0.54461740973965767  0.55529431730876588
  0.56624000757566584  0.57730420511901903  0.58836022989537018  0.59942334370050354
  0.61038927039551782  0.62087888214834208  0.62967204077519012  0.63899304029890147
  0.64902601466239629  0.66043385786516939  0.67331426686678608  0.68604113385655496
  0.69873975594499915  0.71099059464295866  0.72295798513167409  0.73453037934573673
  0.74573536940121765  0.75683375630229111  0.76787407677872299  0.77875526485897029
  0.78962438903749854  0.80141738778462612  0.81329381372841414  0.82487864239831321
  0.83632237960398859  0.84785855081799044  0.85961138465451092  0.87128455305008523
  0.88252123739480304  0.89351061832142631  0.90457533916617172  0.91556325645260761
  0.92589885085842827  0.93556124406541774  0.94542622328050951  0.95478397256446057
  0.96474713614253904  0.97580583166745771  0.98766643513290542  1.00000000000000000
  0.00257812614770851  0.00508883015427801  0.00759953416084752  0.01011023816741702
  0.01555038027041095  0.02101263856325112  0.02701215259346997  0.03382952525464420
  0.04116740413281714  0.04974463631917721  0.05724708950179778  0.06416033344904924
  0.07380288945862248  0.08334738401539027  0.09394686953450405  0.10540118478095618
  0.11701787031404824  0.12837360323720148  0.13958833101080070  0.15064990997829053
  0.16148372693321381  0.17201254316265330  0.18173728719835910  0.19114013325547513
  0.20038194981329421  0.20942234079647840  0.21827873159981401  0.22708920935874452
  0.23596521666603607  0.24495984608245502  0.25369357962774980  0.26229581246501421
  0.27097626696656241  0.27966519980417420  0.28810065617482855  0.29632264491498478
  0.30449273701609175  0.31287776052468647  0.32129876266928870  0.32966226578600422
  0.33787981265020178  0.34611660330227939  0.35425249593182845  0.36237721893007308
  0.37053604326970774  0.37867662584142053  0.38662936385765378  0.39448903136107788
  0.40266242062638835  0.41103768874243579  0.41947950018244740  0.42810486598746661
  0.43664530851292221  0.44468451459567393  0.45261863862153007  0.46076801019820496
  0.46904280098853185  0.47714939125570910  0.48537628736022448  0.49366755470645862
  0.50212163143675759  0.51096875106103079  0.52008154227621950  0.52970632212796720
  0.53970491785942021  0.54995875651803983  0.56058346039549223  0.57135649075043982
  0.58202664404572202  0.59240342638496113  0.60284942151091725  0.61373141992303348
  0.62511512438250316  0.63694104814536057  0.64943682996743679  0.66202383961238898
  0.67429685158073593  0.68665976751423863  0.69965562961354033  0.71372875958952264
  0.72814304083413683  0.74148662666063458  0.75441250890328004  0.76808993522488311
  0.78348392855023496  0.80128577115043309  0.82042265097198974  0.84110396863369097
  0.86287768497382689  0.88375430688402401  0.90399470808177451  0.92813153436744777
  0.95034645210624247  0.96832637716081205  0.98408040260775986  1.00000000000000000
 -0.00327889912379369  0.01250726313996060  0.02339348488897870  0.03107751397134404
  0.04077101316059838  0.05101544737055846  0.06137351455479595  0.07165214832576434
  0.08174137405351067  0.09244974142123268  0.10370512511384714  0.11516940532230358
  0.12666482951788863  0.13808828005641929  0.14963281535328954  0.16140150298718228
  0.17323309611886595  0.18514907037910958  0.19705868818130021  0.20888565918230481
  0.22022453660889316  0.23194325008457056  0.24414745633505949  0.25598933881096297
  0.26702538505554185  0.27862073152867056  0.29060354786255033  0.30201509830830353
  0.31271755804315093  0.32489074706807547  0.33714966326357704  0.34860974956933199
  0.36058241420059861  0.37226066202400321  0.38261524792184315  0.39266344487857113
  0.40249441205665581  0.41190685430756763  0.42156754068752228  0.43138892154639591
  0.44109577426227420  0.45105546160456500  0.46166516289535214  0.47253134821624410
  0.48313188897337561  0.49338724166990450  0.50366239288673376  0.51407484509921186
  0.52448663416313546  0.53484483131100236  0.54515202726291245  0.55537552167186310
  0.56542087497581406  0.57534425668030675  0.58518010057305336  0.59478643961652000
  0.60438085905945493  0.61423441228796838  0.62425179584170865  0.63449483358023662
  0.64475853610876133  0.65504870640293666  0.66398361252699789  0.67245821773301884
  0.68125679216195223  0.69014808472858558  0.70038316804301937  0.71082952841898217
  0.72152251149618518  0.73216010584173341  0.74233525465552286  0.75258132798966126
  0.76277281897178084  0.77326369940502426  0.78418977218203456  0.79523442437120362
  0.80610389951865791  0.81705785088395588  0.82797375702622977  0.83903880846819057
  0.85010848222678104  0.85952283796549900  0.86898639202043815  0.87910138761670431
  0.88944545435441136  0.89943331539487337  0.90905488417932701  0.91823528513943553
  0.92829756551968379  0.93869559171834871  0.94918071456066189  0.95898598323973672
  0.96934414091724974  0.97835497588771125  0.98909389158552330  1.00000000000000000
 -0.00224523269360368  0.00904262758655328  0.01875005235252150  0.02898248621628068
  0.03953031931750490  0.05158100672407583  0.06286135518577865  0.07346020157515491
  0.08366398792097929  0.09331843398188923  0.10294940028985361  0.11243767557033038
  0.12226329454018921  0.13233974573613294  0.14278928172309277  0.15333260007879174
  0.16432340080484864  0.17534974512304563  0.18648134015406378  0.19800535646428147
  0.20987394461235589  0.22174027558515397  0.23313801296652842  0.24504931215236866
  0.25620923909425780  0.26739662559857136  0.27906964826075581  0.29050991983436170
  0.30099865805365400  0.31101240639403788  0.32150877149008394  0.33197665482570221
  0.34212116885755922  0.35206586619779195  0.36280460133045150  0.37394699168364137
  0.38354988748203223  0.39305094369825178  0.40250324227999451  0.41230257835180084
  0.42349822633439971  0.43392024251019762  0.44380811115704621  0.45414171701793943
  0.46366548227434962  0.47300244497090899  0.48207203449282598  0.49120703953278899
  0.50046028042295565  0.50996495527207641  0.51982757392088597  0.53019829224607529
  0.54071687898589316  0.55094307268901244  0.56093195341935409  0.57092810613352818
  0.58101769203972753  0.59114807675969849  0.60140507166727353  0.61196528360210378
  0.62280933616773315  0.63361094111035132  0.64424519834473515  0.65472555426480805
  0.66507232011970474  0.67546573809165478  0.68603313446934255  0.69719571018172233
  0.70874612674114135  0.72019703353613740  0.73164586120072472  0.74305400993398152
  0.75451900390581295  0.76584334692320377  0.77689436445366811  0.78788194541372270
  0.79873023627909046  0.80979511747135402  0.82083624822797785  0.83207509938102986
  0.84308276276480998  0.85407097676693788  0.86458378529810942  0.87515530585710166
  0.88599491569272837  0.89693799417181030  0.90720217032224570  0.91778462912366154
  0.92849581173496865  0.93835493551151161  0.94833584142360217  0.95877463089340298
  0.96862084299123496  0.97933241990592246  0.98958292902401801  1.00000000000000000
  0.70023275307627186  0.70478201784034833  0.70861262122330249  0.71244366659963154
  0.71638749488518971  0.72034709803814045  0.72425096498906072  0.72815614832007014
  0.73070046700942304  0.73161542718758488  0.73261434336602038  0.73355227829062508
  0.73576590866095559  0.73896488747303768  0.74185000125665501  0.74476092918905901
  0.74782718319736996  0.75086342020072860  0.75382114838659220  0.75675123993155669
  0.75969753260951900  0.76265536809679257  0.76553733693776227  0.76825545912978666
  0.77093743268477311  0.77363516548665279  0.77635500134117852  0.77895473361661638
  0.78143590242010108  0.78391076782821767  0.78641327815384510  0.78881253828717568
  0.79113603412720279  0.79344306971354117  0.79580896729493278  0.79814875837054389
  0.80044885370179919  0.80274499517643405  0.80504600180612051  0.80736012412712221
  0.80964267305943161  0.81183150321390751  0.81392332664529976  0.81594818939382485
  0.81794809639909072  0.81997022616081205  0.82206687344118046  0.82416306460706446
  0.82620182518876795  0.82824835401920793  0.83033644413041996  0.83246489645959743
  0.83460408368394612  0.83678945417719863  0.83897980092454971  0.84116253468788382
  0.84332345218407823  0.84546593398741632  0.84759525496592325  0.84973164498826459
  0.85194489967214537  0.85423775571126348  0.85646323228530596  0.85870957893385680
  0.86096159678897155  0.86327579614490380  0.86563061998085689  0.86802602114811389
  0.87048143429934921  0.87296922041183300  0.87547324810235572  0.87796901405069483
  0.88046600405708608  0.88289986865577341  0.88542128248672225  0.88804447706005929
  0.89078308362858161  0.89371792409782291  0.89672578107895962  0.89982158889275776
  0.90302983973828843  0.90636505397104905  0.90987000688829678  0.91359521893730067
  0.91763807927072572  0.92208736309582351  0.92652244226671066  0.93144067011432996
  0.93665691156060105  0.94247388946727917  0.94807578756601785  0.95323135496570210
  0.95848724175572442  0.96549168288877052  0.97750200538197141  1.00000000000000000
  0.27484190213446247  0.28034404352820813  0.28442938769140796  0.28771641082991944
  0.29160357668132064  0.29790650550620562  0.30431857412996954  0.31030341796221816
  0.31620840534502853  0.32199584907478307  0.32787130556215860  0.33365775127594782
  0.33914813352862688  0.34441776356354281  0.34962187276475953  0.35480115927053674
  0.35992547259233593  0.36499717627416334  0.37003251573710916  0.37494296037615671
  0.37965208505799419  0.38423466234103681  0.38884199318589335  0.39354133061570257
  0.39829026818970581  0.40302158126654208  0.40757300486580872  0.41214895005359692
  0.41665054916056787  0.42110595564745051  0.42555227963710079  0.42992528658525092
  0.43421213977364176  0.43847030231586581  0.44286195505249171  0.44721289280999749
  0.45154891315740620  0.45581393780367008  0.46003090384611822  0.46414013096226026
  0.46830085586994402  0.47250398526305054  0.47672767559580342  0.48109109467653421
  0.48566917000750842  0.49026794105078081  0.49468491237167422  0.49887646568096738
  0.50318935290012945  0.50769557634704399  0.51224765958597762  0.51665769048940324
  0.52065287401550042  0.52454308194710830  0.52856347245153013  0.53283461990360803
  0.53737181305559711  0.54188210028049033  0.54631579413120035  0.55086446390176569
  0.55551319325201753  0.56017691912305101  0.56480668668375456  0.56941325352909500
  0.57406001228328751  0.57872963002344036  0.58340419248553077  0.58811019152620780
  0.59283794945029022  0.59757116308613256  0.60234591017916084  0.60720870576397801
  0.61218835210147415  0.61721306655195785  0.62209896213877747  0.62705932777797269
  0.63224570789102075  0.63766820895725873  0.64317140153816788  0.64859944766264588
  0.65388814703860254  0.65911721672996137  0.66445945397095796  0.66998564718240972
  0.67579525530640838  0.68156505709932635  0.68745214455229675  0.69334557883016412
  0.69930514774608932  0.70547495709424379  0.71181295039440062  0.71855484316653362
  0.72545775170476512  0.73150505467481342  0.73593459948239626  1.00000000000000000
   3.9053482921159695E-012  -1.0000000000000000     
  <DiscreteSampler_grid>
  Helicity
  1 # 1 for a reference and 2 for a running grid.
  20 # Attribute 'min_bin_probing_points' of the grid.
  1 # Attribute 'grid_mode' of the grid. 1=='default',2=='initialization'
  0.0000000000000000 # Attribute 'small_contrib_threshold' of the grid.
  0.5000000000000000 # Attribute 'damping_power' of the grid.
 # binID   n_entries weight   weight_sqr   abs_weight
    3   279   5.250147777501843E-011   2.132347522989564E-020   5.250147777501843E-011
    4   1669   3.293277248344267E-010   2.572915553118704E-018   3.293277248344267E-010
    5   841   1.487892481440976E-010   3.453212321797736E-019   1.487892481440976E-010
    6   899   1.792915853523170E-010   7.513557733921422E-019   1.792915853523170E-010
    7   7420   1.438348028351775E-009   8.346937744287274E-017   1.438348028351775E-009
    10   1495   2.795274274439679E-010   2.072529810698680E-018   2.795274274439679E-010
    11   230   4.058536330129608E-011   2.026501405217544E-020   4.058536330129608E-011
    15   317   5.440693221115953E-011   9.674329616166812E-020   5.440693221115953E-011
    16   553   1.056404683990494E-010   2.104680620276930E-019   1.056404683990494E-010
    17   3511   6.533095432193590E-010   1.425674452179794E-017   6.533095432193590E-010
    18   559   1.007047016324906E-010   1.976757388546957E-019   1.007047016324906E-010
    19   21962   4.204564564751561E-009   1.498771386089535E-015   4.204564564751561E-009
    20   7219   1.379888487408039E-009   6.264608890822552E-017   1.379888487408039E-009
    21   1297   2.421751922655326E-010   2.238064136123973E-018   2.421751922655326E-010
    23   21699   4.118604649083081E-009   5.722205567804078E-016   4.118604649083081E-009
    24   398   7.936059085383705E-011   5.526597240934476E-020   7.936059085383705E-011
    26   287   5.194851269075287E-011   2.796443392536186E-020   5.194851269075287E-011
    27   563   1.156099634534816E-010   1.591131464446312E-019   1.156099634534816E-010
    28   105   1.811402162067152E-011   1.884084424029543E-021   1.811402162067152E-011
    29   911   1.783679713588459E-010   7.947982488868328E-019   1.783679713588459E-010
    31   3845   7.271464795625502E-010   3.194955185086221E-017   7.271464795625502E-010
    32   722   1.394719109222481E-010   6.741086251495548E-019   1.394719109222481E-010
    33   369   6.978791927384117E-011   6.900199654831663E-020   6.978791927384117E-011
    35   4691   8.988761638807920E-010   3.594167972035443E-017   8.988761638807920E-010
    36   2340   4.451975010962561E-010   3.346244726410835E-018   4.451975010962561E-010
    37   916   1.793600584618777E-010   7.227235515939425E-019   1.793600584618777E-010
    38   2239   4.325323984254212E-010   6.675566892449772E-018   4.325323984254212E-010
    39   2563   4.936109827135517E-010   6.894956188634927E-018   4.936109827135517E-010
    40   3531   6.578721784450392E-010   1.319756290792034E-017   6.578721784450392E-010
    41   11666   2.235887062219431E-009   2.861560100076327E-016   2.235887062219431E-009
    42   236   4.686075001425563E-011   2.341326829109483E-020   4.686075001425563E-011
    43   2212   4.334268207353576E-010   9.582593832500133E-018   4.334268207353576E-010
    44   768   1.452026824392246E-010   3.575467093073716E-019   1.452026824392246E-010
    45   781   1.599062158864212E-010   5.203104349119349E-019   1.599062158864212E-010
    47   804   1.494327080642955E-010   3.061506033736004E-019   1.494327080642955E-010
    49   139   2.374895570498846E-011   5.871696516599143E-021   2.374895570498846E-011
    50   19   4.310202947883607E-012   7.880528833239264E-023   4.310202947883607E-012
    53   8598   1.710686898194218E-009   2.705250630500721E-016   1.710686898194218E-009
    54   1444   2.692622044410520E-010   1.862752676018423E-018   2.692622044410520E-010
    55   278   5.045109709308648E-011   1.956218723156229E-020   5.045109709308648E-011
    56   4113   7.966067513657153E-010   1.691240729698962E-017   7.966067513657153E-010
    57   62   1.472594194909099E-011   1.376840367553310E-021   1.472594194909099E-011
    58   372   6.474197816919574E-011   5.273684933296363E-020   6.474197816919574E-011
    59   1457   2.703094422752529E-010   1.684557763201347E-018   2.703094422752529E-010
    60   786   1.494210743107052E-010   4.564418828164155E-019   1.494210743107052E-010
    61   3472   6.567303193785721E-010   1.184970957740942E-017   6.567303193785721E-010
    62   272   5.108920926369771E-011   2.985266879717480E-020   5.108920926369771E-011
    63   61   9.817392243021780E-012   5.507492772822698E-022   9.817392243021780E-012
  </DiscreteSampler_grid>
  <DiscreteSampler_grid>
  grouped_processes
  1 # 1 for a reference and 2 for a running grid.
  10 # Attribute 'min_bin_probing_points' of the grid.
  1 # Attribute 'grid_mode' of the grid. 1=='default',2=='initialization'
  0.0000000000000000 # Attribute 'small_contrib_threshold' of the grid.
  0.5000000000000000 # Attribute 'damping_power' of the grid.
 # binID   n_entries weight   weight_sqr   abs_weight
    10   10   3.392697963866265E-004   4.148511343512774E-007   3.392697963866265E-004
    16   10   3.392697963866266E-004   4.148511343512772E-007   3.392697963866266E-004
    22   10   3.392697963866266E-004   4.148511343512774E-007   3.392697963866266E-004
    28   10   3.392697963866266E-004   4.148511343512772E-007   3.392697963866266E-004
  </DiscreteSampler_grid>
