  0.00000014840454242  0.00000015351639844  0.00000015567599313  0.00000015834949447
  0.00000016103962741  0.00000016376760437  0.00000016674447262  0.00000016981220570
  0.00000017285185007  0.00000017605325976  0.00000017932432693  0.00000018263635717
  0.00000018591054400  0.00000018922123821  0.00000019262596657  0.00000019612020663
  0.00000019959586476  0.00000020307034940  0.00000020663162736  0.00000021032853856
  0.00000021396110619  0.00000021744645275  0.00000022109635707  0.00000022488308702
  0.00000022871299412  0.00000023288051840  0.00000023763856596  0.00000024156146315
  0.00000024548061809  0.00000024946884090  0.00000025360917377  0.00000025783464833
  0.00000026206077439  0.00000026631011616  0.00000027072163887  0.00000027576815788
  0.00000028047220196  0.00000028529301318  0.00000029024348101  0.00000029512786556
  0.00000030012246397  0.00000030525542587  0.00000031048483453  0.00000031568855130
  0.00000032095912508  0.00000032643020593  0.00000033211861764  0.00000033788515036
  0.00000034357910725  0.00000034951184765  0.00000035543718637  0.00000036156170058
  0.00000036790317699  0.00000037440590730  0.00000038111393827  0.00000038820012514
  0.00000039563818097  0.00000040319257549  0.00000041073378081  0.00000041834731394
  0.00000042612764998  0.00000043419602259  0.00000044241530006  0.00000045085127596
  0.00000045960050889  0.00000046872731172  0.00000047823937877  0.00000048798934912
  0.00000049783189528  0.00000050780261537  0.00000051809542131  0.00000052895501692
  0.00000054033766397  0.00000055233818766  0.00000056514481507  0.00000057913821976
  0.00000059404648291  0.00000060942182208  0.00000062564078587  0.00000064367544044
  0.00000066372073334  0.00000068527376220  0.00000070877901079  0.00000073484108582
  0.00000076312926503  0.00000079550390713  0.00000083409993102  0.00000087737384183
  0.00000092588630424  0.00000098877553784  0.00000107794353735  0.00000121429244663
  0.00000145135738169  0.00000244144371352  0.00005471275513148  1.00000000000000000
  0.00000274637798956  0.00000282780568708  0.00000286471115305  0.00000290978833236
  0.00000295861610890  0.00000300506589020  0.00000305189429726  0.00000310501867191
  0.00000316104241333  0.00000321656366075  0.00000327382812043  0.00000333292889859
  0.00000339247870910  0.00000345129753341  0.00000350967913211  0.00000356864861890
  0.00000362972744801  0.00000369390274624  0.00000376159109648  0.00000383187302599
  0.00000390302523876  0.00000397373454028  0.00000404450330752  0.00000411620788858
  0.00000418841883924  0.00000426003287202  0.00000433158374541  0.00000440427484992
  0.00000447955877221  0.00000455739736781  0.00000463770314884  0.00000471941867094
  0.00000480377141373  0.00000489220197805  0.00000498356186838  0.00000507442230506
  0.00000516370644062  0.00000525415584857  0.00000534778813856  0.00000544532852547
  0.00000554619773020  0.00000564761781667  0.00000575010399710  0.00000585969951171
  0.00000597454366500  0.00000609504844407  0.00000622069147597  0.00000634862338167
  0.00000647727148057  0.00000661080344616  0.00000675398303048  0.00000690455701924
  0.00000705697961448  0.00000721462699219  0.00000737821533289  0.00000754559281751
  0.00000771027796008  0.00000787803749329  0.00000805591271931  0.00000825058427996
  0.00000845979193902  0.00000867192392387  0.00000887888111327  0.00000907521143002
  0.00000927063652775  0.00000946530829147  0.00000966341404117  0.00000988229135274
  0.00001012347091408  0.00001039110553860  0.00001069478810111  0.00001101687971291
  0.00001135077731550  0.00001170487314400  0.00001204429088121  0.00001239148925788
  0.00001275349963655  0.00001313307569377  0.00001355476046506  0.00001401402518109
  0.00001448218991199  0.00001495369175831  0.00001545172076479  0.00001602832663362
  0.00001657932353741  0.00001704004012910  0.00001750707354948  0.00001813219709605
  0.00001900631152542  0.00001989254763743  0.00002081929865644  0.00002215369870612
  0.00002621068419874  0.00003925869347693  0.00006494857064084  1.00000000000000000
  0.00000017676078328  0.00000020569054479  0.00000022361387204  0.00000023928695785
  0.00000025458586865  0.00000026999877841  0.00000028544529374  0.00000030182795858
  0.00000032034135993  0.00000034122421867  0.00000036387423679  0.00000038782935484
  0.00000041316724269  0.00000043896943230  0.00000046433944717  0.00000049031232241
  0.00000051771022042  0.00000054678613442  0.00000057814156196  0.00000061061514764
  0.00000064221302372  0.00000067554866037  0.00000071011553729  0.00000074529517875
  0.00000078153386097  0.00000081862848654  0.00000085713908165  0.00000089682857908
  0.00000093773042793  0.00000097976327988  0.00000102219476184  0.00000106463498302
  0.00000110697604256  0.00000115287507421  0.00000120340208763  0.00000125561934717
  0.00000130764439723  0.00000136024823326  0.00000141578111758  0.00000147313955672
  0.00000153041420049  0.00000158719862924  0.00000164327787514  0.00000169939676210
  0.00000175678869726  0.00000181496808174  0.00000187466795038  0.00000193673201345
  0.00000200390986983  0.00000207348476674  0.00000214391681243  0.00000221553053679
  0.00000229007723447  0.00000237072685781  0.00000245652908787  0.00000254593985357
  0.00000263713803067  0.00000273011558179  0.00000282663423002  0.00000293038467724
  0.00000304414400663  0.00000316679017155  0.00000329415992367  0.00000342512967713
  0.00000356979686782  0.00000373167415076  0.00000390924599146  0.00000410067963884
  0.00000430398903818  0.00000452499409326  0.00000476666671248  0.00000501503241255
  0.00000526249310378  0.00000552476574657  0.00000580512094329  0.00000605852602800
  0.00000632502404389  0.00000666543141185  0.00000704260058343  0.00000741710415333
  0.00000782174615384  0.00000828124315081  0.00000876902084670  0.00000928828531277
  0.00000989233844917  0.00001058875585329  0.00001146649199819  0.00001256840473534
  0.00001386874096803  0.00001537714208229  0.00001717813411094  0.00001931275749746
  0.00002169653306348  0.00002476099474600  0.00002884778679950  1.00000000000000000
 -0.00355316299955946  0.01379378206500838  0.02957409194775579  0.04448756918964596
  0.05821136947149428  0.07060802845656013  0.08217562631323008  0.09371446149791235
  0.10457053678865637  0.11476425716140623  0.12488496849287831  0.13529086699190049
  0.14595431164594508  0.15686299954927926  0.16705083982102600  0.17590564654964655
  0.18487878477004080  0.19393706165242378  0.20272394733714816  0.21159307013246434
  0.22065793498698424  0.22987640268811282  0.23955884918604745  0.24935780189624396
  0.25893924033090671  0.26844157742167540  0.27803754969509425  0.28784546742252831
  0.29772496110048080  0.30733404026631439  0.31659156903599506  0.32575292763494978
  0.33497343997331480  0.34451371137166809  0.35440378263962652  0.36457970698135572
  0.37441190722783307  0.38345535015852955  0.39263457952600106  0.40227807934663079
  0.41180543452042001  0.42119375355125099  0.43059303582538550  0.44002099551135843
  0.44914536272649586  0.45793929337708561  0.46656983113954065  0.47519578805090812
  0.48443685632940969  0.49415645145340070  0.50333428982014217  0.51217136060144819
  0.52083316805704383  0.53044106158053905  0.54041045530970377  0.55030278183944481
  0.56042947672255372  0.57089054849376175  0.58118722641332565  0.59034945191438659
  0.59946513947399993  0.60862060134595009  0.61769259720770431  0.62656832806020202
  0.63534964140015415  0.64409651075735042  0.65331051901861792  0.66324257628132210
  0.67315325623339073  0.68274599274521108  0.69240600378815120  0.70186908439212026
  0.71175848451869350  0.72373935137138301  0.73422267143571263  0.74400634004484290
  0.75372609339265373  0.76276764223238847  0.77227566682164872  0.78211340044431188
  0.79382051813858301  0.80560627610781232  0.81724932349068102  0.83031272219706420
  0.84418774112510409  0.85852197794370866  0.87362652455328149  0.88927772309691122
  0.90408079804292640  0.91685591320269799  0.92923485927485794  0.94317466678333228
  0.95855404929663324  0.97412656973321710  0.99038850715858251  1.00000000000000000
 -0.00221809807162003  0.00855679280946238  0.01959695641436365  0.02847371104993862
  0.03888805665764071  0.04890853561382393  0.05852541502967081  0.06781867784884038
  0.07720447821345293  0.08703516901128379  0.09726925267672228  0.10733070243579410
  0.11707944162101508  0.12699998021743877  0.13720653135333141  0.14752931964571767
  0.15779474624597892  0.16791807643093751  0.17774506931276826  0.18749338704663679
  0.19732276501618531  0.20682567216137809  0.21631209363177287  0.22615359573650834
  0.23613856896873553  0.24606684690819525  0.25603001482524723  0.26635680745764873
  0.27727965309435620  0.28902727243577064  0.30158022501456933  0.31432508118737329
  0.32634477023936642  0.33745732134356232  0.34830145864649342  0.35946166935845236
  0.37109880151451607  0.38237358225992080  0.39368267377020988  0.40585156633624808
  0.41825270801382652  0.43119293259945524  0.44494038304035383  0.45753319619296384
  0.46676064961833919  0.47855154145136691  0.48997483879277454  0.50128739219797824
  0.51267385618013772  0.52344264337278612  0.53397447310615276  0.54415109242118043
  0.55406202225088974  0.56454598421519142  0.57448610690816371  0.58444899153818697
  0.59475102087258436  0.60536140491362345  0.61654976309306309  0.62742409386973375
  0.63705333550401333  0.64654181180893067  0.65635533651336531  0.66661044649398526
  0.67726665634989236  0.68776794449371104  0.69793424594413023  0.70783724071861032
  0.71768371483893545  0.72738701428381192  0.73647194150698025  0.74503895634489437
  0.75410622199708643  0.76436926660296267  0.77495857091692466  0.78510869050701315
  0.79531303729157521  0.80582585836227827  0.81619794100598775  0.82605009833394638
  0.83594388051132307  0.84643738238066268  0.85729088793612207  0.86826207567730729
  0.87919113682818861  0.89021050884948982  0.90156794147679942  0.91324477386386349
  0.92425682403782172  0.93486135173669938  0.94517171445469150  0.95537684461772765
  0.96581005129319919  0.97653492233191619  0.98757914660773238  1.00000000000000000
 -0.00289782319450799  0.01270445334932812  0.03357481423605454  0.05528022120873260
  0.07861052661623144  0.09925983713874452  0.11674505319679250  0.13284335002197839
  0.14811586193246271  0.16247172750791883  0.17607472102778493  0.18921445399557588
  0.20242043013004785  0.21581017373765715  0.22866565805590350  0.24025759936436170
  0.25089557971918663  0.26186589619764616  0.27345286839416860  0.28536078090553563
  0.29744685409188715  0.30954360983610113  0.32140181454195338  0.33284881967138413
  0.34378366512878350  0.35433696199106768  0.36480196967435063  0.37533350568334228
  0.38599516890709434  0.39692040741626455  0.40763526941900585  0.41832449341299577
  0.42939173242180700  0.44035700545887374  0.45097418510133042  0.46139308597781303
  0.47156684408451344  0.48151874255343452  0.49134173729598490  0.50130810342641352
  0.51133507339264272  0.52094060651732765  0.52989368890167632  0.53844891900412728
  0.54699927115293190  0.55563505625379583  0.56420223920811163  0.57278950569783160
  0.58144714864455849  0.58984342612664742  0.59801774005435060  0.60644372864285168
  0.61503249068168320  0.62342700497306547  0.63171842040447823  0.64016688328324323
  0.64885980794763021  0.65748282788050794  0.66614098942151123  0.67486402823042224
  0.68371928528758419  0.69242208055160104  0.70110851570183597  0.70976087314320502
  0.71843224067326594  0.72718169028862922  0.73586286214715346  0.74483998365021153
  0.75423042246611760  0.76365025959118427  0.77269434514726998  0.78120129388191040
  0.78972302529597072  0.79821906652046981  0.80660647239391337  0.81514520883422770
  0.82410381747902783  0.83399331242822550  0.84469794216676375  0.85552708401960098
  0.86578482258836442  0.87525272422334810  0.88405473906318166  0.89291116727280839
  0.90171812477974145  0.91080973938869347  0.92045834789801517  0.93065886535960218
  0.94042455095572874  0.94953100054837714  0.95821324838353772  0.96662208593793597
  0.97502546969108284  0.98342210117392403  0.99174996070196964  1.00000000000000000
 -0.00094059460567944  0.00521962128303994  0.01342493540503496  0.02196469370378059
  0.03210897178641127  0.04357609534147126  0.05418147347884553  0.06413482078468918
  0.07399448555257787  0.08390059401581161  0.09370093656423747  0.10348476756251060
  0.11324270006877812  0.12283977913043843  0.13228151458780937  0.14151309916737892
  0.15095731770727497  0.16095289328070300  0.17092779296308663  0.18013647284689507
  0.19074687322238912  0.20285657406513388  0.21395714962000406  0.22393700262752478
  0.23427486983192158  0.24531706372426354  0.25643727317778897  0.26762617665243965
  0.27849939863872580  0.28883907797265052  0.29911760506240831  0.30956255071000482
  0.32070151707282063  0.33240776799094190  0.34351384448164263  0.35367263577979452
  0.36351402114751324  0.37375627938918049  0.38414321989190320  0.39494743025425338
  0.40696292639233078  0.42056223682151939  0.43339926400133050  0.44576469000299346
  0.45822645564465125  0.47042433845074355  0.48265443245848250  0.49494650662875694
  0.50720095408667831  0.51937483277760488  0.53129114422812218  0.54280556568981242
  0.55410028886681584  0.56532675101590002  0.57585736148661149  0.58666155739933212
  0.59774428682351222  0.60875943128484356  0.61935976818940575  0.63119274504694534
  0.64209500125298391  0.65170235780879970  0.66124607453503681  0.67093199754692012
  0.68098109432750475  0.69100540948183697  0.70047036224844117  0.71001071237890190
  0.72002169830424556  0.73037608715778579  0.74046721384682290  0.75088765808681457
  0.76213379888247368  0.77289320002598183  0.78307725348809343  0.79312253356397466
  0.80335408292205457  0.81328403762777490  0.82356502143816646  0.83329223118945983
  0.84276642714583461  0.85226076869504797  0.86271333512303117  0.87288924985902527
  0.88292189264789245  0.89188101888794358  0.90094802230547022  0.91126764046817288
  0.92190298412458371  0.93261671457926698  0.94353606627419428  0.95417067885892159
  0.96441920249722479  0.97447641025203624  0.98553838938867400  1.00000000000000000
 -0.00081762606550152  0.00515745436095935  0.01389781000234453  0.02423095920799260
  0.03549232510673556  0.04688160056548259  0.05862199616207551  0.07042575248902087
  0.08174053012601032  0.09295290938210492  0.10430841580802279  0.11548221165381048
  0.12674703422489006  0.13813987755836574  0.15005450263924208  0.16215528883997973
  0.17404845634351587  0.18536235079345142  0.19622859894918318  0.20670831378759963
  0.21641626339891498  0.22711450840802597  0.23974710475999558  0.25172942026902417
  0.26220192449518365  0.27175571436294610  0.28117136057950587  0.29029657908490952
  0.29971853113284364  0.30877307977396251  0.31855844357672564  0.32950452118777718
  0.34081108362184837  0.35202962337267385  0.36264487909418497  0.37264746089161316
  0.38256424064711003  0.39249535010487518  0.40255582457549677  0.41251577038719256
  0.42272974223887178  0.43345266041451375  0.44433513797822882  0.45513582912956574
  0.46613517734240051  0.47743765950441430  0.48671487965507026  0.49613102845041995
  0.50565193119980423  0.51515443899741076  0.52477630969100164  0.53420352063079901
  0.54345298275349063  0.55293557855146858  0.56300155006617181  0.57345978156809319
  0.58420114109546639  0.59493843186529360  0.60546636187049963  0.61593585372449877
  0.62669624498208243  0.63781251562859198  0.64854893282123605  0.65902592566189200
  0.66976242603414271  0.68072980444645692  0.69143572230628636  0.70204274182751369
  0.71251819289418639  0.72345661257575000  0.73439177631033048  0.74573475261043842
  0.75746495556670201  0.76921365837595479  0.78013683798642008  0.79004000752167047
  0.79943762044087396  0.80925134487285033  0.81944589079084551  0.82975578041015619
  0.84052845805718512  0.85135734505002914  0.86055600382347852  0.87043157040834940
  0.88049031897004459  0.89058945354017316  0.90096849551832325  0.91096032870142096
  0.92136728127469225  0.93244913651789907  0.94328333829410838  0.95354306788060650
  0.96373122538130218  0.97558570497465635  0.98787950890249254  1.00000000000000000
  0.69840271564557854  0.70599737921700922  0.71140347091959910  0.71448429817697434
  0.72000704046982567  0.72738777007672439  0.73539294353169660  0.74319468923632792
  0.75102889259938921  0.75866253549330698  0.76588440057174845  0.77284634477778102
  0.77951585585023075  0.78568480702115984  0.79137769231893773  0.79636992828436126
  0.80105691468744189  0.80580826315404452  0.81065328218406363  0.81545095391610034
  0.82023115933962987  0.82485440715151392  0.82933048170260493  0.83356116875838093
  0.83771119937356908  0.84187466799309818  0.84599156607303294  0.84991419410536662
  0.85377743303803233  0.85760654776124345  0.86134089367521094  0.86497040829206218
  0.86860700750176112  0.87232053639063589  0.87592261588921039  0.87930351134751472
  0.88257124215353888  0.88573703937080439  0.88880409579865571  0.89177351962635287
  0.89465215058949266  0.89741908650785485  0.90016115432578703  0.90294633788855916
  0.90579452994555398  0.90856047473014467  0.91122229419665368  0.91384969494667667
  0.91642306349418245  0.91882635179768157  0.92112710656994823  0.92341488268400940
  0.92565308819399950  0.92781222556843368  0.92990542339766646  0.93202131783002018
  0.93421017104350257  0.93642560616848658  0.93855957608951945  0.94057382607738960
  0.94251405835526525  0.94443679985319928  0.94636819238548364  0.94831057013422360
  0.95019975214637709  0.95193616904796197  0.95352753091855169  0.95504648771640399
  0.95662311222169416  0.95811944171087515  0.95945547682260401  0.96071979803523710
  0.96197403390457359  0.96316512680238919  0.96410484931893914  0.96529840548156454
  0.96656335424408368  0.96779180296843792  0.96889351379052080  0.96983226714607351
  0.97093205113861059  0.97219257250267033  0.97338021238127947  0.97446796107874800
  0.97555169619379833  0.97664357802847468  0.97809632671404789  0.97982080415982742
  0.98145585619166509  0.98305785532464096  0.98449560316115436  0.98575350981298338
  0.98682339482451698  0.98824422693576364  0.99142514136578974  1.00000000000000000
  0.27448575305698991  0.27815303482290499  0.29189985298356891  0.29944825155124649
  0.30682429407648815  0.31419673382046742  0.32133906517286476  0.32814049880981749
  0.33483019039847767  0.34156237583511279  0.34853608542303377  0.35543338815100362
  0.36225987013340044  0.36879169202952178  0.37498670443485715  0.38107519385103622
  0.38685432481971582  0.39268304505207491  0.39842378614205715  0.40415686526055822
  0.40992934390353036  0.41575134291023802  0.42149116783527668  0.42704066862251755
  0.43241470953722677  0.43774773004367468  0.44299313962634285  0.44814647800199553
  0.45330982460144809  0.45835706950026200  0.46340703664575311  0.46830807645957023
  0.47328836892137244  0.47834564967178134  0.48335907683905649  0.48831801175088596
  0.49327171880574738  0.49826154889271829  0.50301896526506074  0.50753677956664811
  0.51196565322556886  0.51651037746137896  0.52120740733049664  0.52586585464781788
  0.53032413196535755  0.53468347991849263  0.53913535652063649  0.54365530714688937
  0.54805657025451970  0.55219491811036836  0.55607946830888522  0.56005599437796494
  0.56399823465668231  0.56807186604083315  0.57227401383545007  0.57638321055366226
  0.58052616184044958  0.58470665203422134  0.58874805876841918  0.59266020065264713
  0.59675801683669738  0.60102307334893990  0.60536492675747433  0.60971093849491431
  0.61389178127947874  0.61788063380668934  0.62182869114210959  0.62598278101444471
  0.63057989821426430  0.63525663269303634  0.63990194174731896  0.64456326526729402
  0.64910324020056176  0.65354907826033348  0.65779834137031490  0.66186671030069733
  0.66577897751150139  0.66993528958375725  0.67424326836324133  0.67855157671798449
  0.68267333367791094  0.68677269726572410  0.69093831033257236  0.69506535042478357
  0.69905011708895759  0.70310126839604570  0.70733498597545785  0.71169712112071482
  0.71630092826891034  0.72095439984055998  0.72525662936044888  0.72940467984102086
  0.73115506091107929  0.73327921570812515  0.73699109074599611  1.00000000000000000
   3.3515882969285743E-012  -1.0000000000000000     
  <DiscreteSampler_grid>
  Helicity
  1 # 1 for a reference and 2 for a running grid.
  40 # Attribute 'min_bin_probing_points' of the grid.
  1 # Attribute 'grid_mode' of the grid. 1=='default',2=='initialization'
  0.0000000000000000 # Attribute 'small_contrib_threshold' of the grid.
  0.5000000000000000 # Attribute 'damping_power' of the grid.
 # binID   n_entries weight   weight_sqr   abs_weight
    1   20   1.880475339538894E-012   1.717479888694865E-023   1.880475339538894E-012
    2   16507   1.823182998889658E-009   5.262154849646368E-016   1.823182998889658E-009
    3   2428   2.617358682514395E-010   3.278558062161428E-018   2.617358682514395E-010
    4   795   8.194036862326823E-011   1.174854182675089E-019   8.194036862326823E-011
    6   13327   1.470549152992061E-009   6.795083534973413E-016   1.470549152992061E-009
    7   4450   5.000988147388254E-010   4.561961344083229E-017   5.000988147388254E-010
    11   2   3.363119049118465E-013   1.958145245616746E-025   3.363119049118465E-013
    14   339   4.056102520493626E-011   3.417940370944300E-020   4.056102520493626E-011
    15   96   9.889019146832553E-012   1.230341665927437E-021   9.889019146832553E-012
    16   242   2.966111428582655E-011   1.047835495656273E-020   2.966111428582655E-011
    18   30840   3.386768734712408E-009   9.332177675510979E-016   3.386768734712408E-009
    19   3583   4.103603981493774E-010   1.751538825955371E-017   4.103603981493774E-010
    21   59   6.106449978210458E-012   4.656975644706899E-022   6.106449978210458E-012
    22   551   5.674631101864992E-011   4.243546141835051E-020   5.674631101864992E-011
    23   4   5.000682894451235E-013   4.247997106711403E-025   5.000682894451235E-013
    24   1234   1.331860387884586E-010   2.880136671016495E-019   1.331860387884586E-010
    28   5174   5.895471369815239E-010   5.141541896141188E-017   5.895471369815239E-010
    30   242   2.606247776249956E-011   1.145195466090791E-020   2.606247776249956E-011
    31   2836   3.002824091828467E-010   8.647975950028013E-018   3.002824091828467E-010
    32   30   3.175692831790203E-012   1.140549900517042E-022   3.175692831790203E-012
    33   99   1.064378950427079E-011   1.362539330775710E-021   1.064378950427079E-011
    34   6566   7.170812549899122E-010   4.433390512120151E-017   7.170812549899122E-010
    35   9780   1.078569335188712E-009   1.321256078410713E-016   1.078569335188712E-009
    38   7   1.194664301249967E-012   5.345051781419163E-024   1.194664301249967E-012
    39   189   2.201755502809781E-011   6.551283867678402E-021   2.201755502809781E-011
    40   2721   3.028345492280694E-010   4.216523980715938E-018   3.028345492280694E-010
    41   5871   6.292139477079956E-010   2.583393874416310E-017   6.292139477079956E-010
    43   23   1.929094423944336E-012   1.923981205359939E-023   1.929094423944336E-012
    44   34   2.893480711723773E-012   5.753880759933758E-023   2.893480711723773E-012
    45   68   7.919508862662243E-012   5.040018327745403E-022   7.919508862662243E-012
    46   10   7.752548173255194E-013   1.657264166601523E-024   7.752548173255194E-013
    48   674   7.348139212978127E-011   8.661976183883015E-020   7.348139212978127E-011
    49   12   2.934827341070847E-012   2.204447069630437E-023   2.934827341070847E-012
    50   3717   4.106401413526567E-010   1.403097977648822E-017   4.106401413526567E-010
    51   101   1.281085223227354E-011   8.941026195021039E-022   1.281085223227354E-011
    52   556   5.914371876372582E-011   1.467953376911550E-019   5.914371876372582E-011
    53   271   3.283097455155535E-011   1.128921157981385E-020   3.283097455155535E-011
    54   9   6.925106793277341E-013   1.401328257296670E-024   6.925106793277341E-013
    55   76   9.075716445948951E-012   7.585230768454841E-022   9.075716445948951E-012
    56   14816   1.648862741951994E-009   5.558726852319084E-016   1.648862741951994E-009
    57   1   1.198321201189583E-014   1.435973701220444E-028   1.198321201189583E-014
    58   6   3.304520563934888E-013   4.997069316702801E-025   3.304520563934888E-013
    59   26335   2.860947600661659E-009   2.381514590950233E-015   2.860947600661659E-009
    61   2426   2.648801702464824E-010   4.577895195251881E-018   2.648801702464824E-010
    62   1287   1.439443583780364E-010   1.120444028539955E-018   1.439443583780364E-010
    63   1666   1.799178756617120E-010   1.393245528071916E-018   1.799178756617120E-010
  </DiscreteSampler_grid>
  <DiscreteSampler_grid>
  grouped_processes
  1 # 1 for a reference and 2 for a running grid.
  10 # Attribute 'min_bin_probing_points' of the grid.
  1 # Attribute 'grid_mode' of the grid. 1=='default',2=='initialization'
  0.0000000000000000 # Attribute 'small_contrib_threshold' of the grid.
  0.5000000000000000 # Attribute 'damping_power' of the grid.
 # binID   n_entries weight   weight_sqr   abs_weight
    13   10   5.148025282500999E-002   1.899940848214932E-002   5.148025282500999E-002
    14   10   5.148025282501008E-002   1.899940848214941E-002   5.148025282501008E-002
    16   10   1.106805989821789E-003   5.765877522888582E-006   1.106805989821789E-003
    17   10   1.106805989821793E-003   5.765877522888626E-006   1.106805989821793E-003
    22   10   2.259089728826776E-002   3.055629549530288E-003   2.259089728826776E-002
    23   10   2.259089728826782E-002   3.055629549530308E-003   2.259089728826782E-002
    25   10   4.991761933513400E-003   1.734093146488926E-004   4.991761933513400E-003
    26   10   4.991761933513408E-003   1.734093146488933E-004   4.991761933513408E-003
    31   10   5.148025282500999E-002   1.899940848214931E-002   5.148025282500999E-002
    32   10   5.148025282501012E-002   1.899940848214942E-002   5.148025282501012E-002
    34   10   1.106805989821792E-003   5.765877522888602E-006   1.106805989821792E-003
    35   10   1.106805989821795E-003   5.765877522888641E-006   1.106805989821795E-003
    40   10   2.259089728826778E-002   3.055629549530289E-003   2.259089728826778E-002
    41   10   2.259089728826785E-002   3.055629549530311E-003   2.259089728826785E-002
    43   10   4.991761933513403E-003   1.734093146488925E-004   4.991761933513403E-003
    44   10   4.991761933513411E-003   1.734093146488933E-004   4.991761933513411E-003
  </DiscreteSampler_grid>
