  0.00000071923636568  0.00000073321598959  0.00000074244288454  0.00000075042115231
  0.00000076202629288  0.00000077383214772  0.00000078599076289  0.00000079839938933
  0.00000081087718530  0.00000082328426870  0.00000083589300461  0.00000084834643358
  0.00000086152974877  0.00000087477194682  0.00000088818736892  0.00000090187009245
  0.00000091593831785  0.00000093017061539  0.00000094461705847  0.00000095872879975
  0.00000097291132431  0.00000098706746233  0.00000100155587039  0.00000101648124986
  0.00000103193389983  0.00000104686419741  0.00000106082669579  0.00000107447052458
  0.00000108816680025  0.00000110301617557  0.00000111882876423  0.00000113469060248
  0.00000115038611869  0.00000116578390467  0.00000118125137922  0.00000119831356839
  0.00000121611778342  0.00000123406629994  0.00000125207535673  0.00000127019839692
  0.00000128829314199  0.00000130621072605  0.00000132394996175  0.00000134166540818
  0.00000135997301526  0.00000137839881144  0.00000139788375425  0.00000141852285625
  0.00000143969581442  0.00000146089627724  0.00000148198889194  0.00000150306324010
  0.00000152425513906  0.00000154597049294  0.00000156826102674  0.00000159088233913
  0.00000161366957798  0.00000163599339195  0.00000166080203557  0.00000168739334879
  0.00000171359003106  0.00000173997778622  0.00000176663708657  0.00000179389246150
  0.00000182166866711  0.00000184917354155  0.00000187669763983  0.00000190382600963
  0.00000193125314625  0.00000195934389056  0.00000198700095874  0.00000201356608404
  0.00000203783329843  0.00000206391254948  0.00000209008710367  0.00000211719291222
  0.00000214839044051  0.00000217933700182  0.00000221118808181  0.00000224062050572
  0.00000226904895442  0.00000229985216055  0.00000233318611330  0.00000236911113805
  0.00000240428542986  0.00000243912362984  0.00000247371470908  0.00000250893422170
  0.00000254482613674  0.00000258114185252  0.00000261612824137  0.00000264663626147
  0.00000267567385397  0.00000270859511493  0.00000271608729687  1.00000000000000000
  0.00000019540882300  0.00000021789104926  0.00000023237311984  0.00000024735682975
  0.00000026273279122  0.00000027752764784  0.00000029191679243  0.00000030659502624
  0.00000032275581157  0.00000033937131417  0.00000035609713481  0.00000037406528913
  0.00000039245001165  0.00000041146136966  0.00000043112467805  0.00000045135625830
  0.00000047182029091  0.00000049221596091  0.00000051303816049  0.00000053480754753
  0.00000055784698160  0.00000058149802084  0.00000060499006244  0.00000062872124106
  0.00000065451263412  0.00000068217327127  0.00000071013738846  0.00000073882448560
  0.00000076836045942  0.00000079972583281  0.00000083306609699  0.00000086628850920
  0.00000090029005444  0.00000093459047969  0.00000097293614505  0.00000101206534038
  0.00000105209634846  0.00000108939723117  0.00000112620410204  0.00000116638814306
  0.00000120686297216  0.00000125051766064  0.00000129555428931  0.00000134175047877
  0.00000139069001429  0.00000144243722277  0.00000149127717374  0.00000153981305475
  0.00000158990903722  0.00000164155834308  0.00000170144284639  0.00000176512206808
  0.00000183052166294  0.00000189739980464  0.00000196577279478  0.00000204095635513
  0.00000212138967177  0.00000220238371936  0.00000228570498720  0.00000237660927987
  0.00000248108919099  0.00000259518190069  0.00000271140107853  0.00000283005466302
  0.00000296377413363  0.00000312043951443  0.00000328937613129  0.00000346122010028
  0.00000364917707538  0.00000385089159072  0.00000406002694025  0.00000428052910911
  0.00000451209672405  0.00000476478384266  0.00000502887026833  0.00000532737644512
  0.00000566153455336  0.00000599877513685  0.00000637411717332  0.00000680493741166
  0.00000725613260122  0.00000772536062144  0.00000824925974448  0.00000880112639216
  0.00000941621901333  0.00001013080989583  0.00001089332192168  0.00001181354765699
  0.00001272173089146  0.00001471982534651  0.00001768480538302  0.00001995555613133
  0.00002204893784806  0.00002735529840044  0.00003349908058728  1.00000000000000000
  0.00000021823791284  0.00000023939520299  0.00000025698623751  0.00000027555534903
  0.00000029337298704  0.00000031159522747  0.00000032998704941  0.00000034802736929
  0.00000036576496071  0.00000038379956938  0.00000040207430858  0.00000042047511668
  0.00000043995776462  0.00000046164109237  0.00000048349932551  0.00000050580378736
  0.00000052841651930  0.00000055206329086  0.00000057593667049  0.00000060056611272
  0.00000062561305373  0.00000065260433428  0.00000068093417967  0.00000070933146957
  0.00000073785614701  0.00000076688848597  0.00000079698891505  0.00000082815180907
  0.00000085982247339  0.00000089150659411  0.00000092359259043  0.00000095892337543
  0.00000099805090818  0.00000103697887262  0.00000107565557104  0.00000111286129274
  0.00000114987085588  0.00000118811154499  0.00000122710098368  0.00000126829420727
  0.00000131149652451  0.00000136148038626  0.00000141977006774  0.00000148067072701
  0.00000154342921766  0.00000160718808678  0.00000167048700930  0.00000173316117047
  0.00000179699937079  0.00000186352602204  0.00000193219768287  0.00000200585107187
  0.00000209059006163  0.00000217915901828  0.00000226782811752  0.00000235781877171
  0.00000245985679739  0.00000257717598968  0.00000269883418383  0.00000282375158356
  0.00000295983395020  0.00000311770115869  0.00000328632032554  0.00000346176318992
  0.00000364073903864  0.00000382529140641  0.00000401660562277  0.00000421277483854
  0.00000442648550920  0.00000465853781336  0.00000489580258831  0.00000515110428140
  0.00000547409560680  0.00000582965585740  0.00000620151358985  0.00000666897237059
  0.00000717256776880  0.00000773700222661  0.00000841059993242  0.00000912661031616
  0.00000992150002726  0.00001079750731695  0.00001182575123795  0.00001298097411214
  0.00001421372236357  0.00001558185552598  0.00001715051111387  0.00001886464366780
  0.00002080145730351  0.00002303600944422  0.00002915118679644  0.00005796411850464
  0.00007596965384828  0.00008897331632155  0.00009845683532320  1.00000000000000000
 -0.00016263962073748  0.00077000974757403  0.00210119046822381  0.00343355093843828
  0.00476008930027450  0.00626484882070544  0.00793323388688722  0.00959120953508833
  0.01128983553543756  0.01481782415921997  0.02128950726816312  0.02847585957420347
  0.03613384872469533  0.04386460808630406  0.05160120809211585  0.05941253932533241
  0.06757984955123568  0.07640925635346504  0.08480927754095439  0.09282813653276810
  0.10074063273962000  0.10886501777220900  0.11699204419603718  0.12504751727131505
  0.13286791932877584  0.14076737861547672  0.14902374123374382  0.15764244499167093
  0.16634487332577133  0.17482006778444736  0.18308236614572082  0.19134981596414230
  0.19968905517113189  0.20815803724647816  0.21662983835312785  0.22515717942985986
  0.23450985364324045  0.24501552821390438  0.25590919553147523  0.26713439954692331
  0.27881181274974270  0.28983605212628039  0.29971746012291939  0.30909911406368634
  0.31851901255708659  0.32774163116886806  0.33688717049892153  0.34614003273172239
  0.35662248533912738  0.36871267478199149  0.38160810401277762  0.39506517440482186
  0.40905359048087631  0.42254917300376060  0.43486013769576148  0.44776895221289426
  0.46086770624593293  0.47392737860082695  0.48845126683471374  0.50411359375864884
  0.51782786481507537  0.53167012178043271  0.54557063529982275  0.55982635964120775
  0.57462443034265587  0.58945272384742131  0.60353528420705804  0.61760035088039233
  0.63085217902518598  0.64363469561734143  0.65758574239552103  0.67165841486391220
  0.68519689004745210  0.69952431520182645  0.71460759732324863  0.73016044058250806
  0.74694093179109033  0.75992957539188744  0.77177197011924814  0.78329088610025832
  0.79487638302120855  0.80705867857732838  0.82085709789167127  0.83531733910328554
  0.84836077907495611  0.86131865776056260  0.87488138614673794  0.88854626908959344
  0.90346055301429073  0.91943635803919166  0.93413908459193640  0.94742874939450983
  0.96104752835995355  0.97459599168810995  0.98752228864653468  1.00000000000000000
 -0.00257241339332756  0.01002565856494771  0.02019910724081029  0.03136039177628101
  0.04261843316439958  0.05418589468187561  0.06553134643990480  0.07683316013564184
  0.08802048587725057  0.09896180241537544  0.10985416622271738  0.12065099142404409
  0.13105858921077326  0.14127019867788257  0.15127808998924533  0.16134953930117704
  0.17117202513937821  0.18088080109027135  0.19041188245924931  0.20014337259089135
  0.21020860490961946  0.22077886888774756  0.23163488701780449  0.24239239689197484
  0.25282525465164385  0.26375473897607116  0.27461470534539312  0.28614036406224502
  0.29762522238248751  0.30879143409136406  0.31919601974722700  0.32938210599459539
  0.33909288538784438  0.34881587776061262  0.35840441630469216  0.36796988934401725
  0.37761201555988655  0.38820139973172130  0.39854578558967441  0.40846020256871740
  0.41865987376720082  0.42927350481005844  0.43974380242391076  0.44982312186529994
  0.46007026785049021  0.47070311709440699  0.48142543806484012  0.49193136781808727
  0.50215868352012027  0.51216554552962634  0.52245376811687017  0.53350990383523322
  0.54508567392809892  0.55679450993003465  0.56926343368417509  0.58240003320976086
  0.59447569832493019  0.60581234673167128  0.61757605081451861  0.62843027719324673
  0.63821538184618576  0.64810245701620084  0.65816859068833100  0.66801881061907731
  0.67764524023246731  0.68722237768616268  0.69776745222835301  0.70838484643546640
  0.71954188024515153  0.73071940350969511  0.74190469257110814  0.75302287992447992
  0.76462354647367814  0.77593842863427420  0.78720213326309907  0.79784922046923046
  0.80816717330891064  0.81882448834202304  0.82998413228711165  0.84151673844247066
  0.85316830834579505  0.86514959841289096  0.87746858626814961  0.88869500922921629
  0.89810170131888889  0.90609206421650690  0.91374160819395478  0.92244289175658456
  0.93206526651736965  0.94171333378562716  0.95174544999134225  0.96172983762904118
  0.97175759855039545  0.98128577637525449  0.99078437327639346  1.00000000000000000
 -0.00246136085678640  0.01004019251076465  0.02029163208656759  0.03069738688889709
  0.04097721453258144  0.05176984828075312  0.06290187822065599  0.07400497207634980
  0.08499708628607079  0.09516474812373804  0.10531391741619771  0.11522270053988279
  0.12534444840947787  0.13603049574657883  0.14755079239485161  0.16057609071423984
  0.17256237452267961  0.18297575844350522  0.19313894422674366  0.20197300333684123
  0.21024166993569951  0.21833902104934513  0.22694989475387567  0.23696440620781009
  0.24764170919388115  0.25813757954071176  0.26851481036026775  0.27883332821593576
  0.28914520607327587  0.29933512406925011  0.30945696903091441  0.32047175428022689
  0.33213036194572709  0.34427614392860972  0.35669271396939334  0.36887938337862675
  0.38064329969302779  0.39136458816277608  0.40222195442425540  0.41259584496962720
  0.42256260393134448  0.43173021379215126  0.44088266634038703  0.45008421057503223
  0.45923564388303784  0.46822831667700038  0.47734735195604283  0.48698524725819003
  0.49679961827694846  0.50632223609288562  0.51576824081414552  0.52588347585959416
  0.53646497091582079  0.54659950628794085  0.55607905484756681  0.56560276303805268
  0.57534410328316377  0.58538764132767940  0.59558428866419377  0.60596963930560566
  0.61639920731440911  0.62700720147784206  0.63811296142855278  0.64930795851928202
  0.65937715008246500  0.66817087109007334  0.67678816387068075  0.68547991728372537
  0.69570919002564990  0.70666033255640048  0.71750160828173615  0.72794909401729369
  0.73820214237976978  0.74841868268318090  0.75917731261004073  0.76994533594669512
  0.78119696707436492  0.79234316683422734  0.80380782372010195  0.81592575894382202
  0.82819232233340290  0.84068855669582365  0.85335009966843456  0.86611719346694427
  0.87882767453519761  0.89130980017963612  0.90347191693755047  0.91508283038653115
  0.92594116196278486  0.93649932185786333  0.94712342202975253  0.95785376169769720
  0.96801033089238331  0.97796808720789996  0.98883713198930334  1.00000000000000000
 -0.00001229753914279  0.00001510067103232  0.00003522594993769  0.00005535122884306
  0.00006553745942289  0.00006689351895926  0.00006824957849562  0.00006962661433474
  0.00007116973068302  0.00007271284703129  0.00007424895131287  0.00007572773410461
  0.00007720651689636  0.00007868529968810  0.00008002929916616  0.00008136987134462
  0.00008271044352307  0.00008401155166023  0.00008527598556782  0.00008654041947541
  0.00008780485338301  0.00008904428202450  0.00009027941111850  0.00009151454021250
  0.00009276924179269  0.00009419761084644  0.00009562597990019  0.00009705434895393
  0.00009869405396025  0.00010036905531633  0.00010204591179537  0.00010374147928510
  0.00010543704677484  0.00010720273040462  0.00010909465932810  0.00011098658825158
  0.00011234013941187  0.00011363889271717  0.00011493764602246  0.00011612235832537
  0.00011708513256020  0.00011804790679502  0.00011901068102984  0.00011997345526467
  0.00012086549309288  0.00012169379966883  0.00012252210624478  0.00012335041282073
  0.00012417871939669  0.00012500702597264  0.00012594079007227  0.00012688233839523
  0.00012782388671819  0.00012876543504115  0.00012970698336411  0.00013135906776656
  0.00013301497365876  0.00013467087955095  0.00013716492329859  0.00014016730041021
  0.00014365304808681  0.00014736796203784  0.00015135094991262  0.00015381390706957
  0.00015595437640332  0.00015807556947871  0.00016012687714204  0.00016217818480537
  0.00016426813756327  0.00016639767070828  0.00016852720385330  0.00017220553378278
  0.00019527344727738  0.00022850887879680  0.00023262631477074  0.00023443769304248
  0.00023541136053045  0.00023638502801841  0.00023735869550638  0.00023833236299435
  0.00023930603048232  0.00024027969797028  0.00024125336545825  0.00024224209312089
  0.00024323795564476  0.00024423381816863  0.00024522968069249  0.00026306221044698
  0.00027160721914146  0.00027406575140492  0.00027498689124005  0.00027590803107517
  0.00027657890680687  0.00027657890689397  0.00027657890694253  1.00000000000000000
  0.20295464927933424  0.20977309217233003  0.21981078561027220  0.23094917430707151
  0.24142516434704209  0.25103574271085383  0.25952360082894843  0.26703005252891610
  0.27357224249322626  0.27958273929804878  0.28536172048486053  0.29201562959814581
  0.29872842392527238  0.30529813615646761  0.31193132983126665  0.31860879781751034
  0.32524854020297422  0.33166090263247044  0.33787932639339735  0.34394193112111737
  0.34988430037579787  0.35507780268306577  0.35998078646288650  0.36479945620600868
  0.36989841024782316  0.37535659027100243  0.38071978905533066  0.38603968364335273
  0.39137332875209896  0.39661276594319744  0.40161942927533728  0.40661737386617292
  0.41165669051246651  0.41674415628060035  0.42200276729528063  0.42722406860265127
  0.43235154198121606  0.43742612250009161  0.44269509119930472  0.44810525712881488
  0.45352796076482332  0.45894059161871631  0.46424124990580229  0.46961683466201937
  0.47490881681728658  0.47999086287960668  0.48476915193550796  0.48951063114378746
  0.49445332081214272  0.49946378928478824  0.50457622248714717  0.50974869921857513
  0.51503980613461642  0.52033711934293692  0.52577977516718077  0.53117298409475788
  0.53652998408004460  0.54195155762566516  0.54750671477683222  0.55309210316553481
  0.55876592245341195  0.56434689762716661  0.56970648481666408  0.57497666038984663
  0.58021996972143852  0.58554539948956141  0.59100014809539680  0.59646303611362606
  0.60196588805966089  0.60735432757981378  0.61261021360988299  0.61786692155813916
  0.62312709869261063  0.62896810048643381  0.63519961266403779  0.64158811687012152
  0.64796105043641017  0.65428674603328263  0.66069518223889179  0.66724281000281771
  0.67403647235569597  0.68084405781591384  0.68776677838179889  0.69493463356550689
  0.70229087220614039  0.71009388156739461  0.71866129542576085  0.72772018392343440
  0.73735494403328639  0.74777638504216171  0.75825158166446660  0.76963918452615854
  0.78328275880426046  0.79986840720637842  0.81320571536289421  1.00000000000000000
  0.72818732267310415  0.73203168845530564  0.73487119568798653  0.73758800555194359
  0.74042688377929100  0.74339872745896596  0.74660778373454773  0.74993391711445789
  0.75293380020979939  0.75541012945118724  0.75768524739133669  0.75996132989307796
  0.76216203762573209  0.76510344912648720  0.76838678029904328  0.77173677110812511
  0.77495492358414053  0.77805832563812516  0.78111509720081918  0.78421453214122516
  0.78736614378602510  0.79048327426290976  0.79355173553738334  0.79660415043574628
  0.79965848819212881  0.80270369308342659  0.80573996283889493  0.80882198242279135
  0.81187945997941258  0.81482884894851171  0.81772025207654664  0.82062463956466458
  0.82354275923208697  0.82644927297053161  0.82935787658699689  0.83225836341668769
  0.83510389754478409  0.83784984483371838  0.84059016298552847  0.84330352665849495
  0.84601940491990713  0.84874178702214220  0.85145527553239952  0.85406480817895258
  0.85649196200566657  0.85885204651824998  0.86125587680713012  0.86392033897147114
  0.86666659506504773  0.86936880999730293  0.87207329707007897  0.87484030721451356
  0.87766779857276234  0.88052127890991705  0.88336880574167009  0.88620948907744324
  0.88906969949890757  0.89191279160921866  0.89475829216473701  0.89754365798299018
  0.90023082162418577  0.90295327176584095  0.90570770130378986  0.90848519548070072
  0.91124246717075341  0.91397583986112285  0.91666599977417529  0.91922570352347821
  0.92169270123771097  0.92417764661427826  0.92675528709779009  0.92949562221398341
  0.93223992789908650  0.93484241102073928  0.93734606954627286  0.93995758197062595
  0.94271974160717575  0.94553271847158216  0.94813936118794306  0.95050648108805946
  0.95282726881341484  0.95515975091181760  0.95764027404110486  0.96024434359368382
  0.96295057097414249  0.96536784893011018  0.96784494908836827  0.97056283221590611
  0.97387635186684596  0.97747288730424120  0.98099161962601311  0.98480212774543474
  0.98849122020972757  0.99200840355032960  0.99279017758780796  1.00000000000000000
  0.28400900834322562  0.28522090641605047  0.28643280448887537  0.28764470256170022
  0.28882349675609065  0.28986010245609023  0.29089670815608981  0.29232398945562194
  0.29668890268674952  0.30030349161794329  0.30210709766554183  0.30552241176878953
  0.31060672660448185  0.31643303102860498  0.32315758422690954  0.32964332842573918
  0.33627869601223109  0.34307450598784123  0.34975085483128077  0.35630750942312939
  0.36270006998850457  0.36915105063515691  0.37581505531758869  0.38271474613221579
  0.38959042025007051  0.39639193301391967  0.40328772647103078  0.41018539516980279
  0.41694134295394880  0.42334702453106815  0.42949230606531941  0.43553635842334737
  0.44090693769697675  0.44607810290872196  0.45133910141732508  0.45724580392344999
  0.46276341484563671  0.46810917821911818  0.47340224874187314  0.47871804727882361
  0.48411912654840888  0.48955706792512271  0.49490966587778895  0.50027117650806829
  0.50571201306206037  0.51117050357484906  0.51659943339680914  0.52228596906667624
  0.52824806388840706  0.53414231647109034  0.53991408450378975  0.54577092887720013
  0.55163453328299350  0.55748299612291574  0.56328751386175258  0.56891974197317674
  0.57458441814340266  0.58021332456356667  0.58577172992029514  0.59118185659274203
  0.59657566677209428  0.60181717915582345  0.60710190478004444  0.61245623751208911
  0.61786233242322963  0.62275769224738042  0.62752465000020718  0.63237622211638400
  0.63738254716318321  0.64288412884490997  0.64807225999585705  0.65279154467241385
  0.65748830253054424  0.66228494137800786  0.66697030085073983  0.67109074288498560
  0.67503943789245968  0.67905028736735984  0.68305427471525837  0.68708059058999138
  0.69102157033818956  0.69496761160280007  0.69885022908456096  0.70257072780710339
  0.70606950321948059  0.70954131171103052  0.71323532480792995  0.71693080944685394
  0.72019125068234546  0.72347878200722981  0.72693775293991070  0.73010495711712964
  0.73296595281217936  0.73598753323310695  0.73788080878662365  1.00000000000000000
   2.4979992422909769E-010  -1.0000000000000000     
  <DiscreteSampler_grid>
  Helicity
  1 # 1 for a reference and 2 for a running grid.
  40 # Attribute 'min_bin_probing_points' of the grid.
  1 # Attribute 'grid_mode' of the grid. 1=='default',2=='initialization'
  0.0000000000000000 # Attribute 'small_contrib_threshold' of the grid.
  0.5000000000000000 # Attribute 'damping_power' of the grid.
 # binID   n_entries weight   weight_sqr   abs_weight
    1   89   3.901495469058795E-010   6.168530946003805E-019   3.901495469058795E-010
    2   168   6.844749063590443E-010   1.882088462675881E-017   6.844749063590443E-010
    3   830   4.038603969898322E-009   1.443400754842454E-015   4.038603969898322E-009
    4   184   8.480500831438729E-010   2.837380799681893E-017   8.480500831438729E-010
    5   531   2.448397461769360E-009   2.626833534617847E-016   2.448397461769360E-009
    6   9   2.580606435871650E-011   2.912508757281221E-021   2.580606435871650E-011
    7   257   1.129852328490559E-009   6.822916512595427E-017   1.129852328490559E-009
    9   521   2.412328293875420E-009   3.406241818849429E-016   2.412328293875420E-009
    10   745   3.262350059446705E-009   6.412878091172437E-016   3.262350059446705E-009
    12   7   5.390098415137022E-011   1.336625310896400E-020   5.390098415137022E-011
    13   316   1.349243784795691E-009   8.662009012178374E-017   1.349243784795691E-009
    14   624   2.450172817945149E-009   3.085461112658103E-016   2.450172817945149E-009
    16   469   2.274767335387570E-009   2.273048880710884E-016   2.274767335387570E-009
    17   670   3.295217061937323E-009   4.408048410125902E-016   3.295217061937323E-009
    18   754   3.834281988904345E-009   8.485207812784180E-016   3.834281988904345E-009
    19   434   2.205595667150692E-009   2.185356310427438E-016   2.205595667150692E-009
    20   858   4.070944956946681E-009   1.676724307116605E-015   4.070944956946681E-009
    21   821   3.919371147247794E-009   1.672493282162972E-015   3.919371147247794E-009
    24   1301   5.878437204084525E-009   2.956919372465990E-015   5.878437204084525E-009
    25   749   3.788341160348906E-009   8.350074104235695E-016   3.788341160348906E-009
    26   510   2.382523939180077E-009   2.813241686463273E-016   2.382523939180077E-009
    27   168   7.250173155362826E-010   2.795955740830237E-017   7.250173155362826E-010
    28   1456   6.969107659012391E-009   3.200150583980834E-015   6.969107659012391E-009
    30   163   8.701823317690536E-010   2.160141292118687E-017   8.701823317690536E-010
    31   304   1.700771736216534E-009   1.431843151900292E-016   1.700771736216534E-009
    32   1209   5.807236166735596E-009   2.469915393381766E-015   5.807236166735596E-009
    34   355   1.720803196186323E-009   1.531129775036369E-016   1.720803196186323E-009
    35   566   2.580815784910682E-009   2.797674939570276E-016   2.580815784910682E-009
    36   756   3.927536690983789E-009   1.146980867039290E-015   3.927536690983789E-009
    37   469   2.037882253176400E-009   1.772953058389565E-016   2.037882253176400E-009
    38   844   3.767259859411172E-009   7.185404083353301E-016   3.767259859411172E-009
    39   149   6.866722081041144E-010   1.434727015737439E-017   6.866722081041144E-010
    40   3   3.388708216677398E-011   1.494892567814200E-021   3.388708216677398E-011
    41   709   3.429167435425318E-009   8.860615316425781E-016   3.429167435425318E-009
    43   807   4.035672045945715E-009   8.781256052332439E-016   4.035672045945715E-009
    44   1073   5.157975226288513E-009   1.814610923308943E-015   5.157975226288513E-009
    45   1126   5.648468117860810E-009   1.971064715154145E-015   5.648468117860810E-009
    48   665   3.028055878313714E-009   4.617365065921987E-016   3.028055878313714E-009
    49   1728   8.433753784847790E-009   7.398837985854757E-015   8.433753784847790E-009
    50   400   1.624225943207283E-009   1.716595372395626E-016   1.624225943207283E-009
    52   729   3.565785472904189E-009   1.151679272825065E-015   3.565785472904189E-009
    53   748   3.790125702118373E-009   8.523513625827582E-016   3.790125702118373E-009
    54   1084   5.829982066788967E-009   1.935708288130109E-015   5.829982066788967E-009
    56   737   3.742849325060076E-009   1.499420489535682E-015   3.742849325060076E-009
    57   509   2.560667941457389E-009   3.514459681323997E-016   2.560667941457389E-009
    58   490   2.173425851609209E-009   2.260413358693638E-016   2.173425851609209E-009
    59   476   2.368042342078854E-009   2.590991252102698E-016   2.368042342078854E-009
    60   548   2.828125788151944E-009   5.859560240007097E-016   2.828125788151944E-009
    61   108   4.822328832397504E-010   4.502108212676520E-018   4.822328832397504E-010
    62   525   2.543819162667040E-009   4.149039578357746E-016   2.543819162667040E-009
    64   365   1.739976630357199E-009   1.304960594175880E-016   1.739976630357199E-009
  </DiscreteSampler_grid>
  <DiscreteSampler_grid>
  grouped_processes
  1 # 1 for a reference and 2 for a running grid.
  10 # Attribute 'min_bin_probing_points' of the grid.
  1 # Attribute 'grid_mode' of the grid. 1=='default',2=='initialization'
  0.0000000000000000 # Attribute 'small_contrib_threshold' of the grid.
  0.5000000000000000 # Attribute 'damping_power' of the grid.
 # binID   n_entries weight   weight_sqr   abs_weight
    13   10   5.419747091683915E-001   8.852110105849483E-001   5.419747091683915E-001
    14   10   5.419747091683920E-001   8.852110105849507E-001   5.419747091683920E-001
    16   10   2.392338326147068E-002   1.254939987603575E-003   2.392338326147068E-002
    17   10   2.392338326147067E-002   1.254939987603572E-003   2.392338326147067E-002
    22   10   5.419747091683916E-001   8.852110105849491E-001   5.419747091683916E-001
    23   10   5.419747091683920E-001   8.852110105849507E-001   5.419747091683920E-001
    25   10   2.392338326147069E-002   1.254939987603575E-003   2.392338326147069E-002
    26   10   2.392338326147066E-002   1.254939987603572E-003   2.392338326147066E-002
  </DiscreteSampler_grid>
