  0.00000071966933222  0.00000073386940284  0.00000074217051212  0.00000075037712061
  0.00000076145274673  0.00000077223516860  0.00000078343739875  0.00000079428845128
  0.00000080480023649  0.00000081564829778  0.00000082709349805  0.00000083913655319
  0.00000085116916276  0.00000086337931365  0.00000087577784481  0.00000088801309971
  0.00000090065081159  0.00000091328230660  0.00000092600745842  0.00000093886102726
  0.00000095191863939  0.00000096544675731  0.00000097909924831  0.00000099295916341
  0.00000100695977473  0.00000102165000278  0.00000103667543415  0.00000105166167305
  0.00000106672875937  0.00000108199100627  0.00000109742633119  0.00000111311343012
  0.00000112867031811  0.00000114439158551  0.00000116016781902  0.00000117603055410
  0.00000119215166305  0.00000120867667507  0.00000122533007472  0.00000124214676862
  0.00000125925077310  0.00000127644573799  0.00000129382772474  0.00000131138157954
  0.00000132950331076  0.00000134806266643  0.00000136654803091  0.00000138511892862
  0.00000140420306297  0.00000142411316682  0.00000144450271477  0.00000146523579972
  0.00000148633640060  0.00000150757213700  0.00000152883730553  0.00000154997962744
  0.00000157120602856  0.00000159267227026  0.00000161423541402  0.00000163611501747
  0.00000165944255731  0.00000168416789374  0.00000170923437710  0.00000173439289055
  0.00000175956097060  0.00000178493295643  0.00000181019221371  0.00000183605291801
  0.00000186251083569  0.00000188938310527  0.00000191707121895  0.00000194650505587
  0.00000197849695887  0.00000201013869331  0.00000203923886158  0.00000206817655620
  0.00000209767566998  0.00000212955731778  0.00000216216759812  0.00000219511616980
  0.00000222775444299  0.00000226024860924  0.00000229368021019  0.00000232760107583
  0.00000236203150940  0.00000239622250738  0.00000243136112898  0.00000246952952983
  0.00000250975345591  0.00000254987665393  0.00000259100062354  0.00000263346697639
  0.00000267565562248  0.00000271170455891  0.00000272358413422  1.00000000000000000
  0.00000021224564692  0.00000022256559055  0.00000022910046245  0.00000023526863730
  0.00000024181451784  0.00000024942770565  0.00000025847021437  0.00000026808277390
  0.00000027785043774  0.00000028786044319  0.00000029808530494  0.00000030844882447
  0.00000031886681891  0.00000032968602196  0.00000034107138797  0.00000035290392111
  0.00000036441183316  0.00000037583946746  0.00000038768316218  0.00000039964375232
  0.00000041169667774  0.00000042388242650  0.00000043664927803  0.00000045007158981
  0.00000046355596115  0.00000047619855507  0.00000048924153409  0.00000050223714490
  0.00000051666079694  0.00000053131513254  0.00000054724409234  0.00000056332558000
  0.00000057965959844  0.00000059630287030  0.00000061310883856  0.00000063015655026
  0.00000064775926124  0.00000066571495781  0.00000068360613633  0.00000070157979466
  0.00000072031888416  0.00000073972979927  0.00000075950724764  0.00000078006005128
  0.00000080132716271  0.00000082295202032  0.00000084501233495  0.00000086744087281
  0.00000089038895596  0.00000091305639099  0.00000093719964470  0.00000096321137705
  0.00000098943664886  0.00000101595259776  0.00000104303088424  0.00000107041588242
  0.00000109798724647  0.00000112626878513  0.00000115641505581  0.00000118829368824
  0.00000122097872860  0.00000125489661274  0.00000128972778373  0.00000132507120238
  0.00000136242175829  0.00000140291330551  0.00000144555297878  0.00000148747090346
  0.00000152982277104  0.00000157404214436  0.00000162212421827  0.00000168132058483
  0.00000174969751077  0.00000182154695608  0.00000189712545143  0.00000197849555348
  0.00000206558441393  0.00000215849834174  0.00000225879416835  0.00000236664285843
  0.00000248779400356  0.00000262448141084  0.00000277771899522  0.00000294084810208
  0.00000311878139124  0.00000331107317286  0.00000355579424732  0.00000386353062512
  0.00000421556782370  0.00000467099248029  0.00000534477868259  0.00000633101716964
  0.00000789200819910  0.00001106410428338  0.00001480215407323  1.00000000000000000
  0.00000084843855898  0.00000089086083379  0.00000092165549712  0.00000096372120258
  0.00000101202150253  0.00000105777068780  0.00000110288888068  0.00000115017908071
  0.00000119738047140  0.00000124136646272  0.00000128377025800  0.00000132438497159
  0.00000136507186707  0.00000140792811844  0.00000145321534757  0.00000150074547416
  0.00000154803796133  0.00000159451321609  0.00000164151634205  0.00000169102211220
  0.00000174382223278  0.00000179798594771  0.00000185276791291  0.00000190742283881
  0.00000196355052338  0.00000202577198846  0.00000209518705342  0.00000216807674462
  0.00000224285326872  0.00000231819707117  0.00000239233775508  0.00000246788729430
  0.00000254763789839  0.00000263437588873  0.00000272618325171  0.00000282125187375
  0.00000292378709724  0.00000303665023740  0.00000315566365695  0.00000327743179963
  0.00000340301988580  0.00000353261510355  0.00000366500141661  0.00000380006550013
  0.00000393956981542  0.00000408313947910  0.00000423140397302  0.00000438749699486
  0.00000454521747703  0.00000470602194638  0.00000487081226205  0.00000504954184141
  0.00000524221589256  0.00000544210520165  0.00000564135126692  0.00000584861055034
  0.00000606307090570  0.00000629907054245  0.00000656330683623  0.00000683767887849
  0.00000711895988583  0.00000740885394388  0.00000773610518763  0.00000809439474726
  0.00000845022038717  0.00000880695443689  0.00000918276196692  0.00000960025689997
  0.00001004910565552  0.00001051809040423  0.00001100904338709  0.00001152504537018
  0.00001206107062067  0.00001262604276059  0.00001315563290450  0.00001365281279518
  0.00001412413263089  0.00001461214760734  0.00001519410587849  0.00001563377346995
  0.00001644633384816  0.00001828154143682  0.00002170129533247  0.00002493790152705
  0.00002811736693841  0.00003132181504464  0.00003472030156360  0.00003872638414412
  0.00004371026750241  0.00004826917121422  0.00005283568455829  0.00005770206294409
  0.00006277613886866  0.00007058685981951  0.00008810360137417  1.00000000000000000
 -0.00156112831468130  0.00530335322448142  0.01194455802354963  0.01867894365666049
  0.02583432500850048  0.03315104096813287  0.04023375331730387  0.04684034172023660
  0.05318699451587333  0.06000368324370162  0.06732777507962212  0.07463649297412142
  0.08193950369064444  0.08905902586113694  0.09603993045750772  0.10322419009161823
  0.11084431985160402  0.11884488086985287  0.12681477695809304  0.13470162108041120
  0.14271903676998812  0.15086078223352695  0.15925318622416318  0.16765269906517072
  0.17671098973831759  0.18588074724340356  0.19606568466761479  0.20573739967965904
  0.21716794297121553  0.22874017149888376  0.23993988558515206  0.25085226872792571
  0.26143100057984764  0.27186541626623950  0.28247376479555497  0.29317513578006044
  0.30364907663255980  0.31398048831940800  0.32443892072166125  0.33488672380360546
  0.34467524612146355  0.35400489925739997  0.36330470092941092  0.37266206804149937
  0.38262468615210565  0.39310784515115865  0.40472514681278549  0.41676959049448709
  0.42827005631934301  0.43897722971620845  0.45013171730254603  0.46176756865139579
  0.47486749030423880  0.48757293610037744  0.49987063989106462  0.51259689065640945
  0.52566694000131642  0.53913439465489954  0.55217847665772302  0.56487922284918035
  0.57750774459598830  0.58998156832047910  0.60285124291791736  0.61624147873471435
  0.62978737157471998  0.64263468059207340  0.65665229667250469  0.66896068684759680
  0.68053073430347633  0.69223765108417468  0.70457689123770717  0.71734629499626490
  0.72973525603111333  0.74203960200556029  0.75403871016249957  0.76628136829905269
  0.77815387856830287  0.78979699608027387  0.80180707459265055  0.81397347135747167
  0.82542127159456846  0.83682272833341587  0.84864792841848302  0.86034095250533849
  0.87164085269993252  0.88344075324612414  0.89547290368785859  0.90704841033092698
  0.91821193590819516  0.92880994791767391  0.93910645277827121  0.94900893370973993
  0.95932524514027462  0.97068548041764335  0.98219735857743851  1.00000000000000000
 -0.00005885577896224  0.00412608805728928  0.00783065066710881  0.01153163301361523
  0.01443085053518768  0.01686327381228233  0.01941709296381752  0.02915801661103029
  0.04058871717671647  0.05086888481983577  0.06096600721974905  0.07119065704810751
  0.08159992679733857  0.09288184701944863  0.10427213075194050  0.11556083385207384
  0.12699418897436029  0.13875617301427193  0.15014853905828313  0.16090584593128193
  0.17113736966760942  0.18128448657658860  0.19143241094011329  0.20140182746115848
  0.21126778713542207  0.22097371245272182  0.23126212512036268  0.24300801526548929
  0.25545350544410000  0.26768477392168516  0.27934393727406481  0.29051737173072278
  0.30139491575369576  0.31203737976616286  0.32261643034851284  0.33323920342653207
  0.34464778199348650  0.35646899360015982  0.36871064560022998  0.38052819402947569
  0.39007688980441335  0.40030114619893242  0.41047498254119380  0.42048668716381427
  0.43034922124020458  0.44062516054732848  0.45193219827106706  0.46337413896225493
  0.47466260690390522  0.48625347373579419  0.49781341083660169  0.50904381371456864
  0.52031867418238054  0.53176934303157497  0.54421296479362247  0.55741459918479941
  0.57033851492067122  0.58288134599797070  0.59535006200749951  0.60780908085310337
  0.62027302748233959  0.63200684907056437  0.64330174328053036  0.65417329897438925
  0.66488501681275081  0.67536952410878770  0.68616366349902236  0.69799945669984098
  0.70986837316833207  0.72108657938923781  0.73200164533982204  0.74273562167248830
  0.75281841047948539  0.76240226401496514  0.77249050026147414  0.78342325119393696
  0.79473928004016714  0.80620524566838658  0.81805677670858301  0.83024388892375134
  0.84191327517136694  0.85278190712331370  0.86376005495059327  0.87455993516018937
  0.88517908471077666  0.89589884483478510  0.90664987030814315  0.91731813871366830
  0.92811980337203703  0.93874841257608477  0.94909040505792230  0.95931073766927866
  0.96987946724186480  0.98034141313623901  0.99026108782293210  1.00000000000000000
 -0.00012682888655703  0.00084258084140626  0.00427286389926447  0.00836300080623351
  0.01311334475380657  0.02388397938412279  0.03467345099391494  0.04580281248221069
  0.05718601680894571  0.06830641930386294  0.07914868390473211  0.08960481208055546
  0.09961319761978238  0.10939733602534983  0.11924502547408786  0.12882393214185825
  0.13791259213108825  0.14651301001892994  0.15504674084576694  0.16347946882331268
  0.17181285243684763  0.18021910812555345  0.18899681155094056  0.19921174704368994
  0.20911308035826559  0.21887000839325285  0.22847431102907984  0.23928945189257561
  0.25013753795409716  0.26064312473100754  0.27126513196819324  0.28198333685579047
  0.29284899979811441  0.30385825377134573  0.31485421201200942  0.32571570643812359
  0.33626371784927289  0.34655548024973970  0.35679969079270074  0.36697548367884675
  0.37721141006267739  0.38777060974868299  0.39877107164075609  0.41018066425422695
  0.42193098722957789  0.43425977871267923  0.44718077912918747  0.45969040771805814
  0.47097834415773360  0.48248857363124242  0.49401956430092719  0.50511534424004456
  0.51554795235535689  0.52747091526352008  0.53979981970627677  0.55113485070478430
  0.56176185510348708  0.57258389253926134  0.58381033268236115  0.59539003975463844
  0.60709030302946043  0.61926936121454412  0.63019773035464055  0.64035932024517184
  0.65005290012078298  0.65948188956822917  0.66935298780522878  0.67927528466895637
  0.68940883630632732  0.69942670798260798  0.71018328522436802  0.72210151067275163
  0.73501267524695901  0.74782003827800703  0.75942865033585960  0.77021560164397407
  0.78094267182501320  0.79152558743820545  0.80203584656436444  0.81267444189884419
  0.82370402870829951  0.83507174694708908  0.84668636206360837  0.85819850654139551
  0.86989390956529966  0.88380004943994617  0.89779873228089146  0.91040948336900140
  0.92190669345462628  0.93282990583064751  0.94344314186662714  0.95406358156591076
  0.96453910430008349  0.97480035404405807  0.98610888077465508  1.00000000000000000
 -0.00000999157717462  0.00003078385019714  0.00006325886544540  0.00007590606259408
  0.00008221679529559  0.00008829012861580  0.00009387933678569  0.00009920258995673
  0.00010409299817537  0.00010854014122156  0.00011281759335266  0.00011729272487867
  0.00012226459219226  0.00012662915097385  0.00013090914559889  0.00013576749478306
  0.00014128417646338  0.00014709290502617  0.00015317225330490  0.00015881643371737
  0.00016426963224777  0.00016955102115068  0.00017455359231242  0.00017986330235461
  0.00018532293703473  0.00019088073950163  0.00019682019744079  0.00020206439865405
  0.00020705858922710  0.00021137511684279  0.00021530988222234  0.00021942446052745
  0.00022347807784570  0.00022735479018847  0.00023161386821341  0.00023567447518073
  0.00024051825501819  0.00024579733432351  0.00025127542030599  0.00025685079823159
  0.00026325685308210  0.00027118471597602  0.00027762258994032  0.00028367312121269
  0.00028925261358997  0.00029473849652031  0.00030033765049223  0.00030604953720150
  0.00031184270194708  0.00031702473566027  0.00032177394679487  0.00032618383232299
  0.00033088576127367  0.00033623256795614  0.00034082082672220  0.00034426991500499
  0.00034696773891951  0.00034919075984409  0.00035133257660639  0.00035410861687885
  0.00035791017757058  0.00036220447701326  0.00036811098733293  0.00037306939905022
  0.00037873905956919  0.00038361708406267  0.00038639771691096  0.00038917235989922
  0.00039251576133548  0.00039494674409888  0.00039721996170290  0.00039957916616522
  0.00040189252000555  0.00040578159119491  0.00041285402395153  0.00041886894115505
  0.00042350992532830  0.00042763926304672  0.00043202443829823  0.00043770338804261
  0.00044684418837895  0.00045587572443487  0.00046298391075900  0.00046923531647138
  0.00047779120954320  0.00049241578357083  0.00050397445827204  0.00051379839924360
  0.00052381726770358  0.00053484757158669  0.00054632237625911  0.00056024953380660
  0.00063964148538013  0.00065187401392741  0.00066352513663773  1.00000000000000000
  0.20016659225998015  0.21078092989020630  0.21668264267434015  0.22197882108588432
  0.22724968807384502  0.23236488015701723  0.23730195390289222  0.24225969976145129
  0.24729641587756437  0.25243173565723431  0.25759101875588380  0.26277693959135850
  0.26802447889489833  0.27332874456212897  0.27861998355530632  0.28384113490858676
  0.28908455817395140  0.29481350962992053  0.30098465076955649  0.30721450051080834
  0.31316576704313687  0.31887444877689308  0.32458111947458973  0.33031984866200376
  0.33728758363117245  0.34448528995238786  0.35176392528354355  0.35898468475913015
  0.36649190063259179  0.37364415157384584  0.38066868994972153  0.38791786015225932
  0.39521511191951780  0.40159694789656808  0.40788875019638698  0.41422159880196668
  0.42023775681820547  0.42622230659106669  0.43248735153882256  0.43874646426356745
  0.44431767776628633  0.45008823877665366  0.45600363120685461  0.46223377573903734
  0.46856062706187873  0.47476065390601502  0.48125182533922106  0.48835794330425170
  0.49565825950766934  0.50413550238560056  0.51422530585962556  0.52377678653559601
  0.53213898972829399  0.53998804526062305  0.54770313190679298  0.55523792520890003
  0.56286378167757112  0.57063455497922466  0.57823581806913404  0.58588033722478250
  0.59377522001912331  0.60186343707785395  0.60998568261990638  0.61787741098109683
  0.62542445242953482  0.63269155354411055  0.64009822121099014  0.64749468826524481
  0.65478864390962221  0.66187191259187683  0.66875657269175126  0.67560499231273619
  0.68248079739601941  0.68940142492692846  0.69613785300767361  0.70271128769818392
  0.70914842948530132  0.71533789655079527  0.72128822958482586  0.72706499716786488
  0.73282155612027999  0.73876188021146161  0.74487229626041751  0.75090594836051405
  0.75670866866491526  0.76244036121996106  0.76806631441720319  0.77333309257136162
  0.77835015448681710  0.78252211717618136  0.78602935749338843  0.79041874291858583
  0.79488911353958447  0.79709555751961259  0.80267418443666716  1.00000000000000000
  0.71789911030733056  0.73013332906319650  0.74081709549381125  0.74461908061587401
  0.74664260580736030  0.74991325660679853  0.75446568780284406  0.76007857663901146
  0.76577963347298261  0.77127376740569953  0.77645887630166255  0.78138974272057671
  0.78612008775207287  0.79080180792257659  0.79557084056889882  0.80021950801091946
  0.80472499151102705  0.80914954896351832  0.81354682180171423  0.81777621943207446
  0.82179679561820074  0.82567057496504137  0.82942036780189210  0.83316648959127548
  0.83697903641889615  0.84071919554715868  0.84435652376698633  0.84796638045027661
  0.85158758147974178  0.85506488938328917  0.85832366157435913  0.86150590339884736
  0.86454247129391371  0.86736177558407312  0.87014903039985592  0.87292497147522852
  0.87577174083915543  0.87856548077088958  0.88129448114715103  0.88399866148371831
  0.88670672292498542  0.88942790968392971  0.89214812447423830  0.89480234452935392
  0.89734894087570238  0.89978711549510282  0.90219070919327748  0.90459701305332929
  0.90690689959236870  0.90913957051931704  0.91131660338190790  0.91350853160843992
  0.91574616840752865  0.91789737247549541  0.91996661893153009  0.92202113612463887
  0.92406486603034643  0.92611773612533599  0.92818646724645659  0.93024796576330582
  0.93228702003191510  0.93428525677001306  0.93624034839702575  0.93817199930322259
  0.94009381539600445  0.94199141554344445  0.94384886935294954  0.94568767563308342
  0.94752889054769474  0.94934881012596595  0.95112567286211258  0.95288338839999265
  0.95467068985451931  0.95658585339306390  0.95854123331531005  0.96041379577031527
  0.96224226506338673  0.96408658044426954  0.96593382757834045  0.96757642270068966
  0.96906506639547485  0.97049232558751741  0.97198902500482709  0.97362662192125615
  0.97552897333221855  0.97770376961740979  0.98003240285002680  0.98245919942007109
  0.98489561286738014  0.98743375074517148  0.98994733501788112  0.99235733904875079
  0.99465841841055402  0.99678673492797265  0.99827864419342127  1.00000000000000000
  0.26585339906282052  0.27638083796961571  0.28644643230211958  0.29435211984165310
  0.30158065401301504  0.30911547856149063  0.31646866239060834  0.32328182005066197
  0.32985895977552271  0.33608306100839719  0.34196009307583131  0.34795715798790045
  0.35394824949356696  0.35975803425868763  0.36534467178902058  0.37068086184087234
  0.37590339545241869  0.38123401579979821  0.38684353825795664  0.39242700503846334
  0.39788672743356857  0.40325918654453824  0.40866681416607148  0.41407661291573050
  0.41929806899231181  0.42440097622490680  0.42951750986334347  0.43462780782124077
  0.43980562420977248  0.44503003981613432  0.45022609870166591  0.45546652703083879
  0.46069991927835108  0.46589780956260968  0.47109329274461476  0.47643463083722282
  0.48159773956294261  0.48640459189551216  0.49129142084041660  0.49610811116239223
  0.50087364556620284  0.50547797207672174  0.51006274493260595  0.51463890836673032
  0.51918155979952740  0.52357443319002095  0.52785605297044591  0.53214599631045190
  0.53642298395059385  0.54064806114077557  0.54495414323834424  0.54941715206551434
  0.55395678290771166  0.55849026541726077  0.56293556783920862  0.56727675148101875
  0.57164716643499869  0.57602278377167493  0.58029223177474576  0.58447127468197047
  0.58861596333724964  0.59278359659503921  0.59707297632741818  0.60125518944337364
  0.60546802157100854  0.60935902237711270  0.61332599242084906  0.61733671776135735
  0.62182785067805191  0.62628105147776558  0.63043568587965126  0.63449461347537661
  0.63848846885689037  0.64239030583129031  0.64624993972921874  0.65011401009887826
  0.65406123149144013  0.65815056773370473  0.66183301557334728  0.66440180849802621
  0.67046570217113055  0.67893709390840717  0.68658382548196661  0.69074120920787319
  0.69176674286525763  0.69176674286528084  0.69520368194833371  0.69872995895567713
  0.70201162066954892  0.70528084321650464  0.70787697276935124  0.70976196413485815
  0.71383275333739327  0.72122149427898663  0.72861023522057988  1.00000000000000000
   6.5756015781901710E-011  -1.0000000000000000     
  <DiscreteSampler_grid>
  Helicity
  1 # 1 for a reference and 2 for a running grid.
  40 # Attribute 'min_bin_probing_points' of the grid.
  1 # Attribute 'grid_mode' of the grid. 1=='default',2=='initialization'
  0.0000000000000000 # Attribute 'small_contrib_threshold' of the grid.
  0.5000000000000000 # Attribute 'damping_power' of the grid.
 # binID   n_entries weight   weight_sqr   abs_weight
    1   503   2.236201061448644E-010   3.132566870915511E-018   2.236201061448644E-010
    2   274   1.351206739403402E-010   5.480570898862765E-019   1.351206739403402E-010
    3   987   4.827132459611593E-010   3.540313911647468E-017   4.827132459611593E-010
    4   538   2.505106892147712E-010   4.328399709844216E-018   2.505106892147712E-010
    6   3319   1.579985651629478E-009   5.371744032740863E-016   1.579985651629478E-009
    8   2103   1.028266897795902E-009   1.166838230135422E-016   1.028266897795902E-009
    9   1111   5.292201503111885E-010   3.541270782673589E-017   5.292201503111885E-010
    10   23   1.025615488943260E-011   1.127658977479705E-021   1.025615488943260E-011
    11   1289   6.468605984474886E-010   6.005121935609473E-017   6.468605984474886E-010
    12   267   1.125632505551156E-010   6.971203106356481E-020   1.125632505551156E-010
    13   3120   1.513065916967625E-009   3.816195079315807E-016   1.513065916967625E-009
    14   1337   5.988179857730399E-010   2.047012916740194E-017   5.988179857730399E-010
    15   629   3.181327622574627E-010   1.315880971085892E-017   3.181327622574627E-010
    16   996   4.972295620829128E-010   3.664948469758196E-017   4.972295620829128E-010
    18   1813   9.235868060578157E-010   2.336617645306523E-016   9.235868060578157E-010
    19   2743   1.306243679093221E-009   1.822769303216440E-016   1.306243679093221E-009
    20   243   1.230587970744092E-010   6.021473895582416E-019   1.230587970744092E-010
    22   2141   1.065111268453685E-009   3.832542446046957E-016   1.065111268453685E-009
    23   820   4.001619952746439E-010   1.749386247554405E-017   4.001619952746439E-010
    24   1747   8.070276086914815E-010   1.880073385562075E-016   8.070276086914815E-010
    25   3124   1.529845286819910E-009   7.734209261303175E-016   1.529845286819910E-009
    27   2034   9.943817756210038E-010   1.763292117356509E-016   9.943817756210038E-010
    28   1129   5.342270356779299E-010   4.520068034049023E-017   5.342270356779299E-010
    29   895   4.090609338933137E-010   1.040003901361063E-017   4.090609338933137E-010
    30   3234   1.608941712039862E-009   3.029891055940082E-016   1.608941712039862E-009
    31   2514   1.196840227861923E-009   1.727009559094044E-016   1.196840227861923E-009
    32   176   7.991484203741942E-011   1.325280019262007E-019   7.991484203741942E-011
    33   785   3.631598738125339E-010   1.699254523166172E-017   3.631598738125339E-010
    34   1697   8.712067785151416E-010   9.648872060922856E-017   8.712067785151416E-010
    35   316   1.523339744687918E-010   7.297609854019115E-019   1.523339744687918E-010
    36   1158   5.544418038240843E-010   6.112898716183589E-017   5.544418038240843E-010
    37   1617   7.646601010237967E-010   9.181861105898802E-017   7.646601010237967E-010
    38   1337   6.869520370084386E-010   5.923821734589406E-017   6.869520370084386E-010
    39   807   3.771099723924996E-010   1.996147770630162E-017   3.771099723924996E-010
    40   497   2.295587619037465E-010   1.196889478863858E-018   2.295587619037465E-010
    41   2142   1.040676644375799E-009   1.206088050106149E-016   1.040676644375799E-009
    42   1564   8.052168612390415E-010   1.070398148014648E-016   8.052168612390415E-010
    43   610   3.455630803506808E-010   1.499659616287910E-017   3.455630803506808E-010
    44   1473   6.613590701719054E-010   6.345601457984003E-017   6.613590701719054E-010
    45   207   7.510370508000517E-011   2.755948527356950E-020   7.510370508000517E-011
    46   310   1.489569095441102E-010   1.229330565619214E-019   1.489569095441102E-010
    48   802   3.987578485645623E-010   9.976814076388515E-018   3.987578485645623E-010
    49   2329   1.112658553841974E-009   1.340911100127732E-016   1.112658553841974E-009
    51   404   1.768674091560863E-010   1.818555248754724E-018   1.768674091560863E-010
    52   1188   5.819192800115386E-010   7.608967944370943E-017   5.819192800115386E-010
    53   1112   5.050620544106951E-010   2.204360669684132E-017   5.050620544106951E-010
    54   1692   7.974527312995618E-010   7.117672002511268E-017   7.974527312995618E-010
    56   619   2.806878155691037E-010   9.766516019603139E-018   2.806878155691037E-010
    58   2741   1.379704249970023E-009   6.638341929026622E-016   1.379704249970023E-009
    59   801   3.892254431395057E-010   2.105489804495640E-017   3.892254431395057E-010
    60   1691   7.408320527257281E-010   8.231745571583001E-017   7.408320527257281E-010
    61   995   4.808834845521755E-010   3.196849917142537E-017   4.808834845521755E-010
    63   991   4.734439871168081E-010   2.523174056323055E-017   4.734439871168081E-010
    64   1113   5.658898497356349E-010   3.489833680609733E-017   5.658898497356349E-010
  </DiscreteSampler_grid>
  <DiscreteSampler_grid>
  grouped_processes
  1 # 1 for a reference and 2 for a running grid.
  10 # Attribute 'min_bin_probing_points' of the grid.
  1 # Attribute 'grid_mode' of the grid. 1=='default',2=='initialization'
  0.0000000000000000 # Attribute 'small_contrib_threshold' of the grid.
  0.5000000000000000 # Attribute 'damping_power' of the grid.
 # binID   n_entries weight   weight_sqr   abs_weight
    13   10   1.362674211499690E-001   8.941403102038872E-002   1.362674211499690E-001
    14   10   1.362674211499693E-001   8.941403102038896E-002   1.362674211499693E-001
    16   10   4.560445834902066E-003   9.442991993432113E-005   4.560445834902066E-003
    17   10   4.560445834902083E-003   9.442991993432206E-005   4.560445834902083E-003
    22   10   1.362674211499690E-001   8.941403102038867E-002   1.362674211499690E-001
    23   10   1.362674211499693E-001   8.941403102038896E-002   1.362674211499693E-001
    25   10   4.560445834902066E-003   9.442991993432113E-005   4.560445834902066E-003
    26   10   4.560445834902083E-003   9.442991993432208E-005   4.560445834902083E-003
  </DiscreteSampler_grid>
