  0.00000022332625736  0.00000023454439237  0.00000024145952982  0.00000024716216715
  0.00000025222027173  0.00000025625162969  0.00000026105093478  0.00000026650749626
  0.00000027205404446  0.00000027740388686  0.00000028278541247  0.00000028760798968
  0.00000029373421397  0.00000030148313584  0.00000030888789094  0.00000031556375374
  0.00000032187112366  0.00000032698046626  0.00000033209693439  0.00000033767538194
  0.00000034325382948  0.00000034915715628  0.00000035509858368  0.00000036120779644
  0.00000036642864660  0.00000036964321653  0.00000037259508903  0.00000037558547703
  0.00000037878948448  0.00000038254842685  0.00000038730692006  0.00000039219945284
  0.00000039709915358  0.00000040255766463  0.00000040911295061  0.00000041497744213
  0.00000041899130064  0.00000042204990378  0.00000042514542353  0.00000042901694486
  0.00000043337204364  0.00000044180941051  0.00000044929285534  0.00000045482167668
  0.00000045945848031  0.00000046477743368  0.00000047038056108  0.00000047735275757
  0.00000048561809460  0.00000049425942278  0.00000050351497307  0.00000051318367926
  0.00000052239203391  0.00000053115377600  0.00000053989733385  0.00000054860604020
  0.00000055716488931  0.00000056554798808  0.00000057456718717  0.00000058327130257
  0.00000059153961042  0.00000059992692573  0.00000061171772643  0.00000062521633330
  0.00000063340504551  0.00000064070440800  0.00000064781121346  0.00000065825611655
  0.00000067188954969  0.00000068807513801  0.00000070470476280  0.00000072312940999
  0.00000074321529055  0.00000076415910424  0.00000078761489202  0.00000081416279241
  0.00000084620931277  0.00000087881247388  0.00000089672798784  0.00000091297700399
  0.00000092841665659  0.00000094314319867  0.00000095896486013  0.00000098221556067
  0.00000103082233309  0.00000108191663585  0.00000112557484832  0.00000118678712765
  0.00000125850979127  0.00000134742599399  0.00000150690284050  0.00000178919068777
  0.00000209741800379  0.00000273110088920  0.00002189869157015  1.00000000000000000
  0.00000208767317945  0.00000212339240716  0.00000214716042110  0.00000217082325282
  0.00000219952018399  0.00000222753492002  0.00000225571811666  0.00000228302714869
  0.00000232732144067  0.00000236693731346  0.00000240227593563  0.00000243709786982
  0.00000247099408402  0.00000250228811668  0.00000253379000770  0.00000256482429815
  0.00000259106084004  0.00000261548938022  0.00000264125612098  0.00000266938268335
  0.00000270135035156  0.00000272287428139  0.00000274427257305  0.00000276553997380
  0.00000278694037520  0.00000281071947877  0.00000283940445845  0.00000286986306312
  0.00000290002425504  0.00000292419654627  0.00000294120287136  0.00000295686900421
  0.00000297320783071  0.00000299293271105  0.00000301243697032  0.00000304698271972
  0.00000309218838959  0.00000313460102848  0.00000316739372634  0.00000319843645794
  0.00000322659830800  0.00000325330277055  0.00000328183203973  0.00000331291676356
  0.00000334532716767  0.00000337366728016  0.00000340678693012  0.00000343749578529
  0.00000346606956526  0.00000349663179148  0.00000353228031274  0.00000357553833249
  0.00000362737306120  0.00000368364405266  0.00000373861353894  0.00000378650741408
  0.00000382727514517  0.00000386524526731  0.00000390304067001  0.00000394962007590
  0.00000400343321236  0.00000405570401298  0.00000410736510154  0.00000414854627166
  0.00000419345885719  0.00000425285228673  0.00000432760031329  0.00000439571098934
  0.00000445850782998  0.00000452061288237  0.00000460225347720  0.00000471744754954
  0.00000483514801634  0.00000492390460886  0.00000496066311887  0.00000500635854481
  0.00000504241405372  0.00000507227787517  0.00000510358930568  0.00000513904316529
  0.00000519518874005  0.00000526016124803  0.00000536933469650  0.00000550940964343
  0.00000568549656676  0.00000590675225177  0.00000611683532950  0.00000630715787410
  0.00000652627452959  0.00000687775289045  0.00000752217449693  0.00000851097548526
  0.00000973994512110  0.00001127400958927  0.00002620305656541  1.00000000000000000
 -0.00001166196153159  0.00047497686552568  0.00148604348697509  0.00299943293541141
  0.00573854781861924  0.00972678850887140  0.01253814269753937  0.01580262322723260
  0.02196637450941089  0.03031623200898266  0.03464732387074509  0.03915722313489656
  0.04391276793580499  0.04794041419157903  0.05162588902633167  0.05449753819811688
  0.05731504709400689  0.06020988177036683  0.06278147321935244  0.06585284087249725
  0.06910045586597648  0.07203764054816270  0.07509704115111494  0.07867906640735038
  0.08289343026076763  0.08735145018329883  0.09104202871849552  0.09434957095437300
  0.09895498034747557  0.10569354285312262  0.11737202181718094  0.12633335996294540
  0.13457232645143069  0.14284899680863727  0.15153701440404030  0.16198916427669294
  0.17323170870919374  0.18225683455831168  0.19061880284188382  0.19905284312497457
  0.20701382747714364  0.21679696985728419  0.22768791501204844  0.23863614260747124
  0.24991588331168940  0.26131401864096271  0.27278442587506252  0.28401297218263982
  0.29438984967712301  0.30463270949946963  0.31511890900580647  0.32626726356365882
  0.33856444744054520  0.35008216728138203  0.36117875545196915  0.37001179601172535
  0.37919874807536935  0.38818294962663435  0.39894083321067825  0.41037098522145343
  0.42390300326064906  0.43746903308916818  0.44889764256958631  0.45832291898100391
  0.46804399821293846  0.47806350069912834  0.48893713082716411  0.50237906136669197
  0.51701376047716652  0.52849351721216486  0.53938336801025766  0.54980392738328210
  0.56060288038045436  0.57140224272685414  0.58255163790986508  0.59062326814023358
  0.60004656700050174  0.61029846394796683  0.62052616230180369  0.63028754444051827
  0.63989660838037521  0.64874621092438367  0.67435390118961624  0.70188088564510798
  0.72863366494738657  0.75400704366896543  0.78012098168293820  0.80748141175368426
  0.83360474229704673  0.85823520961939781  0.88322291897331218  0.90803308126225557
  0.93050648404611613  0.95304883836653320  0.97652441918326605  1.00000000000000000
 -0.00091938296490715  0.00428436550014086  0.01135673797605495  0.01706554465464421
  0.02201711384848282  0.02713369512087834  0.03251846440529311  0.03811621378303274
  0.04673708697656554  0.05674309503174369  0.06599183609354523  0.07262731580972416
  0.07836703039477694  0.08400533658823889  0.09066597318516141  0.09728908536677919
  0.10189553695114165  0.10633713204036208  0.11110395877634900  0.11920861263946529
  0.12984484170052535  0.14702788899498759  0.16969316486036357  0.19098141430560986
  0.20940001520651055  0.22748085064499374  0.24661188923522648  0.26351860639157915
  0.27773365196803590  0.28869260466221536  0.30250452316790888  0.31602535944707333
  0.32770756950985591  0.33696686012914318  0.34381158570120174  0.35130165426147547
  0.35868788255001760  0.36627712251265898  0.37231873444804903  0.37824411826441418
  0.38459291852212407  0.39118158467769226  0.39952046307978628  0.41029205259430684
  0.42074249167045363  0.43118798937148289  0.44435907041229933  0.46737562032609781
  0.48592741409636753  0.49667228509590472  0.50583306510885495  0.51539461782406981
  0.52756907771596240  0.53968640580178229  0.55278379650252085  0.56805713062592544
  0.58172098642606596  0.59522579325666769  0.60882707200499497  0.62345569229912723
  0.64036109080813930  0.65475635541759880  0.66520472590205271  0.67317782569698748
  0.68145737382057359  0.68982859332203150  0.69827312062336611  0.70850569585933110
  0.71970722314316604  0.73091978986289341  0.74321742481701025  0.75745229220273746
  0.77247945308367116  0.78635744154468290  0.79877258853281019  0.81166029931562589
  0.82394194573832247  0.83496349080081644  0.84585421601754562  0.85792718483854447
  0.86949663027353985  0.88033310994169356  0.89091214395467788  0.90317763911892401
  0.91763264282808232  0.93250041845286791  0.94300049110373874  0.94900027919756735
  0.95534589925185576  0.96137960477812956  0.96634761172944994  0.97192869694328587
  0.97846896312434972  0.98375273003549080  0.99126794229687076  1.00000000000000000
 -0.00029284414583660  0.00369451456704140  0.00768187327991939  0.01430411860362756
  0.02200152819311994  0.03568552302210961  0.05301186975093616  0.07722307579008349
  0.10494981949029206  0.13005344706467742  0.15230360528328077  0.16633682604051492
  0.17984846309651661  0.19505165205913516  0.20998438251043403  0.22388547403790540
  0.23643962403914345  0.25080295459058666  0.26674699318456641  0.28176056346863299
  0.29446897430271962  0.30519366081998534  0.31653802458342173  0.32780558195336501
  0.33890143526093625  0.35071353170150477  0.36374641605460362  0.37384047872123916
  0.38207549211498587  0.38818867922237699  0.39456366062253773  0.40250290501497665
  0.40957424340573251  0.41554868457405564  0.42074199246086025  0.42593267970013443
  0.43071329983596396  0.43859327396552233  0.44518719212944940  0.45166196123520003
  0.45813402037246193  0.46134848544539880  0.46401668920238581  0.47030384809440051
  0.47565120635275054  0.47996797877955116  0.48380400550898911  0.48810728068719311
  0.49323136392101147  0.49943469575627647  0.50543203626537248  0.51105788531868168
  0.51675788099248299  0.52351445811193920  0.53231277143171685  0.54406007527341782
  0.55276395926756572  0.56114960410228332  0.56970124080587059  0.57890478062983930
  0.58818173511396321  0.59681487429097446  0.60561626008604841  0.61354891177594750
  0.62095397650712092  0.62846550818211122  0.63549065475487165  0.64334138261880702
  0.65131260785248402  0.66047682369436722  0.67095246255750318  0.68135275210180080
  0.68997411804630138  0.69535313345239314  0.70364626230582417  0.71363017921799454
  0.72298790578985606  0.73733173057616186  0.75078566866017771  0.76449149986097242
  0.77596485819725036  0.78486522891617816  0.79000239016934914  0.79467181550312382
  0.79902593435648350  0.80284330247882207  0.80769141365160857  0.81669872280848876
  0.82927640049235940  0.84182116871355417  0.85729715229196546  0.87301751132795746
  0.88587594804299963  0.90997781771160491  0.95324303297622093  1.00000000000000000
 -0.01250353102739022  0.02371912917541742  0.05506258870812945  0.07291230946004235
  0.08407775574486702  0.09158671671696580  0.09859879312710494  0.10659600886311671
  0.11424348432270778  0.12099499183723483  0.12743530632657130  0.13372386238854342
  0.13995809424955996  0.14623984037255822  0.15620871563876065  0.16328213081781506
  0.17074073080496943  0.17791674726324674  0.18469939956130610  0.19128700836039819
  0.19851416919497977  0.20982799108391767  0.22722931115123990  0.24548904603701807
  0.26194226379972790  0.27524150686016918  0.28470977676798354  0.29266464164280709
  0.30139592986405389  0.30954311646148325  0.31742833485752225  0.32579409282494182
  0.33522296133285323  0.34659103093478916  0.35794311220856651  0.36838974336048813
  0.37798170869226960  0.38675566078717394  0.39526844732230854  0.40451086171398054
  0.41346026593208368  0.42312335019129066  0.43367373402488296  0.44230916762886152
  0.44836027261209632  0.45421658543700250  0.46099510749747152  0.46619857621144722
  0.47067775354690250  0.47640796032039640  0.48869621963913695  0.50795726676215103
  0.53044929505933114  0.55367712735338981  0.57654795139965020  0.59808617053714175
  0.61088370716936768  0.62485290879044963  0.64094190087932801  0.65793148302167193
  0.67597420417512166  0.69473420463587454  0.70588894112132594  0.71908094086657559
  0.73070745585711461  0.73375196389451935  0.73741672664343660  0.74361390590206777
  0.75166394489179400  0.75945839239159096  0.76681207394009165  0.77322490262569288
  0.77838892093811141  0.78304941338490108  0.78814010690256175  0.79322532403958279
  0.80105197921268623  0.80979393855744597  0.82146778642557094  0.83334847430753134
  0.84551276056288471  0.85740883125569534  0.86827272363865970  0.87688925066291434
  0.88539476481078028  0.89315484687730606  0.90114939137670469  0.90915863647366513
  0.91877044771450067  0.92910502768062420  0.94065395945656338  0.95256517830142751
  0.96460885734028112  0.97686115264439788  0.98852336886780579  1.00000000000000000
  0.05648657396587071  0.07323781115487053  0.09188918113274354  0.11102755598278471
  0.12759037769806345  0.14339300889766998  0.15562109071494593  0.16604771934586063
  0.17438200680149113  0.18335942831387408  0.18976966168489171  0.19536886760731548
  0.20028386330862016  0.20416452480368616  0.20784785532065742  0.21229352498917117
  0.21753842599515738  0.22268787609445262  0.22783490007425344  0.23152042024930514
  0.23509311213196946  0.23974670715382401  0.24451013035228863  0.24848026876894044
  0.25162021314064542  0.25507177001518916  0.25929943458112609  0.26377182534560228
  0.26847226754832160  0.27648783375619584  0.28587083353840831  0.29532732571510395
  0.30279472023722243  0.31147165140642735  0.32547869431088317  0.33958214499911482
  0.35413701861762026  0.36947415562597624  0.37895689552877743  0.38656557703421618
  0.39447795813428477  0.40278934942814959  0.41048347979550304  0.41744090937378048
  0.42336675452803391  0.42833060633085823  0.43289025401331688  0.43671766759665087
  0.44038371820152095  0.44424189236374156  0.44819580869409398  0.45325140194378116
  0.45985661874007178  0.46679710326979573  0.47304051233027672  0.47826520545022000
  0.48205488288333703  0.48623808661287604  0.49089996945409597  0.49711769355886787
  0.50591235342249474  0.51428068300668150  0.52282637915038643  0.53200163390160082
  0.54086832483641267  0.54916718658400998  0.55699755913874649  0.56420788744805872
  0.57175954969661069  0.58100610894975435  0.59180592640782503  0.60319852082645509
  0.61386671457771369  0.61861019097915382  0.62498997540850332  0.63319396838971742
  0.64174755522525717  0.65126943348545363  0.66154940652779981  0.67035473338546736
  0.67853353591103893  0.68777413302934953  0.69853084629485862  0.71191336985343656
  0.72667726791489162  0.74418140137424538  0.76727053450800653  0.78980654263061179
  0.80823519083612216  0.83111898462890998  0.85524662720263323  0.87614775477873041
  0.89512375108295827  0.91636668532741317  0.95075948000834654  1.00000000000000000
 -0.00782437869297179  0.02225146266142569  0.04593395165134482  0.06472056686181765
  0.07491160464093051  0.08173716184943858  0.08944330572114595  0.09744734737254616
  0.10696822355502131  0.11520946318558628  0.12414484061965292  0.13728617811603888
  0.15197309681647944  0.16365327800557647  0.17147172508367403  0.18039032584400172
  0.18821789154124119  0.19642560482706051  0.20517710579198037  0.21403347508750545
  0.22052319331550449  0.22561579356268799  0.23025025515715994  0.23586443410456048
  0.24191546792453308  0.24808613257039741  0.25414302903027963  0.26108861722803745
  0.26890490942046225  0.28035540548985571  0.29353085184508459  0.30843798792847493
  0.32415912710551126  0.33986740086666445  0.35615066210891716  0.37545755176215384
  0.39397187507315695  0.41194537077306032  0.42833346345648932  0.44259649012657698
  0.45591136404370530  0.46962240601443739  0.48432741729391876  0.50044036404539460
  0.51297014724830203  0.52587060652852535  0.53942764485659767  0.54840703346977759
  0.56053552930903339  0.57404095468647709  0.58557140978914046  0.59581916560377568
  0.60661719867133168  0.62252524759200256  0.64102371102104527  0.65887133004913645
  0.67160122671498379  0.67891498987796062  0.68633236389584196  0.69368913078733718
  0.70119465273227044  0.70923618063781069  0.71646292066456851  0.72472452211526828
  0.73557380767764380  0.74883627859048896  0.76117994906434205  0.77328096673807434
  0.78441505842465986  0.79474936986206290  0.80583627006814662  0.81717572560807783
  0.82873116642255584  0.84064933271285947  0.84837603343093393  0.85426054406835106
  0.85952126397265738  0.86470690961396068  0.86957659921885910  0.87451114466353463
  0.87884071931219276  0.88237349329634873  0.88895887295560072  0.89514263983406572
  0.90039327999770324  0.90637677981086318  0.91155222946651115  0.91616337336117948
  0.92766206762604586  0.93656209163956738  0.94648365758037012  0.95684560294600718
  0.96780495622870943  0.97792379498449333  0.98894235150665977  1.00000000000000000
  0.73335403322736303  0.74710688914884582  0.75273420537393732  0.75659763241914368
  0.76128743077414585  0.76902924527414251  0.77442674231421882  0.77846560004197385
  0.78195694653216974  0.78610894860901681  0.79021793993858025  0.79383233893401628
  0.79742445083595759  0.79994299020396054  0.80230151652180803  0.80525973098713499
  0.80864698457421991  0.81162199212932651  0.81426227054365330  0.81652805830735031
  0.81898291016788205  0.82228454691270370  0.82557397153256362  0.82756155163979273
  0.83015096723058734  0.83253965867482294  0.83605075477114532  0.83961847323663064
  0.84232092400944736  0.84465529929461569  0.84712116421406791  0.84997815311123526
  0.85336663828663073  0.85683268996421902  0.86013132199801889  0.86370269255689647
  0.86794451192576427  0.87263828727867609  0.87697738430636862  0.88114202305723699
  0.88509742793087531  0.88850796378519059  0.89151496025079158  0.89409174166866801
  0.89716680096374735  0.90055100632424101  0.90411991954743742  0.90682292474209258
  0.90883707340054465  0.91075489449873093  0.91286965840903245  0.91549043061999547
  0.91889271216063118  0.92272200544310712  0.92635407076016596  0.92833012840873064
  0.92985525044948991  0.93133896036450825  0.93248927970356499  0.93338960178083841
  0.93427641520409410  0.93498953119090089  0.93580923024689922  0.93680450209712762
  0.93780290208894268  0.93891760095236476  0.94008770927345320  0.94125267180453043
  0.94239228532113306  0.94347646439271493  0.94449104433521536  0.94558492524807913
  0.94660234142961663  0.94766337493220809  0.94992177226501695  0.95209227664600193
  0.95408269212717411  0.95569048969028192  0.95672182405555506  0.95868023084681797
  0.96356071288455225  0.96767134273225563  0.96940093656999127  0.97113053040772690
  0.97286012424546253  0.97458971808319828  0.97631931192093391  0.97775383943803285
  0.97865618087518125  0.97955852231232965  0.98046086374947805  0.98136320518662645
  0.98226554662377485  0.98316788806092326  0.98407022949807166  1.00000000000000000
  0.28746973563101036  0.28980583990753678  0.29214194418406320  0.29447804846058961
  0.29681415273711603  0.30106206814939618  0.30531009184952490  0.30955811554965362
  0.31804615629494359  0.32579969778576912  0.33225448176379979  0.33861232501088495
  0.34441397685607839  0.35055216911219855  0.35692227837449747  0.36259426988220395
  0.36809291650200504  0.37360048817457397  0.38062980338143149  0.38991516451331137
  0.39829704762840301  0.40513696437644153  0.41254156131083741  0.41952380524727834
  0.42666461300779907  0.43325175048610665  0.43823967547031573  0.44266886943307143
  0.44667615730352311  0.45127371508791342  0.45656454943178193  0.46180166765719327
  0.47315809275639464  0.48223457973620359  0.48762687274413175  0.49546610130951513
  0.50427127446503095  0.50910931332187992  0.51286152460861612  0.51690518448169365
  0.52130337990202114  0.52590831620981382  0.53243641915528628  0.53942434112097704
  0.54540004624505622  0.55066051446988717  0.55559656596985474  0.56227197509737048
  0.57208916718079605  0.58065983211311123  0.58742444463598831  0.59367107782317508
  0.59866743672777334  0.60311183923324363  0.60875259703305540  0.61476212371149908
  0.62096294900523386  0.62656954412398680  0.62936907777920048  0.63261228333862296
  0.63596695155919269  0.63915035947265220  0.64238629048443929  0.64536471035672482
  0.64755094097463028  0.64957375880480328  0.65237412761687208  0.65617558644968055
  0.65942139951770373  0.66185175720840106  0.66469373436767532  0.66807872970774573
  0.67099524171316738  0.67357256976594471  0.67627477289720717  0.67913274386999511
  0.68169964285635443  0.68384509423320261  0.68581637743381851  0.68769715732496595
  0.69089134710082356  0.69451240540662706  0.69700972823936769  0.69892080124409406
  0.70067402018802827  0.70164170977018725  0.70164885494291507  0.70359261699021092
  0.70685032130605285  0.71034327122039598  0.71303289249578705  0.71543652256829771
  0.72198559557747199  0.73217646152875659  0.74236732748004108  1.00000000000000000
   6.6832670900215587E-013  -1.0000000000000000     
  <DiscreteSampler_grid>
  Helicity
  1 # 1 for a reference and 2 for a running grid.
  40 # Attribute 'min_bin_probing_points' of the grid.
  1 # Attribute 'grid_mode' of the grid. 1=='default',2=='initialization'
  0.0000000000000000 # Attribute 'small_contrib_threshold' of the grid.
  0.5000000000000000 # Attribute 'damping_power' of the grid.
 # binID   n_entries weight   weight_sqr   abs_weight
    1   119   1.111204295514546E-012   5.847125929368731E-023   1.111204295514546E-012
    2   1   2.535699373051749E-015   6.429771310495033E-030   2.535699373051749E-015
    3   1   1.875652789108389E-016   3.518073385290081E-032   1.875652789108389E-016
    4   1   6.002471197231343E-015   3.602966047359188E-029   6.002471197231343E-015
    5   18139   2.223377214459578E-010   5.375451307091453E-017   2.223377214459578E-010
    7   64   4.062157178156674E-013   7.862480196677944E-024   4.062157178156674E-013
    8   2   5.841243407180766E-016   5.458699804045630E-031   5.841243407180766E-016
    11   1   9.694547807107087E-015   9.398425718428483E-029   9.694547807107087E-015
    12   449   3.701460669552191E-012   7.000978360775441E-022   3.701460669552191E-012
    13   110   9.789860535938934E-013   5.611798682819298E-023   9.789860535938934E-013
    14   51   4.998443370582155E-013   4.353682599773284E-024   4.998443370582155E-013
    15   126   1.291955719399211E-012   8.270047684995918E-023   1.291955719399211E-012
    16   2   2.295200508756509E-015   1.053376730630917E-029   2.295200508756509E-015
    17   251   3.722822392681089E-012   2.542251891509182E-022   3.722822392681089E-012
    18   19   3.179920305228718E-013   3.559011509622153E-025   3.179920305228718E-013
    20   17   1.092608268115671E-013   1.649238897200205E-025   1.092608268115671E-013
    21   5   1.927052608324580E-014   1.404647434897284E-027   1.927052608324580E-014
    22   2   2.252000915324466E-015   9.950851735674511E-030   2.252000915324466E-015
    23   10   8.641037183538905E-014   7.150842034374864E-026   8.641037183538905E-014
    26   2   1.470219457921408E-014   4.033873229378820E-028   1.470219457921408E-014
    28   1   1.142025130722262E-014   1.304221399201200E-028   1.142025130722262E-014
    30   1   1.121295756011516E-017   1.257304172449438E-034   1.121295756011516E-017
    31   2   1.414966904831071E-014   3.976115340438780E-028   1.414966904831071E-014
    34   37   2.538639897215119E-013   1.125575139421440E-024   2.538639897215119E-013
    35   377   5.384301095668197E-012   1.090910157856579E-021   5.384301095668197E-012
    37   2   1.722462643317542E-014   5.227371607065722E-028   1.722462643317542E-014
    38   1   1.916172529269348E-015   3.671717161926489E-030   1.916172529269348E-015
    39   63   6.100331973924227E-013   1.451328663346265E-023   6.100331973924227E-013
    40   3   2.732322933947043E-014   1.486448079518563E-027   2.732322933947043E-014
    41   3008   3.761807538193497E-011   4.723651529446051E-019   3.761807538193497E-011
    43   5   1.837661510438030E-014   1.531208267829077E-027   1.837661510438030E-014
    44   1223   1.223529321708766E-011   1.201765387611682E-020   1.223529321708766E-011
    46   46   5.156100317636344E-013   3.284997655754691E-024   5.156100317636344E-013
    47   1   5.150849568343383E-017   2.653125127570321E-033   5.150849568343383E-017
    49   1   8.516091851982573E-015   7.252382043140396E-029   8.516091851982573E-015
    51   1   1.085538977350677E-015   1.178394871347554E-030   1.085538977350677E-015
    52   17371   2.289700508954294E-010   2.732579153673616E-017   2.289700508954294E-010
    53   13   1.030145298552488E-013   1.271801507420293E-025   1.030145298552488E-013
    55   4   2.912250077136259E-014   3.376935322769369E-027   2.912250077136259E-014
    57   613   5.695526068034089E-012   1.738057166787418E-021   5.695526068034089E-012
    58   468   5.634155154659232E-012   2.392228770532632E-021   5.634155154659232E-012
    60   59   4.437500485144018E-013   5.444027132397609E-024   4.437500485144018E-013
    61   31   2.828371087799737E-013   5.055826731318786E-025   2.828371087799737E-013
    62   1   4.868179230958737E-015   2.369916902473800E-029   4.868179230958737E-015
    64   1   3.274164355597153E-015   1.072015222746292E-029   3.274164355597153E-015
  </DiscreteSampler_grid>
  <DiscreteSampler_grid>
  grouped_processes
  1 # 1 for a reference and 2 for a running grid.
  10 # Attribute 'min_bin_probing_points' of the grid.
  1 # Attribute 'grid_mode' of the grid. 1=='default',2=='initialization'
  0.0000000000000000 # Attribute 'small_contrib_threshold' of the grid.
  0.5000000000000000 # Attribute 'damping_power' of the grid.
 # binID   n_entries weight   weight_sqr   abs_weight
    13   10   1.480099597565803E-003   1.139273097721289E-005   1.480099597565803E-003
    14   10   1.480099597565804E-003   1.139273097721289E-005   1.480099597565804E-003
    16   10   6.500657983265827E-006   1.692599183711695E-010   6.500657983265827E-006
    17   10   6.500657983265832E-006   1.692599183711698E-010   6.500657983265832E-006
    22   10   1.480099597565803E-003   1.139273097721289E-005   1.480099597565803E-003
    23   10   1.480099597565804E-003   1.139273097721291E-005   1.480099597565804E-003
    25   10   6.500657983265828E-006   1.692599183711696E-010   6.500657983265828E-006
    26   10   6.500657983265832E-006   1.692599183711698E-010   6.500657983265832E-006
    31   10   1.945839674206547E-004   1.493796208221140E-007   1.945839674206547E-004
    32   10   1.945839674206546E-004   1.493796208221138E-007   1.945839674206546E-004
    34   10   2.237060613469663E-004   2.731559164299260E-007   2.237060613469663E-004
    35   10   2.237060613469664E-004   2.731559164299263E-007   2.237060613469664E-004
    40   10   1.945839674206547E-004   1.493796208221140E-007   1.945839674206547E-004
    41   10   1.945839674206545E-004   1.493796208221137E-007   1.945839674206545E-004
    43   10   2.237060613469664E-004   2.731559164299260E-007   2.237060613469664E-004
    44   10   2.237060613469664E-004   2.731559164299263E-007   2.237060613469664E-004
  </DiscreteSampler_grid>
