  0.00000071903844227  0.00000073508153646  0.00000074585442148  0.00000075470630461
  0.00000076656199332  0.00000077870617053  0.00000079096424923  0.00000080321089648
  0.00000081553672342  0.00000082790903509  0.00000084050824747  0.00000085373268331
  0.00000086765618390  0.00000088193000477  0.00000089620333941  0.00000091026590688
  0.00000092440520453  0.00000093876707971  0.00000095316416069  0.00000096759746273
  0.00000098205222767  0.00000099667832267  0.00000101172104088  0.00000102670566812
  0.00000104134700601  0.00000105619245763  0.00000107117679424  0.00000108693082756
  0.00000110247397822  0.00000111829368625  0.00000113407901984  0.00000115000917033
  0.00000116601370762  0.00000118269678756  0.00000120059217309  0.00000121906165015
  0.00000123743869193  0.00000125554062818  0.00000127382348325  0.00000129194281876
  0.00000131067947949  0.00000132980400792  0.00000134938458795  0.00000136869901359
  0.00000138740824061  0.00000140715017790  0.00000142750060643  0.00000144810737171
  0.00000146931576139  0.00000149055665498  0.00000151204794802  0.00000153357063445
  0.00000155524450516  0.00000157667449741  0.00000159795494707  0.00000161884797547
  0.00000164037401138  0.00000166306449619  0.00000168650345786  0.00000171005584285
  0.00000173437504338  0.00000175909869584  0.00000178371138332  0.00000180811567426
  0.00000183217250949  0.00000185595264574  0.00000188014626044  0.00000190448839634
  0.00000192979246335  0.00000195642383188  0.00000198506501549  0.00000201257295028
  0.00000204031313485  0.00000206786777964  0.00000209563664069  0.00000212379337322
  0.00000215251329515  0.00000218186733336  0.00000221209635696  0.00000224274396564
  0.00000227262461730  0.00000230622357859  0.00000234174912644  0.00000237700585203
  0.00000241221970042  0.00000244725507724  0.00000248196606871  0.00000251661839540
  0.00000255157391472  0.00000258699342684  0.00000262280601024  0.00000265929869171
  0.00000269539944479  0.00000271728952614  0.00000272232406632  1.00000000000000000
  0.00000021089348006  0.00000023383270045  0.00000025037962133  0.00000026652176584
  0.00000028264996988  0.00000029842644164  0.00000031437328617  0.00000033106356137
  0.00000034850219136  0.00000036678061391  0.00000038552668463  0.00000040475680807
  0.00000042444124136  0.00000044476927707  0.00000046620897599  0.00000048759022211
  0.00000050917648333  0.00000053196554192  0.00000055636419305  0.00000058072027351
  0.00000060480855736  0.00000062977617360  0.00000065625589676  0.00000068425858000
  0.00000071340862506  0.00000074294137894  0.00000077431027392  0.00000080851243190
  0.00000084413372566  0.00000087976008363  0.00000091622167798  0.00000095610176859
  0.00000099951483340  0.00000104339596188  0.00000108750530379  0.00000113442749732
  0.00000118382007876  0.00000123449688168  0.00000128541814036  0.00000133702398961
  0.00000139244837272  0.00000145142574626  0.00000151178289603  0.00000157270065083
  0.00000163459696796  0.00000169742157017  0.00000176173027484  0.00000182872427673
  0.00000189666603929  0.00000196497689123  0.00000203951453801  0.00000212040880115
  0.00000220527238321  0.00000229186251005  0.00000238093604565  0.00000247907993678
  0.00000258685406546  0.00000269616672315  0.00000281029842335  0.00000293689799003
  0.00000309131158458  0.00000325943933998  0.00000342543492537  0.00000360689966821
  0.00000380131997044  0.00000400786340822  0.00000422452768884  0.00000446149166720
  0.00000471009042633  0.00000496662899306  0.00000524745265282  0.00000555859642572
  0.00000586093775546  0.00000616966790616  0.00000655111740083  0.00000701384131907
  0.00000754676658648  0.00000823894581478  0.00000900814447016  0.00000984970741977
  0.00001073687346538  0.00001152938744158  0.00001226352731727  0.00001304837461347
  0.00001396705253893  0.00001492354766960  0.00001599933302888  0.00001719509674303
  0.00001832593554051  0.00001954274001579  0.00002169970592570  0.00002507711767358
  0.00003049210016051  0.00003817009347542  0.00033394946223343  1.00000000000000000
  0.00000023269660754  0.00000026209136519  0.00000028056892713  0.00000029916699254
  0.00000031802181952  0.00000033688599647  0.00000035580944289  0.00000037463425532
  0.00000039369338755  0.00000041286761975  0.00000043229526310  0.00000045230815579
  0.00000047239424078  0.00000049297250521  0.00000051397785187  0.00000053633222246
  0.00000055972367538  0.00000058301406655  0.00000060623892867  0.00000062986373913
  0.00000065455257021  0.00000068042838465  0.00000070716850558  0.00000073420172543
  0.00000076135805873  0.00000078953277754  0.00000081948551544  0.00000085016462661
  0.00000088229513495  0.00000091543190075  0.00000095063902226  0.00000098761799434
  0.00000102503001609  0.00000106317857906  0.00000110133707923  0.00000114175087343
  0.00000118777533330  0.00000123300441438  0.00000127942293721  0.00000132626448956
  0.00000137489847617  0.00000142512000236  0.00000147695839457  0.00000153055150176
  0.00000158634166481  0.00000164239669288  0.00000170864576511  0.00000177747463891
  0.00000184908229490  0.00000192151121619  0.00000200002444005  0.00000208506697392
  0.00000217417390257  0.00000226472020162  0.00000235978056813  0.00000247456002465
  0.00000261353611809  0.00000275832676235  0.00000290838238514  0.00000307343129198
  0.00000325072404254  0.00000343808627936  0.00000364567467430  0.00000387936476581
  0.00000411847476192  0.00000437018862146  0.00000463029693577  0.00000490736585332
  0.00000520185836396  0.00000552325975043  0.00000584433332232  0.00000617095873581
  0.00000653100447601  0.00000693169332028  0.00000735803433952  0.00000782256179204
  0.00000833280424186  0.00000884898004328  0.00000943272753393  0.00001012865843474
  0.00001089562212246  0.00001182611398677  0.00001281826871285  0.00001401931250477
  0.00001532187573277  0.00001702684791299  0.00001907755021551  0.00002136426556925
  0.00002404540518770  0.00003293860289528  0.00004823300885916  0.00006322221602487
  0.00007502534173829  0.00008916770927823  0.00011894423412816  1.00000000000000000
 -0.00173327088473465  0.00704065353609734  0.01348395910077515  0.01990994702781350
  0.02647947917906512  0.03305202772174771  0.03957231036733375  0.04584599090985135
  0.05168968428857274  0.05777534492909159  0.06374874528895211  0.06968364938565549
  0.07573522203182523  0.08197603870921630  0.08857945501109202  0.09529985748840802
  0.10186254489050454  0.10918432386376573  0.11698343312440725  0.12474560722122681
  0.13277311853349386  0.14085406588890756  0.14875086523449477  0.15640565248685637
  0.16408090962879074  0.17212684493534003  0.18059123998887175  0.18929112666311498
  0.19840428575153829  0.20762707935773891  0.21687086844803646  0.22630396208995299
  0.23551410642634160  0.24469787981973648  0.25423330677296002  0.26421619148008957
  0.27441442211866895  0.28471780655396617  0.29542160990744176  0.30645070531861396
  0.31724554273543398  0.32773906850929174  0.33803893246525801  0.34829648055240975
  0.35868763790071517  0.36863358756699188  0.37820382273545433  0.38760142915477747
  0.39793040212203001  0.40964858012176025  0.42151492914936506  0.43329043294927477
  0.44433625876734056  0.45526887414698464  0.46641825238378892  0.47743585821628004
  0.48838911524493894  0.49937301448462135  0.51063020815476357  0.52184560276654368
  0.53346281867430811  0.54525652303860483  0.55682366442619269  0.56829578267798142
  0.57998022467170363  0.59240348039042845  0.60501962804283671  0.61840503556992743
  0.63228496408733947  0.64768094380440222  0.66343177643339790  0.67857729998937688
  0.69281152236212662  0.70610497583357834  0.71982694362725042  0.73358690670207449
  0.74728162935310971  0.76129735507527363  0.77494996509221337  0.78792369500086856
  0.80140728384718918  0.81499701712282657  0.82862874690941635  0.84183169295257765
  0.85501171152603606  0.86722798823130220  0.87970630176942288  0.89284786685262563
  0.90711223376722738  0.92126515600826064  0.93550333898330806  0.94873719530702982
  0.96189031649310919  0.97463343194434537  0.98724601623807073  1.00000000000000000
 -0.00030188431976869  0.00066191681663691  0.00162571795304252  0.00258951908944813
  0.00393179854526814  0.00842301990240956  0.01291424125955098  0.01740546261669240
  0.02860737806718283  0.04035293409998900  0.05170345940589716  0.06306412125922513
  0.07460730580699709  0.08627169448186214  0.09778685020147858  0.10885610539454767
  0.11950178363511328  0.13011316313564170  0.14057146863351108  0.15100166328355016
  0.16133009947412111  0.17190626572148585  0.18276242225430159  0.19386858177629432
  0.20487750601963145  0.21722183481672805  0.23141399831742301  0.24629306771468135
  0.26005014030267432  0.27341565721277511  0.28761823822602700  0.29933676211227106
  0.31065454390745395  0.32224827847651938  0.33389402909596200  0.34500988677367039
  0.35624123202167796  0.36851026397729014  0.38090350121229377  0.39379819024508655
  0.40672140159955483  0.41940201873146676  0.43175658449802873  0.44293793175556578
  0.45325092567199121  0.46365386852200763  0.47430736077039271  0.48446333272193270
  0.49379531906212870  0.50349000501731611  0.51359299102931455  0.52356210774831069
  0.53330094374298753  0.54393639455282172  0.55624139474261691  0.56844402647416603
  0.58033455737178763  0.59186592268567750  0.60295963349657189  0.61392921768060627
  0.62483518788280101  0.63585806130533851  0.64660483904959265  0.65805857223937292
  0.66914671310428553  0.67944426985213358  0.68996554724035097  0.70029991773680456
  0.71060152650960029  0.72060663949333303  0.73034256504057227  0.74265684030887713
  0.75485144526554748  0.76721153190261504  0.77894850504590396  0.79028304936958405
  0.79956339256180153  0.80818624432041841  0.81715389295685970  0.82638136877452184
  0.83557615718461120  0.84496806097752775  0.85532737760515254  0.86933403679926735
  0.88349245644253471  0.89415192771038454  0.90595539740022113  0.91729008476727258
  0.92712247472884290  0.93667642456189093  0.94653667168697353  0.95669863234980523
  0.96685453491261453  0.97691533530758412  0.98836290035045626  1.00000000000000000
  0.00309199139028163  0.01487407815370865  0.02348431975010349  0.03281068458338162
  0.04194384921580839  0.05113830503994193  0.06054465973529701  0.07030817192429001
  0.08062429143179189  0.09198809089868359  0.10386169917107041  0.11506165289796702
  0.12577117303535351  0.13647365361060459  0.14680626314517090  0.15648820333908989
  0.16592652850414744  0.17565050687350997  0.18541075166648135  0.19478919938191638
  0.20402633865046213  0.21370049509779920  0.22374880533866157  0.23417169166220173
  0.24502043029473894  0.25708179401041981  0.27002808603131517  0.28103602604716488
  0.29158235434226776  0.30180552244115300  0.31209606416034780  0.32248122809170021
  0.33257336010476113  0.34221220889566473  0.35188153884319340  0.36180906819849262
  0.37203272402737331  0.38215301903339893  0.39242575140964736  0.40348786359434241
  0.41504352930613370  0.42588993596362323  0.43656056313365649  0.44866717025693442
  0.46011456521268734  0.47028453774457807  0.48056331510006711  0.49124818954777527
  0.50181951514576095  0.51187080537276208  0.52175123113536082  0.53169753632106997
  0.54152781123437344  0.55112029211675095  0.56069300375983167  0.57084816957727469
  0.58128012847817312  0.59220957923692752  0.60361782311490042  0.61578992030470125
  0.62930301061083338  0.64483863356258464  0.65638488628541614  0.66738837603366241
  0.67803022928196888  0.68832279481940728  0.69857464994350194  0.70889053607170360
  0.71922521070477508  0.72948845271701968  0.73953047258082549  0.74946952526101762
  0.75839964400286208  0.76757071969230750  0.77712169201969916  0.78667557941633315
  0.79625877385182642  0.80592500629088426  0.81606695504182258  0.82854715498804898
  0.83988032766936394  0.85078121860308220  0.86272335253870691  0.87446689518240572
  0.88607998251289544  0.89715628195281039  0.90739868046416594  0.91761722522198874
  0.92765063867961195  0.93774539275338320  0.94704607402776619  0.95641284646199853
  0.96757731383143841  0.97911480810376872  0.98934734019487414  1.00000000000000000
 -0.00001474423354721  0.00002355318361763  0.00006185060078247  0.00006666358635362
  0.00006876929206038  0.00007097544957339  0.00007320157378198  0.00007536449914767
  0.00007751681808304  0.00007979204536625  0.00008209599628267  0.00008435083550670
  0.00008660018665562  0.00008862660937687  0.00009063930911606  0.00009247447063038
  0.00009425182724107  0.00009606129374254  0.00009795453689473  0.00009984778004692
  0.00010142858355589  0.00010299343287425  0.00010457803858801  0.00010628636305299
  0.00010799468751797  0.00010957217104722  0.00011104697328613  0.00011252177552505
  0.00011405992279964  0.00011564493296377  0.00011722994312789  0.00011882592448073
  0.00012042470286533  0.00012203669503179  0.00012394389933706  0.00012585110364232
  0.00012782591200176  0.00012982519431924  0.00013151388958731  0.00013295899276145
  0.00013440409593558  0.00013583400612348  0.00013725463070369  0.00013867525528391
  0.00014020664993165  0.00014180303636456  0.00014339942279748  0.00014583303155542
  0.00014841268409281  0.00015136529252803  0.00015440163770832  0.00015772632294617
  0.00016143055568223  0.00016498740908019  0.00016746347162608  0.00016993953417197
  0.00017241559671786  0.00017488627291848  0.00017735451230931  0.00018360379749873
  0.00019546980553902  0.00022735330570608  0.00022907177412938  0.00023079024255268
  0.00023250871097598  0.00023422717939928  0.00023594564782258  0.00023766411624588
  0.00023938258466918  0.00025177026220477  0.00026099966367770  0.00026263316169073
  0.00026426665970375  0.00026590015771678  0.00026753365572981  0.00026916715374283
  0.00027080065175586  0.00027243414976889  0.00027406764778192  0.00027570114579494
  0.00027733464380797  0.00027896814182100  0.00028060163983402  0.00031707496697131
  0.00031914008586287  0.00032120520475442  0.00032327032364598  0.00032569783261386
  0.00032842661027250  0.00033115538793113  0.00033388416558976  0.00034338398643357
  0.00046095139737465  0.00046544958580172  0.00046544958581172  1.00000000000000000
  0.20764702264734153  0.21544583268130363  0.22203671088308918  0.22786756417004711
  0.23226856494962983  0.23690937863170200  0.24559132581782370  0.25490882112790564
  0.26329202159442461  0.27131061602316325  0.27911318334848140  0.28679077771805001
  0.29411321302257493  0.30102441860851270  0.30780737207863434  0.31434856379726761
  0.32058950850076157  0.32667210963059823  0.33259245895844908  0.33839690631174596
  0.34418806670966207  0.34992722022800649  0.35570905337017300  0.36160051467673754
  0.36746282574345640  0.37332990445642633  0.37927728901672375  0.38521693965750770
  0.39108633049024488  0.39683055541853213  0.40221976505010704  0.40760418739711968
  0.41300669038482063  0.41835067952963889  0.42365238097722602  0.42885316769269949
  0.43405905385643795  0.43944563563836808  0.44510056977070084  0.45071298305568791
  0.45633240368823313  0.46216015688194118  0.46815160145547580  0.47409180888721769
  0.47988884257780240  0.48552802283058810  0.49117769372757336  0.49680990237066491
  0.50220040358597007  0.50739854198639767  0.51270722552593007  0.51803125704595654
  0.52317512374687591  0.52817116246745421  0.53317742309737415  0.53825714775247668
  0.54338121702570852  0.54859297433957754  0.55390450092796506  0.55920903925914023
  0.56458869649114651  0.56999183921364316  0.57519965960761599  0.58045624747516633
  0.58595729063966973  0.59188458486791151  0.59807945607904833  0.60429685889082840
  0.61047602262619083  0.61665794789191075  0.62280642452201651  0.62873528760000330
  0.63436199527182868  0.64014166350895463  0.64597962730931680  0.65177770567686455
  0.65760118537562229  0.66346242531912314  0.66942473246682921  0.67571576100246256
  0.68209355123518323  0.68836356325887049  0.69588686302327385  0.70330212192940267
  0.71126506111117516  0.71986355803499147  0.72857800724393118  0.73735734912033923
  0.74674325261278129  0.75581031322292758  0.76476752709553442  0.77455535203151726
  0.78661951620219883  0.80232231927653008  0.81855381837236574  1.00000000000000000
  0.72730959712238330  0.73267436017676724  0.73621486248733070  0.73988691949166707
  0.74328793851700858  0.74662503115157242  0.75001572206515332  0.75338713467164287
  0.75636913834219688  0.75927762193521908  0.76215848427162924  0.76509205955786241
  0.76831928627293233  0.77149833168429682  0.77466650944107940  0.77782715455009510
  0.78098283301212612  0.78416673989635322  0.78727025834772768  0.79043056246400711
  0.79319960887786456  0.79590249728792195  0.79865432867652097  0.80142656669682633
  0.80418098541968042  0.80688663760485113  0.80960011745728500  0.81235839032538903
  0.81505102302106502  0.81774455273579927  0.82043114671002793  0.82306453428985094
  0.82569183314971839  0.82834660444437158  0.83103993519440189  0.83370151075326082
  0.83629476357482779  0.83891991030727553  0.84153797575106082  0.84413708062492110
  0.84672094596395953  0.84932489933283140  0.85191201612875911  0.85453196455481273
  0.85726067526407335  0.86001648477562231  0.86278430015360663  0.86555638020574632
  0.86832697874651077  0.87107685429725945  0.87383495672986922  0.87652937898041061
  0.87916566061068324  0.88179268440145586  0.88443540421684130  0.88707986958164986
  0.88969886104688789  0.89232941280693090  0.89500280478779559  0.89770549980577730
  0.90038622843654903  0.90301643638952844  0.90566872757474892  0.90828330456699535
  0.91090321110251682  0.91346885358403807  0.91609284189361906  0.91866847685549879
  0.92123221923434251  0.92373766937549506  0.92629435607536093  0.92886456839611597
  0.93141677722655070  0.93393950066670917  0.93646771660586792  0.93901026427361445
  0.94148966794287259  0.94393111048381539  0.94638754449569817  0.94909431977053649
  0.95182946223773790  0.95464682178216520  0.95719080572903881  0.95982865646663063
  0.96231380922281673  0.96479294864146325  0.96722239425919521  0.96985588772535447
  0.97292008094331084  0.97668519879949145  0.98103485098502330  0.98514511263835247
  0.98850129864904934  0.99112211594024091  0.99383471837305781  1.00000000000000000
  0.28301459039541538  0.28900712668840578  0.29361556838981345  0.29802549847798704
  0.30395492106204297  0.31043731098659361  0.31723659766098367  0.32391553485706059
  0.33046992413868209  0.33665643281478969  0.34256776424818319  0.34848489973322078
  0.35437906724183826  0.36003477946144835  0.36552731676037226  0.37101735134965536
  0.37659707034221934  0.38221208804636680  0.38777350621367740  0.39319564369675486
  0.39819312758739672  0.40304477497481500  0.40795925182162751  0.41301080746873914
  0.41798525800549963  0.42284155107334676  0.42766648677254249  0.43257169582990207
  0.43758438371599634  0.44265703948027268  0.44773373427323421  0.45281187000227879
  0.45806371320306344  0.46347163275103892  0.46895693484373036  0.47417778762342599
  0.47946302105882216  0.48470614480829083  0.49008004206908967  0.49534803611780415
  0.50061932412600252  0.50562689960477347  0.51060681554032916  0.51556316815731817
  0.52038245465924371  0.52541474487375661  0.53037962651267678  0.53547359842952025
  0.54060318933057194  0.54572525804751881  0.55079623422756763  0.55581534576396474
  0.56084302107217887  0.56565938886938982  0.57047611755077665  0.57524183268300888
  0.57996246002779406  0.58457876041735757  0.58914148179391834  0.59368018313507620
  0.59824786273259312  0.60280559121278809  0.60731797074548788  0.61176970757463645
  0.61620806065467004  0.62078117487676610  0.62524306400920249  0.62903502599529493
  0.63275348574718637  0.63656858955734130  0.64043815633238022  0.64422777553001087
  0.64793237406125648  0.65167124526817677  0.65540995463120344  0.65921655154675074
  0.66293762337089601  0.66664705283419756  0.67036750054924732  0.67404877033393085
  0.67771096985551138  0.68142274315459062  0.68491612463538631  0.68901158291871500
  0.69416485059646715  0.69942641272283035  0.70473930527462669  0.71054505803643619
  0.71732510015827966  0.72337109281459888  0.72871840159679113  0.73323252170970254
  0.73695303659806821  0.73982598997362325  0.74119186275671656  1.00000000000000000
   2.5078978577108830E-010  -1.0000000000000000     
  <DiscreteSampler_grid>
  Helicity
  1 # 1 for a reference and 2 for a running grid.
  40 # Attribute 'min_bin_probing_points' of the grid.
  1 # Attribute 'grid_mode' of the grid. 1=='default',2=='initialization'
  0.0000000000000000 # Attribute 'small_contrib_threshold' of the grid.
  0.5000000000000000 # Attribute 'damping_power' of the grid.
 # binID   n_entries weight   weight_sqr   abs_weight
    1   1025   4.446217300667687E-009   2.588437012197457E-015   4.446217300667687E-009
    3   571   2.270901557725468E-009   2.583085723537610E-016   2.270901557725468E-009
    5   672   2.692458728019689E-009   6.266427913703176E-016   2.692458728019689E-009
    6   505   1.868485653969011E-009   1.597599731631058E-016   1.868485653969011E-009
    7   320   1.354058728791732E-009   9.077908218116928E-017   1.354058728791732E-009
    8   341   1.262069373650054E-009   9.716341076742002E-017   1.262069373650054E-009
    9   892   3.944067769075154E-009   7.837304597703311E-016   3.944067769075154E-009
    10   376   1.510008683574403E-009   1.308224347281950E-016   1.510008683574403E-009
    11   632   2.923758612897744E-009   5.423239709934702E-016   2.923758612897744E-009
    12   661   2.893077087501027E-009   4.086651058470945E-016   2.893077087501027E-009
    13   494   2.085096960132544E-009   1.959052416518740E-016   2.085096960132544E-009
    14   521   2.565087942981175E-009   4.405548062025674E-016   2.565087942981175E-009
    16   1204   5.592879879558232E-009   2.780036147775834E-015   5.592879879558232E-009
    17   794   3.343515456570180E-009   1.113266619101964E-015   3.343515456570180E-009
    18   1270   5.231782437135305E-009   1.760593050041478E-015   5.231782437135305E-009
    19   91   3.608822486569075E-010   2.120140152679587E-018   3.608822486569075E-010
    20   336   1.443365592424304E-009   1.249422636812303E-016   1.443365592424304E-009
    21   283   1.318093289291809E-009   9.033323434929524E-017   1.318093289291809E-009
    22   590   2.545573758150220E-009   4.378531294229126E-016   2.545573758150220E-009
    23   661   2.846683781772156E-009   4.054626998588931E-016   2.846683781772156E-009
    24   170   4.303346976938121E-010   3.951531176760171E-019   4.303346976938121E-010
    25   748   3.180823723320838E-009   6.010541098222553E-016   3.180823723320838E-009
    26   528   2.382818178292691E-009   5.186437599654041E-016   2.382818178292691E-009
    27   533   2.203022475360171E-009   2.005050143484882E-016   2.203022475360171E-009
    28   1090   4.426169205095491E-009   6.762496407501410E-016   4.426169205095491E-009
    31   644   2.990077787037763E-009   6.209967032304838E-016   2.990077787037763E-009
    33   371   1.511402100220870E-009   1.171546618099451E-016   1.511402100220870E-009
    34   404   1.657427526190868E-009   1.183759891441787E-016   1.657427526190868E-009
    35   558   2.659231100309374E-009   7.492403963501556E-016   2.659231100309374E-009
    36   884   4.180393052268817E-009   6.141938679219208E-016   4.180393052268817E-009
    37   540   2.292791937017143E-009   4.256625305922498E-016   2.292791937017143E-009
    39   694   2.955364122187466E-009   5.781220878701978E-016   2.955364122187466E-009
    40   215   7.394083014242418E-010   3.017306370395059E-017   7.394083014242418E-010
    42   776   3.493331613516362E-009   7.293587957487305E-016   3.493331613516362E-009
    44   122   3.458319087934548E-010   6.327650496310199E-019   3.458319087934548E-010
    45   176   7.492266975785146E-010   2.356494464989261E-017   7.492266975785146E-010
    46   1195   5.438503109213269E-009   2.033582085626854E-015   5.438503109213269E-009
    47   293   1.432072655575432E-009   1.443416300306101E-016   1.432072655575432E-009
    48   270   8.983563643570384E-010   1.031620258028359E-017   8.983563643570384E-010
    49   169   6.773068187174002E-010   1.385649939311696E-017   6.773068187174002E-010
    50   792   3.258007214291053E-009   5.530795816271185E-016   3.258007214291053E-009
    51   894   4.020379234243797E-009   1.316734414643570E-015   4.020379234243797E-009
    52   379   1.381058600743914E-009   1.155749660319168E-016   1.381058600743914E-009
    53   580   2.455352192715853E-009   6.237842613109620E-016   2.455352192715853E-009
    55   442   2.012124219908459E-009   2.046147972156458E-016   2.012124219908459E-009
    56   376   1.646311317730567E-009   1.132599020338750E-016   1.646311317730567E-009
    57   831   3.528998463561643E-009   1.072904553216271E-015   3.528998463561643E-009
    58   1418   5.837813584647899E-009   2.712889459075174E-015   5.837813584647899E-009
    60   324   1.320374936074881E-009   8.341490167368614E-017   1.320374936074881E-009
    61   409   1.810499011835557E-009   1.677715386076432E-016   1.810499011835557E-009
    62   560   2.478910647090780E-009   3.759137329841059E-016   2.478910647090780E-009
    63   156   7.343150621427718E-010   2.483290331602640E-017   7.343150621427718E-010
    64   329   1.497888424358545E-009   1.118117201915172E-016   1.497888424358545E-009
  </DiscreteSampler_grid>
  <DiscreteSampler_grid>
  grouped_processes
  1 # 1 for a reference and 2 for a running grid.
  10 # Attribute 'min_bin_probing_points' of the grid.
  1 # Attribute 'grid_mode' of the grid. 1=='default',2=='initialization'
  0.0000000000000000 # Attribute 'small_contrib_threshold' of the grid.
  0.5000000000000000 # Attribute 'damping_power' of the grid.
 # binID   n_entries weight   weight_sqr   abs_weight
    13   10   1.829723016933276E-001   5.926187093589810E-002   1.829723016933276E-001
    14   10   1.829723016933276E-001   5.926187093589808E-002   1.829723016933276E-001
    16   10   2.379709710977502E-002   2.218564363380461E-003   2.379709710977502E-002
    17   10   2.379709710977503E-002   2.218564363380464E-003   2.379709710977503E-002
    22   10   1.829723016933275E-001   5.926187093589805E-002   1.829723016933275E-001
    23   10   1.829723016933275E-001   5.926187093589803E-002   1.829723016933275E-001
    25   10   2.379709710977502E-002   2.218564363380461E-003   2.379709710977502E-002
    26   10   2.379709710977503E-002   2.218564363380464E-003   2.379709710977503E-002
  </DiscreteSampler_grid>
