  0.00000071901912653  0.00000073392949066  0.00000074415995206  0.00000075295878087
  0.00000076467391431  0.00000077702417460  0.00000078911948993  0.00000080085154377
  0.00000081265044323  0.00000082450391193  0.00000083653947891  0.00000084930087716
  0.00000086210440444  0.00000087461344779  0.00000088699109460  0.00000089948682131
  0.00000091250343359  0.00000092603852902  0.00000093939914038  0.00000095150622591
  0.00000096248781630  0.00000097377507641  0.00000098524378236  0.00000099758332353
  0.00000101217715984  0.00000102762750926  0.00000104290334818  0.00000105832624775
  0.00000107412795045  0.00000109033135288  0.00000110649604326  0.00000112248714464
  0.00000113839854968  0.00000115452059010  0.00000117091071370  0.00000118790177903
  0.00000120535393594  0.00000122300696487  0.00000124070953068  0.00000125858280403
  0.00000127650220942  0.00000129451004341  0.00000131265392297  0.00000133099434905
  0.00000134950722145  0.00000136814882037  0.00000138695994408  0.00000140684531716
  0.00000142665526500  0.00000144647820656  0.00000146611377484  0.00000148572256768
  0.00000150640089818  0.00000152724643989  0.00000154848469906  0.00000157002018315
  0.00000159160220683  0.00000161356191741  0.00000163645580511  0.00000166086422995
  0.00000168669297813  0.00000171284362778  0.00000173886787954  0.00000176460554772
  0.00000178966218023  0.00000181504816634  0.00000184050999889  0.00000186594308407
  0.00000189107401036  0.00000191643025135  0.00000194306726921  0.00000197122699042
  0.00000200087539101  0.00000203051158539  0.00000205988821392  0.00000208950631408
  0.00000211906569965  0.00000214909408102  0.00000217994999547  0.00000221113265603
  0.00000224254676187  0.00000227232704845  0.00000230653019925  0.00000234351657825
  0.00000238045753644  0.00000241837580952  0.00000245607154775  0.00000249392899764
  0.00000253266060341  0.00000257183326574  0.00000261229482657  0.00000265428120905
  0.00000269219517900  0.00000271705953866  0.00000272237168712  1.00000000000000000
  0.00000022815124696  0.00000024693219514  0.00000025671293493  0.00000026441536837
  0.00000027218940179  0.00000028033796497  0.00000028866748904  0.00000029744166117
  0.00000030700006553  0.00000031696598443  0.00000032699111664  0.00000033728237247
  0.00000034755944581  0.00000035800683858  0.00000036939433497  0.00000038159942639
  0.00000039386253820  0.00000040622607724  0.00000041897007228  0.00000043224360330
  0.00000044660729024  0.00000046193442947  0.00000047691584092  0.00000049157902590
  0.00000050620563522  0.00000052068558220  0.00000053680308410  0.00000055350073718
  0.00000056900095252  0.00000058314222110  0.00000059695876084  0.00000061130702963
  0.00000062634920559  0.00000064493560410  0.00000066518313478  0.00000068546271468
  0.00000070590109976  0.00000072666807828  0.00000074760097923  0.00000076985288904
  0.00000079410379781  0.00000081938235974  0.00000084484249455  0.00000087059520475
  0.00000089645290166  0.00000092250898345  0.00000095110144304  0.00000098165504414
  0.00000101252735448  0.00000104096133469  0.00000106707524288  0.00000109295403207
  0.00000111986611361  0.00000114772170860  0.00000118323626481  0.00000121952835701
  0.00000125574990791  0.00000129253415932  0.00000133065005903  0.00000137015422393
  0.00000141196770242  0.00000145536347456  0.00000149964262705  0.00000154601565179
  0.00000159360460362  0.00000164197865610  0.00000169512405563  0.00000175205578975
  0.00000181269845555  0.00000187846840488  0.00000194594183133  0.00000202249818154
  0.00000211347985368  0.00000221375436019  0.00000232108149940  0.00000244408838028
  0.00000259291581252  0.00000275291013411  0.00000293638213112  0.00000316936280751
  0.00000344221890440  0.00000376795011508  0.00000414533769200  0.00000460425255926
  0.00000520022974726  0.00000583363452355  0.00000648462469332  0.00000723988259548
  0.00000825473094956  0.00000966707856364  0.00001135278797735  0.00001332469211287
  0.00001608096631129  0.00002187749792970  0.00003287989022295  1.00000000000000000
  0.00000104603766203  0.00000107958653057  0.00000110539904244  0.00000113803582048
  0.00000118768443173  0.00000123935422398  0.00000128948818101  0.00000133763721479
  0.00000138476107014  0.00000143163369591  0.00000147809075514  0.00000152695927533
  0.00000157807116063  0.00000163082619547  0.00000168648108403  0.00000174497877442
  0.00000180478554991  0.00000186412184898  0.00000192257396847  0.00000198224436615
  0.00000204549244492  0.00000211253196817  0.00000218102657879  0.00000224955819560
  0.00000231823036297  0.00000238879491482  0.00000246622091252  0.00000255270067789
  0.00000263827545594  0.00000272478560082  0.00000281334369040  0.00000290634884901
  0.00000300847934289  0.00000311360639518  0.00000322124839778  0.00000333212604311
  0.00000344953496573  0.00000358260795287  0.00000373256027054  0.00000388675291337
  0.00000404073170108  0.00000419994681969  0.00000437223817536  0.00000455807070240
  0.00000475065805601  0.00000494495276080  0.00000515425772628  0.00000540112711667
  0.00000566793811556  0.00000592801870710  0.00000619223497501  0.00000647729900515
  0.00000679603009607  0.00000713468383209  0.00000748902293384  0.00000791861625426
  0.00000841796928934  0.00000892049075783  0.00000943562743594  0.00000996073794743
  0.00001050944121158  0.00001108054104292  0.00001168833476366  0.00001232789570889
  0.00001291372433022  0.00001351875443249  0.00001416425604558  0.00001491605502279
  0.00001576003607705  0.00001675777336439  0.00001785831108470  0.00001887975172365
  0.00002007937072695  0.00002145601035296  0.00002297355760850  0.00002435575927570
  0.00002543997656603  0.00002657436424076  0.00002770271763610  0.00002870276918421
  0.00003095950898581  0.00003332292245505  0.00003550240009335  0.00003769204009075
  0.00004011789518903  0.00004291466246645  0.00004588285216811  0.00004870197211302
  0.00005177835670487  0.00005500144407027  0.00005843124293187  0.00005998766460095
  0.00008447706454306  0.00010779294926276  0.00012937359033316  1.00000000000000000
 -0.00118005172667555  0.00871724370973113  0.01556006929881139  0.02277855298121089
  0.03036878152869698  0.03816541878791178  0.04626767740853277  0.05466767701030421
  0.06290299707659000  0.07040108024410718  0.07759414234250674  0.08476114968072705
  0.09180972369085164  0.09876540201293579  0.10563344107218745  0.11255829032446886
  0.11954379498917420  0.12706016482529339  0.13546935747604627  0.14371864309994609
  0.15217254396906810  0.16109911039705654  0.17011326765066032  0.17921942385423045
  0.18756620212048183  0.19636609460038773  0.20529417583769705  0.21434176374743072
  0.22326128088103683  0.23266647746619581  0.24327685349239703  0.25391211628135091
  0.26357102016168849  0.27363136022528106  0.28413444421813239  0.29492083331724422
  0.30607627776499507  0.31695478474513827  0.32689401587160999  0.33730848952651560
  0.34805298545394814  0.35936726591763019  0.37047409762818800  0.38359082047723214
  0.39652429900922054  0.40733363868007716  0.41805123446313763  0.42889430646020726
  0.43975065855227619  0.44980956493674956  0.46093080998672359  0.47372235672642049
  0.48737347012559540  0.50036283262198644  0.51278144723790653  0.52467657758931674
  0.53629521741552577  0.54819482456290436  0.56013402018621938  0.57197787543686596
  0.58396616215767150  0.59639872438994190  0.60798014046098781  0.61781819319039066
  0.62800618418597487  0.63781648664446056  0.64787739607702677  0.65823191768996003
  0.66868534294459903  0.67902031113917083  0.69145121944114685  0.70666797654377789
  0.72210494147391668  0.73600118300537742  0.74852068949200534  0.76049691696643651
  0.77242991058969457  0.78448382716814835  0.79622791034680762  0.80780221539250030
  0.81878326178357019  0.82913366184200299  0.83951486434518363  0.84967669763260811
  0.86141364862707603  0.87497888902983778  0.88756444207787810  0.89977468106872049
  0.91206698989401924  0.92426314109918317  0.93703426918222887  0.95255653535383389
  0.96587939087734431  0.97804924833465245  0.98905608780887666  1.00000000000000000
 -0.00129968788811375 -0.00029176342912737  0.00071616102985902  0.00172408548884540
  0.00273200994783179  0.00416600056398672  0.00607615836715773  0.00798631617032875
  0.00989647397349976  0.01641188823044188  0.02353202488715714  0.03251328808182546
  0.04117966394968145  0.05016313804905851  0.05933777723103663  0.07216982694733695
  0.08553675454579671  0.09834925274264697  0.11354066911037301  0.12860357719565688
  0.14242116963046583  0.15589132604069791  0.16987160524835287  0.18416082164618552
  0.19632905631005360  0.20764884946274387  0.21706584825023051  0.22607786320556272
  0.23465400696457911  0.24277418812588752  0.25082761148806704  0.25902733965669877
  0.26729992652472695  0.27575321931686103  0.28430174022685495  0.29301364244204786
  0.30351310238096585  0.31468060593176284  0.32691733840789527  0.33892014926948832
  0.35110834502440486  0.37298277628582066  0.40156308032759985  0.41380770995154742
  0.42664777106478247  0.43910041316330223  0.45056824857186673  0.46188191269297418
  0.47348267709238756  0.48426377250542557  0.49481649104040287  0.50519059530187516
  0.51480376932896821  0.52420169806282879  0.53372195415098900  0.54383019716577352
  0.55456552884688926  0.56596445029550846  0.57679946915677116  0.58758831876895712
  0.59826934254143505  0.60925191300391401  0.62179852475257857  0.63338762541676064
  0.64420613916285618  0.65505003862262601  0.66558183362128021  0.67578625471579667
  0.68569190124487389  0.69659037940023749  0.70742408698195391  0.71793247152020501
  0.72835431779709414  0.73869679608792849  0.74898339990649798  0.75943981904809277
  0.76994746070209052  0.78091077880856752  0.79172598871110678  0.80393932289216752
  0.81615300827453707  0.82780308881538012  0.83925117865282961  0.84989493910964287
  0.86043651056962456  0.87028953951363397  0.88016673760499919  0.89036960742003490
  0.90199937600800861  0.91637149496137249  0.93372262517165738  0.95429963977242893
  0.96680458880476305  0.97804170837170279  0.98905475780704921  1.00000000000000000
 -0.00066703726898436  0.00877439197770107  0.01672460946027245  0.02476323073457203
  0.03163574982975868  0.03738107836899884  0.04252393856194333  0.05406535758166051
  0.06519673602247311  0.07611228640444177  0.08683828592130508  0.09738533127870851
  0.10875173645855803  0.12164899136521383  0.13413276916212613  0.14567332870987029
  0.15558759315781026  0.16533874951464339  0.17545650115694764  0.18565084415268007
  0.19617152460086645  0.20649666933042099  0.21805776103904106  0.22990466199515724
  0.24160951987015949  0.25331995160023857  0.26496361030919424  0.27767294998293368
  0.29148337596091395  0.30426253610688264  0.31643766602562295  0.32752659734420292
  0.33835680869471119  0.34833776945866224  0.35870748246041079  0.36870613252008150
  0.37873715834051391  0.38835186525142507  0.39879404403238816  0.40983474644648105
  0.42047870653617314  0.43044699037088130  0.44077281563852527  0.45215844227766089
  0.46324236428241139  0.47366700194737865  0.48447049335755465  0.49569246720860238
  0.50593433783869957  0.51534621659469437  0.52536207504976240  0.53629189140584899
  0.54729059317662587  0.55798495858198360  0.56888987449848605  0.58015370442806868
  0.59162535733818766  0.60320424919156790  0.61473217911664280  0.62609279031970300
  0.63738581316331822  0.64852711400637120  0.65944611926712859  0.67040185133972563
  0.68128709105408614  0.69104693867159761  0.69973390211577424  0.70818586404441630
  0.71666865933019508  0.72513016665193097  0.73382704149698064  0.74243144029845853
  0.75219114548701338  0.76598346613242807  0.77826594277298955  0.78777038174007397
  0.79568883418351111  0.80333891767213550  0.81204887521724034  0.82242743338798319
  0.83261629216950306  0.84311510684872082  0.85384508521478697  0.86528320571867112
  0.87680540714986921  0.88748615999710456  0.89828023194556672  0.90892024139084460
  0.91919658445993080  0.92953755761150858  0.94053220671161530  0.95238131178147045
  0.96343213652624893  0.97248972604037875  0.98231990310853079  1.00000000000000000
 -0.00003094870110701  0.00003843381954487  0.00007399551613039  0.00008206457279532
  0.00009013717996489  0.00009799463363209  0.00010562415044304  0.00011309629966972
  0.00012051361094716  0.00012783186348268  0.00013475465883041  0.00014144342190349
  0.00014806116235725  0.00015468519563877  0.00016136124851808  0.00016814858369517
  0.00017505558276764  0.00018222849250238  0.00018951213879722  0.00019696436643988
  0.00020421914688995  0.00021128462083562  0.00021785776692079  0.00022435105667713
  0.00023076710100375  0.00023685436091850  0.00024284909542062  0.00024931774032020
  0.00025579817590176  0.00026219893263471  0.00026874934457896  0.00027537493626984
  0.00028172488263700  0.00028769012340155  0.00029325263616966  0.00029901931123133
  0.00030488605671910  0.00031047750764162  0.00031588617103440  0.00032021932458623
  0.00032455247813806  0.00032913555688087  0.00033383284067666  0.00033859611974368
  0.00034361040941315  0.00034862469908262  0.00035610913111850  0.00036350395941093
  0.00037027618697900  0.00037678172347272  0.00038315909518722  0.00038902223882741
  0.00039479470688068  0.00040108845425052  0.00040745610750857  0.00041396057334070
  0.00042133013295004  0.00043002116409378  0.00044101239801568  0.00045155240906900
  0.00046151006555241  0.00047145638263364  0.00048173457285398  0.00049105706353081
  0.00049615458242758  0.00050125909215629  0.00050641637363102  0.00051158522569128
  0.00051681975267017  0.00052271216138593  0.00053122533922296  0.00054048224635396
  0.00054840042081039  0.00055708733675976  0.00056577226591138  0.00057407193323975
  0.00058436061949224  0.00060175153568593  0.00061876970849070  0.00062980638664515
  0.00064127050560390  0.00067035453322580  0.00068173338701314  0.00069277026390234
  0.00070334844575247  0.00071221306455848  0.00072303657182943  0.00073630114488052
  0.00075089218258739  0.00076726030540626  0.00092161520912604  0.00095681324626421
  0.00098667707000967  0.00104717655158609  0.00105303817206690  1.00000000000000000
  0.00810697724122128  0.01616962724213042  0.02307252097026747  0.02983526764908439
  0.03595924905305776  0.03672811309338230  0.03827214247542046  0.04160800898820004
  0.04767626360868515  0.05463741046114232  0.06176369684252823  0.06893611299337846
  0.07630014997068918  0.08339047135081396  0.08993002836546277  0.09613737785945321
  0.10237149984308370  0.10892241279281070  0.11571249513493499  0.12270323333286257
  0.12949985184207291  0.13625910081974518  0.14273218913555338  0.14907632311638955
  0.15516059988992112  0.16133074073404138  0.16738370510054887  0.17257684020899194
  0.17756466726609815  0.18268565002403320  0.18822454268966210  0.19376229113406013
  0.19912733152392009  0.20453409485831361  0.21025924203979629  0.21596104443315775
  0.22133424604136528  0.22660904129871370  0.23196065585675660  0.23753571235162990
  0.24316051990373483  0.24886850922083864  0.25511224235487745  0.26140079457676096
  0.26762209411395399  0.27390054991432294  0.27993223800144118  0.28622428349280415
  0.29415701287573803  0.33435212256011732  0.39659124426739506  0.50312809308234663
  0.67378077678242809  0.70493838791361363  0.72262798914040782  0.72846816142116466
  0.73543550626768339  0.74302409797161750  0.75045620518251632  0.75708544953749846
  0.76342109803611191  0.76978682434942025  0.77583046613790374  0.78194228068865734
  0.78826877361913594  0.79452652168308724  0.80090637741835835  0.80720060699476492
  0.81363758666040642  0.82028222191308398  0.82697162086694165  0.83374201854171881
  0.84069390453930726  0.84777486222167664  0.85467599077808010  0.86104842386452296
  0.86738942819556242  0.87360585023657711  0.87941322383985898  0.88510825813045091
  0.89089915023012689  0.89683106077366115  0.90285507841060286  0.90889946016801615
  0.91488211945719000  0.92116767301737768  0.92776801450940194  0.93458431984050239
  0.94155470251865614  0.94805796803811870  0.95414923133019525  0.96010618009128323
  0.96647651280168922  0.97234933215291075  0.98025441485524001  1.00000000000000000
  0.73845717481264128  0.74323039836619398  0.74713174140322236  0.75121384523992474
  0.75649108684837729  0.76209171494982042  0.76807657636012683  0.77330874452632159
  0.77813225254405527  0.78291181959604428  0.78805141663483014  0.79333780559349965
  0.79779046015207866  0.80226299456490480  0.80656207674727165  0.81071752932272823
  0.81483510100332024  0.81888968357290393  0.82298667341415588  0.82708000076832922
  0.83109595812411763  0.83485998990425470  0.83832452509951672  0.84175235632469592
  0.84489048297883140  0.84800614955427256  0.85102579594035788  0.85427735674404082
  0.85754836563372783  0.86085704553016951  0.86401468482679666  0.86709849261823324
  0.87011084679784101  0.87319501302292712  0.87603381392173396  0.87867577511500228
  0.88125770284328164  0.88375961279290460  0.88625024067622382  0.88870171831056255
  0.89104093528008843  0.89334729857965667  0.89563085844167234  0.89794013219152147
  0.90024903855534877  0.90256223826994719  0.90489122549471213  0.90719567560531378
  0.90951366388163135  0.91180044346515932  0.91404655341707985  0.91623471001724555
  0.91833878164856031  0.92034740169206652  0.92235277258217974  0.92434289191191299
  0.92635970060437245  0.92836643927198914  0.93036017760607748  0.93232078763516490
  0.93425512092984087  0.93615281817713503  0.93810681998154921  0.94011317205746392
  0.94208983892160136  0.94403256172884698  0.94596752522912475  0.94789802065020778
  0.94981176118120536  0.95170692827573933  0.95359198452293426  0.95548008100375836
  0.95734564467903838  0.95912329767930449  0.96083079923926729  0.96255930387569832
  0.96420468916177027  0.96544175955711986  0.96667083739889170  0.96788128240767235
  0.96902667839007506  0.97020751786249171  0.97158485151425233  0.97313617702517841
  0.97490824306120272  0.97701677838214451  0.97908299352356476  0.98124504048479444
  0.98346821216013491  0.98567220632583563  0.98795576937070928  0.99029714665382274
  0.99255201648157454  0.99472534905823151  0.99713756624517214  1.00000000000000000
  0.27108392738446196  0.28220747430253335  0.29032851770991830  0.29701326166449626
  0.30318855835249209  0.30921019620858731  0.31512327133727996  0.32105188712324895
  0.32704535077562180  0.33294744571739820  0.33843276516115506  0.34379353124238160
  0.34945189899575974  0.35534906223134827  0.36118597014190035  0.36665056756216630
  0.37171146393685134  0.37657740294318953  0.38145327479214458  0.38651534922742703
  0.39165260036430616  0.39674630690717333  0.40180053943184146  0.40685777182288507
  0.41191566251548978  0.41700272570083086  0.42209313213406230  0.42712290329765606
  0.43208961599368456  0.43698719019503524  0.44194110960504179  0.44706477780450959
  0.45240264054705781  0.45786152492593257  0.46348357882787172  0.46914759742531698
  0.47463619416653313  0.48005757359597445  0.48556337345800527  0.49109626669100548
  0.49652841102643197  0.50181105928373004  0.50700470850821500  0.51236823227159878
  0.51770320159784133  0.52279304914679892  0.52742525775169868  0.53208095765536101
  0.53686300764307859  0.54168171963763345  0.54608428747875459  0.55030373145988964
  0.55455430207258882  0.55886369651192647  0.56316076421041295  0.56751435373268821
  0.57191795116782751  0.57630373543006097  0.58055330841613850  0.58481093470664924
  0.58915191443618009  0.59348688801684568  0.59769490324654007  0.60181927656506040
  0.60614469930209747  0.61066925478224565  0.61516037722901784  0.61958861152730416
  0.62407668704148034  0.62872012880663097  0.63343523854344241  0.63804211986893244
  0.64249702192320213  0.64723868948624685  0.65213926372195208  0.65708362384155428
  0.66200740304286698  0.66690878560375377  0.67184628700203752  0.67689415254697838
  0.68223881387341900  0.68748745845874581  0.69168890344988165  0.69536224596744545
  0.69915904094612225  0.70169102092179492  0.70182419220608017  0.70217605751150991
  0.70566868311691422  0.70985640632719482  0.71367585406408740  0.71739502462753590
  0.72116554573189551  0.72503323210371551  0.72986615680261091  1.00000000000000000
   1.2979509738410141E-010  -1.0000000000000000     
  <DiscreteSampler_grid>
  Helicity
  1 # 1 for a reference and 2 for a running grid.
  40 # Attribute 'min_bin_probing_points' of the grid.
  1 # Attribute 'grid_mode' of the grid. 1=='default',2=='initialization'
  0.0000000000000000 # Attribute 'small_contrib_threshold' of the grid.
  0.5000000000000000 # Attribute 'damping_power' of the grid.
 # binID   n_entries weight   weight_sqr   abs_weight
    2   401   6.806002670944874E-010   2.229083209546524E-017   6.806002670944874E-010
    3   658   1.414000162966832E-009   1.679612359874404E-016   1.414000162966832E-009
    4   157   2.240413843995555E-010   4.359971899444187E-019   2.240413843995555E-010
    5   371   4.229542585224006E-010   2.741576228820979E-018   4.229542585224006E-010
    7   553   1.202251821590460E-009   1.552706633817662E-016   1.202251821590460E-009
    8   168   2.545863361769529E-010   1.175575798975558E-018   2.545863361769529E-010
    9   307   4.198517223642486E-010   2.282183549083226E-018   4.198517223642486E-010
    10   797   1.647485803960905E-009   2.753602886088994E-016   1.647485803960905E-009
    11   659   1.402810332715124E-009   1.174833820660557E-016   1.402810332715124E-009
    12   676   1.428439060755746E-009   2.574888877526828E-016   1.428439060755746E-009
    13   381   8.801051826441652E-010   4.787737794932179E-017   8.801051826441652E-010
    15   485   9.482644631488111E-010   8.978464725815211E-017   9.482644631488111E-010
    17   854   1.691060408346457E-009   4.779976404687819E-016   1.691060408346457E-009
    18   1263   2.532203610249887E-009   3.072097340637357E-016   2.532203610249887E-009
    19   1068   1.930713147730088E-009   3.340285115501325E-016   1.930713147730088E-009
    20   916   1.861510389362893E-009   2.276392073698065E-016   1.861510389362893E-009
    21   354   8.331300392806526E-010   5.918724688941828E-017   8.331300392806526E-010
    22   489   1.038527173468945E-009   1.238354185113921E-016   1.038527173468945E-009
    23   619   9.929273915420964E-010   4.357247243242564E-017   9.929273915420964E-010
    24   304   5.732871436848482E-010   2.059389263553880E-017   5.732871436848482E-010
    26   310   6.269028174135696E-010   2.565779568975195E-017   6.269028174135696E-010
    28   886   1.954378622039017E-009   4.069672184301225E-016   1.954378622039017E-009
    30   332   5.543943338225400E-010   1.303080320145822E-017   5.543943338225400E-010
    32   550   1.103810937927879E-009   1.563936253088623E-016   1.103810937927879E-009
    33   305   4.005517129627427E-010   2.435291687969110E-018   4.005517129627427E-010
    34   768   1.538066034921636E-009   1.582295509969906E-016   1.538066034921636E-009
    35   855   1.572850480658175E-009   2.895136323191387E-016   1.572850480658175E-009
    36   425   7.120063415418036E-010   2.326427232251544E-017   7.120063415418036E-010
    37   75   9.347277850664324E-011   9.028406468434144E-020   9.347277850664324E-011
    38   695   1.492023126666462E-009   2.441591103445521E-016   1.492023126666462E-009
    40   963   1.667129219614700E-009   2.132455862340609E-016   1.667129219614700E-009
    41   516   8.970699214471191E-010   5.852880760099960E-017   8.970699214471191E-010
    42   714   1.505930342633092E-009   4.359246811598335E-016   1.505930342633092E-009
    45   569   1.192496284607403E-009   1.591183016343888E-016   1.192496284607403E-009
    46   162   2.434352921910619E-010   3.075832737707113E-019   2.434352921910619E-010
    47   706   1.416721254989805E-009   2.603083921212189E-016   1.416721254989805E-009
    48   2461   4.404067974376919E-009   4.867633406481123E-016   4.404067974376919E-009
    50   624   1.255566283636536E-009   1.518454114309415E-016   1.255566283636536E-009
    51   975   2.118595625104741E-009   3.730312526503400E-016   2.118595625104741E-009
    52   1344   2.598558249893342E-009   2.355665375744298E-016   2.598558249893342E-009
    53   523   1.009057532127533E-009   1.024341709975446E-016   1.009057532127533E-009
    55   586   1.074045110125358E-009   9.822880911009502E-017   1.074045110125358E-009
    56   546   9.230995443771731E-010   7.760683402697612E-017   9.230995443771731E-010
    57   827   1.766849515718544E-009   2.368440109480714E-016   1.766849515718544E-009
    58   831   1.517126211674621E-009   2.299381782000707E-016   1.517126211674621E-009
    59   606   1.084991480330145E-009   1.000502711469633E-016   1.084991480330145E-009
    61   148   2.853318134047366E-010   2.623707309631011E-018   2.853318134047366E-010
    62   345   5.056554936076377E-010   3.278785632518645E-018   5.056554936076377E-010
  </DiscreteSampler_grid>
  <DiscreteSampler_grid>
  grouped_processes
  1 # 1 for a reference and 2 for a running grid.
  10 # Attribute 'min_bin_probing_points' of the grid.
  1 # Attribute 'grid_mode' of the grid. 1=='default',2=='initialization'
  0.0000000000000000 # Attribute 'small_contrib_threshold' of the grid.
  0.5000000000000000 # Attribute 'damping_power' of the grid.
 # binID   n_entries weight   weight_sqr   abs_weight
    13   10   1.154773717145788E-001   3.281590070935677E-002   1.154773717145788E-001
    14   10   1.154773717145786E-001   3.281590070935657E-002   1.154773717145786E-001
    16   10   1.574119155216527E-002   8.269520457816962E-004   1.574119155216527E-002
    17   10   1.574119155216524E-002   8.269520457816909E-004   1.574119155216524E-002
    22   10   1.154773717145788E-001   3.281590070935678E-002   1.154773717145788E-001
    23   10   1.154773717145785E-001   3.281590070935657E-002   1.154773717145785E-001
    25   10   1.574119155216527E-002   8.269520457816962E-004   1.574119155216527E-002
    26   10   1.574119155216523E-002   8.269520457816907E-004   1.574119155216523E-002
  </DiscreteSampler_grid>
