  0.00000016694518753  0.00000017519527115  0.00000018074857426  0.00000018573990729
  0.00000019082797324  0.00000019583704983  0.00000020051593246  0.00000020480769367
  0.00000020861908930  0.00000021224626911  0.00000021574933973  0.00000021989506955
  0.00000022404619249  0.00000022918295886  0.00000023464265344  0.00000023925897944
  0.00000024301290165  0.00000024635813955  0.00000024978666396  0.00000025343942402
  0.00000025717402833  0.00000026112494561  0.00000026502161660  0.00000026948352713
  0.00000027428642365  0.00000027930531046  0.00000028422084445  0.00000028881450143
  0.00000029265258676  0.00000029543200831  0.00000029859678119  0.00000030165949248
  0.00000030433924242  0.00000030764248868  0.00000031243639309  0.00000031810941962
  0.00000032330934903  0.00000032791689217  0.00000033160429968  0.00000033448611602
  0.00000033723495985  0.00000034048321978  0.00000034381945136  0.00000034800054819
  0.00000035309162108  0.00000035903878420  0.00000036542362738  0.00000037192141038
  0.00000037879416335  0.00000038646126105  0.00000039414591480  0.00000040094985703
  0.00000040724197355  0.00000041383360783  0.00000042071273730  0.00000042686735032
  0.00000043477210805  0.00000044636608063  0.00000046037272880  0.00000047461548917
  0.00000048789618382  0.00000050101658744  0.00000051649906013  0.00000053824187584
  0.00000057630791379  0.00000062271259071  0.00000065674303430  0.00000067596111977
  0.00000069270372428  0.00000070772463838  0.00000072168373527  0.00000073610419252
  0.00000075278221738  0.00000077369737064  0.00000079629259672  0.00000082778709061
  0.00000086634070080  0.00000090002296155  0.00000092392448209  0.00000094945532559
  0.00000097590147486  0.00000101293130823  0.00000105391280415  0.00000110059175920
  0.00000115471133895  0.00000124759016925  0.00000134462446798  0.00000146737135041
  0.00000159939124146  0.00000176830812100  0.00000197654265548  0.00000235445655380
  0.00000383055469433  0.00000962561492872  0.00004090529577142  1.00000000000000000
  0.00000193269059484  0.00000195902480533  0.00000197904464401  0.00000199812253635
  0.00000201328719310  0.00000202664173740  0.00000204223090292  0.00000205681848179
  0.00000207071330643  0.00000209033718070  0.00000211231537933  0.00000213466660444
  0.00000215687664518  0.00000218029808828  0.00000220464514390  0.00000222754077769
  0.00000225042862366  0.00000227201727393  0.00000229136393283  0.00000230980570163
  0.00000232856629306  0.00000234849338689  0.00000237098346873  0.00000238871708666
  0.00000240618239767  0.00000242227785047  0.00000243578301961  0.00000244854480142
  0.00000246245891837  0.00000247907343982  0.00000249519076465  0.00000251047396541
  0.00000253046075939  0.00000255758959770  0.00000258734185100  0.00000261552800187
  0.00000264061464067  0.00000266362062436  0.00000268585608939  0.00000270776099730
  0.00000273047434040  0.00000275415173311  0.00000277772011304  0.00000280184279288
  0.00000282552301721  0.00000285146895438  0.00000287955073301  0.00000291334345397
  0.00000295357462456  0.00000299289032025  0.00000303190233115  0.00000307288370112
  0.00000311733945269  0.00000316094121284  0.00000320461076940  0.00000324796223297
  0.00000329274715853  0.00000334244015750  0.00000339778226658  0.00000345744642445
  0.00000351574587340  0.00000356681618554  0.00000361775627310  0.00000366600454912
  0.00000372807535145  0.00000381387052820  0.00000391142624927  0.00000401000797611
  0.00000409476526417  0.00000418055108131  0.00000426221484323  0.00000437641696180
  0.00000449061761990  0.00000461004170791  0.00000472250313870  0.00000483294880627
  0.00000495228632774  0.00000507248253332  0.00000517712375207  0.00000527710178005
  0.00000537310850254  0.00000550298404508  0.00000569801698748  0.00000588491871991
  0.00000606478764234  0.00000622429181050  0.00000638827651108  0.00000661346106977
  0.00000706225465567  0.00000789822529141  0.00000923572949534  0.00001155079959231
  0.00001651066577260  0.00002986115124680  0.00004466826390400  1.00000000000000000
 -0.00000007345552909  0.00003448097239025  0.00041095604188529  0.00083983012564189
  0.00129796874804242  0.00189841990053799  0.00360547229901791  0.00614816649551128
  0.00864575597043062  0.01100861001372233  0.01467273889819890  0.01833149359530537
  0.02261554185240464  0.03081417986869796  0.04052495718455602  0.05102888242424473
  0.06339402649020455  0.06637931279888386  0.06856375240461636  0.07097257014858278
  0.07414616492292742  0.07756497524974354  0.08119112177190120  0.08452753094901355
  0.08792042567404522  0.09164016211813399  0.09534089682701484  0.09932175060884312
  0.10336988628629080  0.10700016629335624  0.11061551681800141  0.11407497408764479
  0.11514638992845387  0.12415954426155962  0.13711593581741749  0.15685202163138356
  0.17177796464390241  0.18018253794080002  0.18601360417539925  0.19658514332549232
  0.20713396990311134  0.21800252038385287  0.22869052242818849  0.23755682439854556
  0.24445367528984197  0.25260129535481685  0.26102245959938319  0.26916168231808885
  0.27825769918569743  0.28866408398234145  0.29999835007617531  0.31294934932092650
  0.33742680085660398  0.35688661660393189  0.37558376360261253  0.39400476116193039
  0.41483226069448670  0.44063403376024979  0.47787339605169860  0.51937214395601239
  0.54854457589231154  0.56488383929013009  0.58109921378435470  0.59267855790869373
  0.60433764634932341  0.61542690964651781  0.62666283481463803  0.64240461449837649
  0.66079294534168020  0.67762289733283865  0.69133145389379080  0.70349454465502992
  0.71576466290553253  0.72842174145250072  0.74057892031912109  0.75528391423312236
  0.77104195330128411  0.78784861442206700  0.80566344613126395  0.82298271773276710
  0.83487748820821872  0.84633934113867737  0.85747076490384033  0.86828988500341708
  0.88030930446074707  0.89139266350784496  0.90334336796518866  0.91623788186344157
  0.92930513208076371  0.94264168373919455  0.95412440012334421  0.96444517231032734
  0.97408093739857859  0.98273610737200490  0.99133453535030491  1.00000000000000000
  0.00407375751593581  0.03281129950939946  0.05231173147232408  0.06569488097382037
  0.07269434338051266  0.07806190597054753  0.08340086154809781  0.08940061304121738
  0.09689181968950142  0.10508229638143028  0.11303072805769832  0.11821815584860194
  0.12378062572549216  0.13102331330861974  0.13987936674247467  0.14900254425700718
  0.16077624541917757  0.16761648219578465  0.17195269509288308  0.17755440922425464
  0.18226083260087181  0.18668883642560269  0.19084516522816999  0.19501302238036461
  0.20007415020965458  0.20499327072239146  0.20756811168158526  0.21048233764224322
  0.21343513623904581  0.21795980580507018  0.22315288504315653  0.22871048490391804
  0.23401417402357555  0.23928759638980329  0.24342389524861724  0.24707851535744815
  0.25076419151889956  0.25494500160843420  0.25906957610034248  0.26309932192041668
  0.26743856781850855  0.27153924293660420  0.27559188048367922  0.27857061618117090
  0.28137553350337774  0.28487204196947313  0.28878778404523137  0.29239080510986637
  0.29908452720136230  0.30892661113556746  0.32328837019582268  0.33799546919787865
  0.35073062217804768  0.36421846714414691  0.37728451000860153  0.39012739078401798
  0.40295548377785567  0.41508042847331483  0.42579367545893920  0.43674965785878478
  0.45061999721858809  0.46654934212166177  0.48083769025958895  0.49197792126684753
  0.50456288211229217  0.52065873088340486  0.53703552769625118  0.55302539158099884
  0.57386638537693957  0.59814000175518167  0.62339111406414272  0.63663084124846248
  0.64590238006391121  0.65771553192868193  0.66636727432954301  0.67526612552075971
  0.68372624908707635  0.69483427585075275  0.71512242460358288  0.73518995771601925
  0.75492261946066086  0.77683209059975022  0.79980874091281473  0.81687984943199432
  0.83560913912103096  0.85224109506996115  0.86718699276675548  0.88138913431985344
  0.89607045540799268  0.91124479117796620  0.93264422810974534  0.94971241506411019
  0.96161940805220836  0.97133206720862575  0.98278999437193004  1.00000000000000000
  0.01717603740255840  0.02885987689379855  0.03294356528507657  0.03655020847661419
  0.03964771272781652  0.04261572401826873  0.04568124157171748  0.04912180420880504
  0.05292835887053950  0.05692651723589949  0.06115496806655447  0.06497728903423372
  0.09046113636358062  0.11201318142506977  0.12988474255297108  0.14430219285911242
  0.15709340900452351  0.16326957237279632  0.17153554775967034  0.18197439628503734
  0.18915584501619048  0.19451447568667482  0.19992355619124264  0.20499301396686853
  0.20935146489126838  0.21326452252302611  0.21746712090215273  0.22210974953326140
  0.22626000679774694  0.23051095134352062  0.23543498670171853  0.24184909881512498
  0.24778536600005271  0.25508634640374311  0.26528692786720381  0.27740541282887671
  0.29233517326443359  0.30886663980764584  0.32602444860322621  0.33995139113286249
  0.35079024748037047  0.35634301409155178  0.36156401985036229  0.36968249075370480
  0.37792061231738383  0.38479765356456846  0.39116060230004585  0.39738742751249923
  0.40395750913518880  0.41084249719573523  0.42004641583961433  0.43351389697240217
  0.44121544295961301  0.44583760333270167  0.45026401715757003  0.45531536589502297
  0.46028484842985173  0.46459165949738512  0.46993681312190466  0.47568823040920216
  0.47938360610680025  0.48305483461738824  0.48899664996561820  0.49499531280626557
  0.50259422435311063  0.52071644450350141  0.54051137096750856  0.55679043198690170
  0.57441536872819055  0.59528226087808644  0.62115758639336671  0.64064237902536969
  0.65425880653386692  0.66884693071408330  0.68121414263896374  0.69051625038016551
  0.69639363192007642  0.70611919724689498  0.71609102362888266  0.72635415110547830
  0.73539648615079400  0.74274575599665438  0.75954623258126741  0.78680172042398344
  0.81608064388502788  0.83811090434211333  0.85150725999612309  0.86413450890206367
  0.87572975949572396  0.88489952871702671  0.89423932367405568  0.90328541095158688
  0.91190147647353437  0.92558480672328591  0.95404647256149211  1.00000000000000000
  0.00092712263171984  0.01062399378619512  0.01675559721387122  0.02330789990399002
  0.03121264835054244  0.03822537305929013  0.04891080993168975  0.06495161218433342
  0.08127178078553203  0.09609500829722710  0.11047026756631939  0.12595575183115118
  0.14338393374138519  0.16271904676846591  0.17751455947212258  0.19271197533247528
  0.20835971468226860  0.22155672970642595  0.23477729428496033  0.24752595911689701
  0.25928854984356686  0.26998681012516607  0.28223898616493681  0.29670729940400936
  0.31397836592819944  0.32522463509488508  0.33633709927752181  0.34990782811079346
  0.36328065830064210  0.37871729615101912  0.39577962671887290  0.41393431423218330
  0.43091003815471285  0.44099994594784603  0.44608483006912031  0.45089355754851224
  0.45548329162839990  0.46122698295645276  0.46863995033109090  0.47511963706100990
  0.48127187801965787  0.48713453306260290  0.49259244359292159  0.49686956161401985
  0.50418210442207489  0.51590184915437654  0.52660552465789168  0.53636170878142442
  0.55004054272103065  0.56324833993561696  0.57494694667465784  0.58942884598578282
  0.60784216872644947  0.63032321990623308  0.65042621951521806  0.66609739270355961
  0.68193478384782924  0.69119422230176730  0.69839400750458303  0.70625904013620766
  0.71413042469341892  0.72067664065713410  0.72612738952006428  0.73176016561109081
  0.73758213722438659  0.74294443751459172  0.74891231739001440  0.75842751774466388
  0.77029207344387352  0.77814309878307963  0.78426211254183842  0.79140363612144993
  0.80003537693947979  0.80926972718510992  0.81701334387096036  0.82386726738578342
  0.83035967836084212  0.83568290013683066  0.83949277102642361  0.84430259418864584
  0.84990074373680036  0.85407140166528805  0.85781247338131994  0.86188205801054429
  0.86579844009537066  0.87078784331604042  0.87731437697996983  0.88412648641380975
  0.88989011249443106  0.89788184621421008  0.91222984021175613  0.93000424896800127
  0.94728318238958864  0.96393129757827534  0.98119842119161704  1.00000000000000000
  0.00886763408059474  0.16686803922602855  0.19082491067176433  0.19645709738210862
  0.20286412997266656  0.20682347767700937  0.21018528440786838  0.21511276430710266
  0.22114681592737725  0.22562975690272372  0.22930596099284428  0.24579040349973838
  0.26809607149278236  0.28217131328322675  0.29043062733358771  0.29790451884838626
  0.30584205310389739  0.31419495949166815  0.32321613472764887  0.33302249559644320
  0.34060143756123901  0.34604491161886253  0.35347292321648804  0.36083741711854317
  0.36835408588140822  0.37575920650866579  0.38258788973066965  0.38845573563638852
  0.39269749244462260  0.39805160149476726  0.40430944772229271  0.41181070133222342
  0.41955363349706387  0.42722523978708710  0.43465255508905776  0.43948900358057041
  0.44449099300771511  0.44967195400569832  0.45469712152879049  0.46006793526771955
  0.46616017763846868  0.47225964676101001  0.47792352091970874  0.48391035582771763
  0.48957545032524835  0.49500586847049133  0.50156761520476267  0.50991155863835713
  0.51776451992043127  0.52443931362205154  0.53079883786774940  0.53675106807195105
  0.54138848001268980  0.54451319125516340  0.54722830658125698  0.55046480138864329
  0.55388693899970043  0.55733306331398647  0.56098635872052027  0.56472054367013258
  0.56884480305167939  0.57310084676105433  0.57699241604370166  0.58018573792136585
  0.58302947633371027  0.58587224579005603  0.58920333681423054  0.59325035612239230
  0.59739140783355515  0.60054962408176660  0.60608888860181909  0.61485909091932156
  0.62761084731638872  0.63726896391002763  0.64513071371124564  0.65127639113527613
  0.65654635757730562  0.66262245842165091  0.66815092205155879  0.67351703335705682
  0.67836953785313436  0.68246721433158830  0.68714746530821025  0.69341024757738678
  0.69929725708308266  0.70438713295428657  0.70995157868534631  0.71981554986016527
  0.73197147505496873  0.74507551454977183  0.75988976721298629  0.77584016898896679
  0.79320348490915160  0.82990840497093898  0.87515077564579713  1.00000000000000000
  0.00238987505658649  0.01963458043382736  0.03314542182954026  0.05160721673245533
  0.07248267030659269  0.09149213215504906  0.10182694075753435  0.11226085595243225
  0.12174541771191867  0.13084953002618591  0.13795556579940080  0.14572415986911444
  0.15576345318597587  0.16701908731046511  0.17578828282413131  0.18285203319777860
  0.18988867586062891  0.19751082451489421  0.20564899813171156  0.21449309830033308
  0.22147915523542178  0.23060350762441337  0.24274262869352603  0.25838278412244703
  0.27394874841915801  0.29005955603069000  0.31205969355975349  0.32899345612842695
  0.33966187692728789  0.34677138515057121  0.35314107981657289  0.35858903060430891
  0.36409474030144756  0.37028944602421643  0.37733669693481015  0.38354383899330557
  0.38807581704270666  0.39143265429418622  0.39541040169092617  0.40250646144159230
  0.41075271091647669  0.42092745178069979  0.43449218518553973  0.45041596812665508
  0.47815933650820669  0.51097835112132872  0.53386698475549277  0.54858326582516270
  0.56252002166295212  0.57526076008159777  0.59638622013075593  0.61680209976922906
  0.63513369908750983  0.65334659877999635  0.67390993937246446  0.69353595785005351
  0.70809316457884985  0.72089062026109763  0.73345423924050723  0.74431675567059996
  0.75211538522951960  0.75841566536959459  0.76497212981634122  0.77166843142583197
  0.77914782620885714  0.78616030202211173  0.79216140761554310  0.79758347726435663
  0.80365943740550339  0.80978453643726500  0.81657990023341698  0.82393140131032472
  0.83194194677228372  0.84123123972982217  0.85104111936142557  0.86023561031677942
  0.86703745427942835  0.87242626220736919  0.87706771162663899  0.88604190147621831
  0.89390717162374300  0.89837987624299698  0.90221147303533100  0.90723502754011642
  0.91301015682900266  0.91925891852915309  0.92417894250524091  0.92857710482252342
  0.93332806697292314  0.93739601555322316  0.94124792063504692  0.94575223505454564
  0.95099934595842395  0.95602810300065000  0.96853483376345950  1.00000000000000000
  0.76487919343844812  0.76657378633744622  0.76751094477304405  0.76855308048548476
  0.76984741047691696  0.77161356445978047  0.77491956064897016  0.77790470044473137
  0.78098058316523677  0.78405585809634859  0.78670904164969435  0.78900998458520077
  0.79159323662099090  0.79497422466214074  0.79805338566275574  0.80076846725073392
  0.80283553057834334  0.80457641245702172  0.80633395661797747  0.80821344355155456
  0.81048229715122366  0.81355524936388224  0.81808020751975130  0.82313423080008663
  0.82695571539894452  0.83037148099125768  0.83373093444269741  0.83724299719820328
  0.84082051446557660  0.84460032085463299  0.84872151238856486  0.85322510425362119
  0.85793189082203192  0.86268440073622976  0.86724645556430802  0.87160419604391048
  0.87548791120520075  0.87862421021016612  0.88098224858903507  0.88365833483948475
  0.88610957783169408  0.88838645758872692  0.89080335186230242  0.89350111923306685
  0.89633205349606093  0.89903799773531068  0.90156032272352882  0.90385297089747185
  0.90616186045279856  0.90848770026073844  0.91096750231507306  0.91335411992443993
  0.91541154150496651  0.91697445420320733  0.91813707156026314  0.91914920700807479
  0.92029174997850749  0.92171272334872789  0.92328355207907775  0.92489233409727467
  0.92647912753130068  0.92807461672360336  0.92974336422914594  0.93132288965294763
  0.93279778643632116  0.93419663214713811  0.93544393487334465  0.93676100562314946
  0.93809953479841790  0.93953729495155081  0.94112559637661874  0.94274772840140231
  0.94430272859010844  0.94590456763955411  0.94756403412660417  0.94948470762164161
  0.95142647669121816  0.95302017670128636  0.95433596882060423  0.95526078677153692
  0.95613793868305264  0.95733576158958167  0.95872991410936215  0.95997123412557028
  0.96164512478818676  0.96334958878378152  0.96543889784714498  0.96707553272226876
  0.96827727526225082  0.96956646209547914  0.97121951554420571  0.97313126716935272
  0.97506955452184441  0.98012728862255016  0.98602238444243384  1.00000000000000000
  0.31821470962841542  0.32209238493928533  0.32473303015417437  0.32778268861104881
  0.33121450908576283  0.33453813279879324  0.33919125934404959  0.34406138506755335
  0.34841966320569467  0.35266598496052992  0.35744812620253752  0.36671850198476980
  0.37553027316014059  0.38438813750858702  0.39311000005843022  0.40245867266386876
  0.41159582995807237  0.41857791568845082  0.42465846479279901  0.43042749010120823
  0.43618760286274799  0.43878215746253896  0.44229378325608354  0.44653698718206092
  0.45011675053129457  0.45350597091754080  0.45694721934042254  0.46004991588268990
  0.46276381128540967  0.46555104374570910  0.46880276787901209  0.47131901070514265
  0.47349216120254312  0.47585439107268585  0.47869751622525331  0.48160892810686323
  0.48481008488790378  0.48821211373698653  0.49092864856199786  0.49318111510326051
  0.49521095193085390  0.49813837759710544  0.50144704151518960  0.50462755297561768
  0.50695620759792959  0.50906194587171028  0.51130823907074341  0.51405415063513016
  0.51729957162987761  0.51941039919396315  0.52266888937467082  0.52646621656800363
  0.53082502673451970  0.53515977252802205  0.53949771612710551  0.54404534656111669
  0.54875621311401557  0.55525518830425014  0.56248411077449723  0.56969219781430847
  0.57641078839090332  0.58242902195508173  0.58789584489822755  0.59321777600288861
  0.59818909098134432  0.60303528974482745  0.60770492415782695  0.61146300427601330
  0.61537204116790545  0.61922621802480382  0.62340582621749774  0.62836387508552660
  0.63468025487473678  0.64167961198224222  0.64690297809817066  0.64965549649713650
  0.65290183598275009  0.65583376536115567  0.65854582939893380  0.66176235404241124
  0.66513575337871822  0.66775314870876579  0.67003870407732680  0.67250478760366084
  0.67478257168686362  0.67686397388052588  0.67919381201338280  0.68160298837303279
  0.68328902162976113  0.68539986911143469  0.69142451436327035  0.69961335662827284
  0.70635057282791747  0.71115759085824437  0.71596460888857116  1.00000000000000000
   2.5767843428225916E-013  -1.0000000000000000     
  <DiscreteSampler_grid>
  Helicity
  1 # 1 for a reference and 2 for a running grid.
  20 # Attribute 'min_bin_probing_points' of the grid.
  1 # Attribute 'grid_mode' of the grid. 1=='default',2=='initialization'
  0.0000000000000000 # Attribute 'small_contrib_threshold' of the grid.
  0.5000000000000000 # Attribute 'damping_power' of the grid.
 # binID   n_entries weight   weight_sqr   abs_weight
    2   1   1.680582217577815E-014   2.824356590038765E-028   1.680582217577815E-014
    4   3   1.346216480275553E-013   2.658642253927523E-026   1.346216480275553E-013
    6   2   2.446022948506090E-014   1.086248405409975E-027   2.446022948506090E-014
    7   1   1.369197091487966E-021   1.874700675339106E-042   1.369197091487966E-021
    8   50   7.333336534850559E-012   1.414351201927091E-021   7.333336534850559E-012
    10   1   1.638069726558183E-015   2.683272429066400E-030   1.638069726558183E-015
    13   227   5.549350974660713E-012   4.025614834468979E-022   5.549350974660713E-012
    16   12   2.539798084826863E-012   2.421581941194134E-023   2.539798084826863E-012
    21   4   5.382474355892653E-014   1.068546032124358E-026   5.382474355892653E-014
    23   610   1.596106709279078E-011   2.370231518280902E-020   1.596106709279078E-011
    25   3   1.084299744949978E-014   2.977004102940708E-028   1.084299744949978E-014
    26   160   3.210490808775088E-012   2.179512861103154E-022   3.210490808775088E-012
    27   1   1.089385380499807E-015   1.186760507246710E-030   1.089385380499807E-015
    28   1469   2.731148252525526E-011   3.507604934808553E-020   2.731148252525526E-011
    30   1   2.674208958547194E-014   7.151393553974067E-028   2.674208958547194E-014
    33   6773   1.353448284999522E-010   1.833241905997378E-018   1.353448284999522E-010
    34   254   3.248631762307563E-012   1.091158860171947E-022   3.248631762307563E-012
    36   46   5.687341928393960E-013   3.648633312635738E-024   5.687341928393960E-013
    37   84   9.351745650291523E-013   1.329729665921813E-023   9.351745650291523E-013
    40   220   5.011964594645739E-012   8.900685754736728E-022   5.011964594645739E-012
    41   1   4.691598611749681E-014   2.201109753377154E-027   4.691598611749681E-014
    42   9   5.561688939676860E-014   2.262054615559114E-026   5.561688939676860E-014
    43   1   2.456310703848750E-015   6.033462273841941E-030   2.456310703848750E-015
    44   1   3.726303576875661E-015   1.388533834703635E-029   3.726303576875661E-015
    46   1   1.563183916452044E-015   2.443543956654352E-030   1.563183916452044E-015
    47   11   1.763279365520486E-012   2.129694480342652E-023   1.763279365520486E-012
    51   166   2.850970951541290E-012   1.938415430434826E-022   2.850970951541290E-012
    52   181   8.487952950809293E-012   2.251546226638540E-021   8.487952950809293E-012
    53   1   6.360471715111329E-014   4.045560043873125E-027   6.360471715111329E-014
    54   13   1.644782274134440E-013   1.207357777964941E-025   1.644782274134440E-013
    55   16   1.554623502289596E-013   1.226452706837804E-025   1.554623502289596E-013
    56   135   2.980539571194072E-012   3.379516709049475E-022   2.980539571194072E-012
    57   18   2.375622001402244E-013   2.500660952605476E-025   2.375622001402244E-013
    58   2   8.425131755909858E-015   1.414276479588297E-028   8.425131755909858E-015
    63   1987   3.140976964977353E-011   5.165753740428786E-020   3.140976964977353E-011
    64   180   3.398873072819227E-012   2.323179662495328E-022   3.398873072819227E-012
  </DiscreteSampler_grid>
  <DiscreteSampler_grid>
  grouped_processes
  1 # 1 for a reference and 2 for a running grid.
  10 # Attribute 'min_bin_probing_points' of the grid.
  1 # Attribute 'grid_mode' of the grid. 1=='default',2=='initialization'
  0.0000000000000000 # Attribute 'small_contrib_threshold' of the grid.
  0.5000000000000000 # Attribute 'damping_power' of the grid.
 # binID   n_entries weight   weight_sqr   abs_weight
    10   10   5.360806376085702E-008   1.090999938769862E-014   5.360806376085702E-008
    16   10   5.360806376085702E-008   1.090999938769862E-014   5.360806376085702E-008
    22   10   5.360806376085700E-008   1.090999938769861E-014   5.360806376085700E-008
    28   10   5.360806376085700E-008   1.090999938769861E-014   5.360806376085700E-008
  </DiscreteSampler_grid>
