  0.00000025118924774  0.00000031971595583  0.00000053124127390  0.00000054655836088
  0.00000056187544786  0.00000057719253484  0.00000059250962182  0.00000060782670880
  0.00000062314379577  0.00000063846088275  0.00000065662509752  0.00000067524672477
  0.00000069386835203  0.00000071248997928  0.00000073111160654  0.00000074973323379
  0.00000076835486105  0.00000078874314689  0.00000081137911694  0.00000083401508699
  0.00000085665105704  0.00000087928702709  0.00000090192299714  0.00000092455896719
  0.00000094719806991  0.00000097001235848  0.00000099282664704  0.00000101564093561
  0.00000103845522418  0.00000106126951275  0.00000108408380132  0.00000110689808989
  0.00000112971237846  0.00000115284281036  0.00000118057910111  0.00000120831539186
  0.00000123605168261  0.00000126378797336  0.00000129152426411  0.00000131926055485
  0.00000134699684560  0.00000137473313635  0.00000140313338582  0.00000143685703247
  0.00000147058067912  0.00000150430432577  0.00000153802797242  0.00000157175161907
  0.00000160547526571  0.00000163919891236  0.00000167292255901  0.00000171814798537
  0.00000182444824680  0.00000193074850822  0.00000203704876965  0.00000215953074146
  0.00000228876444290  0.00000241799814434  0.00000255427772818  0.00000271139257779
  0.00000286850742740  0.00000302562227701  0.00000562984713748  0.00000605994333220
  0.00000649003952692  0.00000682957214037  0.00000709854705821  0.00000736752197605
  0.00000763649689389  0.00000790547181173  0.00000818636691580  0.00000851337104316
  0.00000884037517053  0.00000916737929790  0.00000949438342526  0.00000982138755263
  0.00001023305250168  0.00001065980420244  0.00001108655590320  0.00001151330760397
  0.00001194005930473  0.00001297034927124  0.00001410003732397  0.00001528500580755
  0.00001651222121397  0.00001778532066267  0.00006015456612421  0.00020303980720113
  0.00068403050807982  0.00230047827465528  0.00775827864343620  0.02604605389359169
  0.02920781071662742  0.02920781071663742  0.02920781071664742  1.00000000000000000
  0.00000067867142449  0.00000068633548691  0.00000069399954934  0.00000070166361176
  0.00000070932767418  0.00000071699173661  0.00000072465579903  0.00000073231986145
  0.00000073998392387  0.00000074764798630  0.00000075531204872  0.00000076297611114
  0.00000077064017357  0.00000077830423599  0.00000079389966398  0.00000081002163577
  0.00000082614360757  0.00000084226557936  0.00000085838755116  0.00000087450952296
  0.00000089063149475  0.00000090675346655  0.00000092287543834  0.00000093899741014
  0.00000165384689800  0.00000245065984123  0.00000302531182671  0.00000372271481328
  0.00000397597464372  0.00000422923447415  0.00000448249430459  0.00000470069890704
  0.00000491310489682  0.00000512551088659  0.00000533791687637  0.00000556263400068
  0.00000582086490150  0.00000607909580233  0.00000633732670316  0.00000659555760398
  0.00000692449301884  0.00000728681634627  0.00000764913967371  0.00000801146300114
  0.00000826196697296  0.00000846515402964  0.00000866834108632  0.00000887152814300
  0.00000907471519968  0.00000927790225636  0.00000948108931303  0.00000968427636971
  0.00000989104835326  0.00001013807140915  0.00001038509446503  0.00001063211752092
  0.00001087914057681  0.00001112616363269  0.00001137318668858  0.00001162020974446
  0.00001186723280035  0.00001211622136241  0.00001236750894485  0.00001261879652729
  0.00001287008410972  0.00001312137169216  0.00001337265927460  0.00001362394685704
  0.00001387523443948  0.00001412652202192  0.00001437780960436  0.00001467230960332
  0.00001519710810510  0.00001572190660688  0.00001624670510866  0.00001677150361044
  0.00001729630211222  0.00001782248577524  0.00001835592195844  0.00001888935814164
  0.00001942279432485  0.00001995623050805  0.00002048966669125  0.00002102310287446
  0.00002155653905766  0.00006264321863089  0.00018301724133060  0.00053872588166926
  0.00157352392882084  0.00463295518608184  0.01352856678288300  0.02921340938924380
  0.02921340938925380  0.02921340938926380  0.02921340938927380  1.00000000000000000
  0.00000054355569627  0.00000058092216579  0.00000061828863530  0.00000066461364387
  0.00000072418709809  0.00000086527564154  0.00000208169908946  0.00000213083443669
  0.00000217996978392  0.00000222910513116  0.00000227824047839  0.00000232737582563
  0.00000237651117286  0.00000242564652009  0.00000247478186733  0.00000252593314983
  0.00000258566905931  0.00000264540496879  0.00000270514087827  0.00000276487678775
  0.00000282461269723  0.00000288434860672  0.00000294408451620  0.00000300382042568
  0.00000306474186745  0.00000313539972605  0.00000320605758465  0.00000327671544325
  0.00000334737330185  0.00000341803116045  0.00000348868901905  0.00000355934687765
  0.00000363000473625  0.00000370066259485  0.00000393913952884  0.00000422653910866
  0.00000451393868849  0.00000486237114064  0.00000521177490498  0.00000696264742289
  0.00000832160201251  0.00000855434090786  0.00000878707980321  0.00000901981869856
  0.00000925255759391  0.00000948529648926  0.00000971803538461  0.00000996801802237
  0.00001025096849221  0.00001053391896206  0.00001081686943190  0.00001109981990174
  0.00001138277037158  0.00001166572084142  0.00001194867131126  0.00001228150524174
  0.00001262550003583  0.00001296949482992  0.00001331348962401  0.00001365748441810
  0.00001400147921219  0.00001434547400628  0.00001845228616265  0.00002454590125329
  0.00003464414090861  0.00007668534896702  0.00009559753184516  0.00011910072973812
  0.00031361139301990  0.00104293358394289  0.00346567445337187  0.01157455735793217
  0.03861373072793017  0.09690170973241680  0.10099359195933556  0.10508547418625434
  0.10917735641317312  0.11326923864009190  0.11752269153379172  0.12249736496299071
  0.12747203839218971  0.13244671182138867  0.13742138525058767  0.14243484609384471
  0.14771791047092186  0.15300097484799902  0.15828403922507617  0.16356710360215332
  0.16885016797923047  0.17509093868642253  0.18322125649809537  0.19135157430976821
  0.19948189212144105  0.20518245964879153  0.20518245964880152  1.00000000000000000
  0.45002120335896806  0.45076458324291618  0.45150796312686431  0.45225134301081243
  0.45299472289476056  0.45373810277870869  0.45448148266265675  0.45522486254660488
  0.45596824243055301  0.45671162231450113  0.45745500219844926  0.45819838208239738
  0.46021803962876462  0.46252077929477547  0.46482351896078627  0.46712625862679713
  0.46942899829280799  0.47173173795881884  0.47403447762482964  0.47633721729084050
  0.47863995695685135  0.48511543578515337  0.49282840625915586  0.50785120734697298
  0.52533772149717672  0.53043353636878066  0.53552935124038470  0.54062516611198874
  0.54572098098359267  0.55081679585519661  0.55591261072680054  0.56100842559840458
  0.56610424047000851  0.57120005534161244  0.57629587021321638  0.58139168508482031
  0.60568552473721071  0.60919554754337368  0.61270557034953665  0.61621559315569963
  0.61972561596186260  0.62323563876802557  0.62674566157418854  0.63025568438035151
  0.63376570718651448  0.63727572999267734  0.64078575279884031  0.64429577560500328
  0.64780579841116626  0.65131582121732934  0.65482584402349231  0.65833586682965528
  0.66184588963581836  0.66535591244198133  0.73675195437401098  0.84860775966360324
  0.86158117672562928  0.86938343631026416  0.87718569589489903  0.88498795547953402
  0.89279021506416889  0.89700136510898698  0.89891626666636004  0.90083116822373299
  0.90274606978110605  0.90466097133847900  0.90657587289585195  0.90849077445322501
  0.91040567601059796  0.91232057756797091  0.91423547912534397  0.91615038068271692
  0.91808503109825945  0.92002697162186708  0.92196891214547472  0.92391085266908235
  0.92585279319268998  0.92779473371629761  0.92973667423990525  0.93167861476351288
  0.93362055528712062  0.93556249581072826  0.93750443587194876  0.93944617399236618
  0.94138791211278350  0.94332965023320092  0.94527138835361835  0.94721312647403566
  0.94915486459445308  0.95109660271487051  0.95303834083528782  0.95498007895570525
  0.95692181707612267  0.96140910230702858  0.97057503859202066  1.00000000000000000
 -0.00415777473982915  0.00174720458993212  0.00349440917986424  0.00524161376979635
  0.00698881835972847  0.00873602294966059  0.01048322753959271  0.01223043212952483
  0.01397763671945695  0.01572484130938906  0.01747204589932118  0.01921925048925330
  0.02099842479829356  0.02316522755084756  0.02533203030340156  0.02749883305595555
  0.02966563580850955  0.03183243856106355  0.03399924131361755  0.03616604406617154
  0.03833284681872554  0.04049964957127954  0.04483660041607327  0.05170669414505541
  0.05857678787403755  0.10951446087981478  0.16808697605580897  0.17105483688311815
  0.17402269771042733  0.17699055853773654  0.17995841936504572  0.18292628019235493
  0.18589414101966412  0.18886200184697330  0.19182986267428251  0.19479772350159169
  0.19776558432890090  0.20073344515621008  0.20370130598351927  0.20666916681082848
  0.20963702763813769  0.21260488846544690  0.21557274929275613  0.21854061012006534
  0.22150847094737458  0.22447633177468379  0.22744419260199303  0.27515971012031182
  0.38476497981656205  0.49437024951281228  0.57182224091761702  0.59645765837432185
  0.62109307583102680  0.70869192863901509  0.71311323462327103  0.71753454060752708
  0.72195584659178302  0.72637715257603896  0.73079737070414297  0.73521572916492250
  0.73963408762570215  0.74405244608648169  0.74847080454726134  0.75288916300804098
  0.75730752146882052  0.76172587992960017  0.76614423839037971  0.77056259685115935
  0.78863508017008810  0.87515403480073550  0.87708347809762222  0.87901292139450882
  0.88094236469139553  0.88287180798828224  0.88480125128516895  0.88673069458205556
  0.88866013787894227  0.89058958117582898  0.89251902447271569  0.89444846776960230
  0.89600191383303274  0.89659919590192338  0.89719647797081403  0.89779376003970468
  0.89839104210859522  0.89898832417748586  0.89958560624637651  0.90018288831526716
  0.90078017038415781  0.90137745245304834  0.90197473452193899  0.90257201659082964
  0.90316929865972029  0.90376658072861094  0.90390974680582681  1.00000000000000000
  0.15108888943990073  0.15639838229750053  0.16170787515510029  0.16719216571145928
  0.17514803316551861  0.18310390061957790  0.23909136981482332  0.25219414206453483
  0.25461755842002348  0.25704097477551219  0.25946439113100084  0.26188780748648954
  0.26431122384197819  0.26673464019746690  0.26915805655295555  0.27158145738810779
  0.27400482346923788  0.27642818955036802  0.27885155563149810  0.28127492171262819
  0.28369828779375833  0.28612165387488842  0.28854501995601856  0.29096838603714864
  0.29339175211827878  0.29581511819940887  0.29823848428053895  0.30066185036166904
  0.30308521644279912  0.30550858252392921  0.30793194860505929  0.31035531468618938
  0.31561037495641853  0.37308348403490765  0.38070152252857531  0.38649941457173376
  0.39229730661489215  0.39809519865805060  0.40389309070120905  0.40969098274436755
  0.41548887478752600  0.42128676683068444  0.42708465887384284  0.43288255091700129
  0.46097565813539626  0.49684300790016467  0.51783045889982293  0.53881790989948142
  0.60481250558931465  0.60681686836525062  0.60882123114118669  0.61082559391712266
  0.61282995669305862  0.61483431946899469  0.61683868224493066  0.61884304502086662
  0.62084740779680259  0.62285177057273866  0.62485613334867462  0.62686049612461059
  0.62886485890054666  0.63086922167648263  0.63287358445241859  0.63487794722835456
  0.63688231000429063  0.63888667278022659  0.64089103555616256  0.64289539833209852
  0.64489976110803460  0.64690412388397056  0.64890848665990664  0.65091284943584260
  0.65291721221177867  0.65492157498771464  0.65692593776365060  0.65893030053958668
  0.66093466331552264  0.66293902609145872  0.66494338886739468  0.68283644997864712
  0.79814005727256432  0.81567075803756417  0.81929257859616444  0.82291439915476461
  0.82653621971336488  0.83015804027196516  0.83350647600010719  0.83491085014051258
  0.83631522428091809  0.83771959842132349  0.83912397256172888  0.84052834670213428
  0.84193272084253978  0.84296524922053018  0.84296524922054017  1.00000000000000000
 -0.00416519688839838  0.00123477061969936  0.00246954123939873  0.00370431185909809
  0.00493908247879746  0.00617385309849683  0.00740862371819619  0.00864339433789555
  0.00987816495759492  0.01111293557729429  0.01234770619699365  0.01358247681669302
  0.01481724743639238  0.01605201805609175  0.01728678867579111  0.01852155929549048
  0.01975632991518985  0.02103358217909482  0.02260083689957225  0.02416809162004969
  0.02573534634052712  0.02730260106100456  0.02886985578148199  0.03043711050195943
  0.03200436522243687  0.03357161994291431  0.03513887466339174  0.03670612938386918
  0.03827338410434662  0.03984063882482405  0.04140789354530149  0.12907660924981063
  0.23377326315999619  0.31668117307230226  0.33336087813649984  0.33563611588863573
  0.33791135364077157  0.34018659139290741  0.34246182914504325  0.34473706689717915
  0.34701230464931498  0.34928754240145082  0.35156278015358666  0.35383801790572256
  0.35611325565785834  0.35838849340999418  0.36066373116213002  0.36293896891426586
  0.36521420666640170  0.36748944441853748  0.36976468217067332  0.37203991992280916
  0.37431515767494500  0.37659092510478603  0.37886692061985983  0.38114291613493362
  0.38341891165000747  0.38569490716508126  0.38797090268015505  0.39024689819522884
  0.39252289371030269  0.39479888922537648  0.42434395879096459  0.44649996806115838
  0.46865597733135234  0.53419580192414606  0.63889245583433152  0.68938874475819778
  0.69291430002506560  0.69643985529193342  0.69996541055880124  0.70349096582566917
  0.70701652109253699  0.71054207635940481  0.71406763162627274  0.71759318689314056
  0.72111874216000849  0.72464429742687630  0.72816985269374424  0.73169540796061205
  0.73522096322747987  0.73874651849434769  0.74227207376121551  0.74579762902808333
  0.74932318429495126  0.83340219823859352  0.83910506806025109  0.84480793788190878
  0.85051080770356635  0.85596209680955648  0.86096407534620045  0.86596605388284442
  0.87096803241948839  0.87816924556599696  0.87825197378794351  1.00000000000000000
  0.00905137856801348  0.01072222614264473  0.01239307371727598  0.01406392129190724
  0.01573476886653849  0.01740561644116974  0.01907646401580099  0.02074731159043225
  0.02417729261320426  0.02770275650997723  0.03122822040675019  0.03475368430352316
  0.03827914820029612  0.04609913196563317  0.15937940764875966  0.23164113114242751
  0.23808602826556594  0.24453092538870436  0.25097582251184275  0.25742071963498120
  0.26386561675811959  0.27031051388125799  0.27675541100439649  0.28320030812753499
  0.28964520525067344  0.33628639853045417  0.34555738163995969  0.35430452217858216
  0.35623600143739248  0.35816748069620280  0.36009895995501318  0.36203043921382350
  0.36396191847263382  0.36589339773144414  0.36782487699025451  0.36975635624906483
  0.37168783550787515  0.37361931476668553  0.37555079402549585  0.37748227328430617
  0.37941375254311649  0.38134523180192686  0.38327671106073719  0.38520819031954751
  0.38713966957835788  0.38907114883716820  0.39100262809597852  0.39293410735478884
  0.39486558661359922  0.39680425624553256  0.39875014620024357  0.40069603615495453
  0.40264192610966554  0.40458781606437655  0.40653370601908756  0.40847959597379857
  0.41042548592850958  0.41237137588322054  0.41431726583793155  0.41626315579264256
  0.50645649627398337  0.59184950824942484  0.61835015430736318  0.64485080036530129
  0.75491365082513551  0.77523859571744924  0.78036417395250124  0.78548975218755324
  0.79061533042260534  0.79574090865765723  0.80086648689270923  0.80599206512776123
  0.81111764336281311  0.81409865599067144  0.81628768919025396  0.81847672238983649
  0.82066575558941890  0.82285478878900142  0.82504382198858395  0.82723285518816647
  0.82942188838774900  0.83161092158733141  0.83352091331432454  0.83440089601296841
  0.83528087871161216  0.83616086141025592  0.83704084410889967  0.83792082680754354
  0.83880080950618729  0.83968079220483105  0.84056077490347492  0.84144075760211867
  0.84232074030076243  0.84294784466425576  0.84294784466426576  1.00000000000000000
  0.82565283377965271  0.82601328928659268  0.82637374479353265  0.82673420030047251
  0.82709465580741248  0.82745511131435245  0.82781556682129243  0.82817602232823229
  0.82853647783517226  0.82889693334211223  0.82925738884905220  0.82961784435599206
  0.82997829986293203  0.83033875536987201  0.83069921087681198  0.83105966638375184
  0.83142012189069181  0.83178057739763178  0.83214103290457175  0.83250148841151173
  0.83286194391845159  0.83322239942539156  0.83418722060084782  0.83542073452957066
  0.83665424845829350  0.83788776238701645  0.83912127631573930  0.84035479024446214
  0.84158830417318498  0.84282181810190782  0.84405533203063066  0.84528884595935350
  0.84652235988807634  0.84775587381679929  0.84898938774552213  0.85022290167424497
  0.85145641560296781  0.85268992953169065  0.85392344346041349  0.85510254070927605
  0.85626827279268869  0.85743400487610133  0.85859973695951397  0.85976546904292661
  0.86093120112633925  0.86209693320975189  0.86326266529316453  0.86442839737657717
  0.86559412945998981  0.86675986154340245  0.86792559362681510  0.86909132571022774
  0.87025705779364038  0.87142278987705302  0.87258852196046566  0.87375425404387830
  0.87491998612729094  0.87718545555607597  0.87953197202183475  0.88187848848759365
  0.88422500495335243  0.88657152141911133  0.88891803788487023  0.89126455435062901
  0.89361107081638791  0.89591617726535611  0.89748067201531134  0.89904516676526658
  0.90060966151522170  0.90217415626517694  0.90373865101513218  0.90530314576508741
  0.90686764051504265  0.90843213526499778  0.90999663001495301  0.91156112476490825
  0.91312561951486348  0.91469011426481861  0.91625460901477385  0.91722462491698342
  0.91798208296374573  0.91873954101050803  0.91949699905727023  0.92025445710403253
  0.92101191515079484  0.92176937319755703  0.92252683124431933  0.92328428929108164
  0.92404174733784383  0.92479920538460614  0.92555666343136844  0.92631412147813064
  0.92707157952489294  0.92782903757165525  0.92796838680903115  1.00000000000000000
  0.31457221110661826  0.31634688147269985  0.31812155183878138  0.31989622220486297
  0.32167089257094456  0.32344556293702609  0.32522023330310768  0.32699490366918926
  0.32876957403527080  0.33054424440135238  0.33231891476743397  0.33437520727941300
  0.33680727362487495  0.33923933997033690  0.34167140631579879  0.34410347266126073
  0.34653553900672268  0.34896760535218463  0.35139967169764658  0.35383173804310852
  0.36240406169764133  0.37195703049881407  0.38150999929998686  0.39106296810115959
  0.40061593690233238  0.41016890570350523  0.42341998019605104  0.44453611921876951
  0.45959352819829069  0.46322936956817667  0.46686521093806266  0.47050105230794864
  0.47413689367783457  0.47777273504772055  0.48140921144767057  0.48504608268442656
  0.48868295392118249  0.49231982515793843  0.49595669639469442  0.49959356763145035
  0.50300649298129840  0.50639124294663795  0.50977599291197750  0.51316074287731706
  0.51654549284265672  0.51993024280799627  0.52569966390722811  0.53233688091445175
  0.53897409792167528  0.54561131492889869  0.55224853193612222  0.55888574894334564
  0.56341590667892050  0.56542686925202401  0.56743783182512753  0.56944879439823104
  0.57145975697133466  0.57347071954443818  0.57548168211754169  0.57749264469064521
  0.57950360726374872  0.58151456983685224  0.58352553240995575  0.58553649498305926
  0.58754745755616289  0.58955842012926640  0.59156938270236992  0.59358034527547343
  0.59559130784857706  0.59760227042168057  0.59961323299478408  0.60162419556788771
  0.60363515814099122  0.60564612071409474  0.60765708328719825  0.60966804586030177
  0.61167900843340528  0.61368997100650879  0.61570093357961231  0.61771189615271582
  0.61972285872581945  0.62173382129892296  0.62374478387202648  0.66675659884472360
  0.67203841889536520  0.67732023894600679  0.68260205899664839  0.68758102227193196
  0.68869581367161881  0.68981060507130576  0.69092539647099260  0.69204018787067956
  0.69258475701014199  0.69258475701015199  0.69258475701016198  1.00000000000000000
   4.6520238633029999E-008  -1.0000000000000000     
 F F F F F F F F F F F F F F F F F F F F F F F F F F F F F F F F F F F F F F F F F F F F F F F F F F F F F F F F F F F F F F F F F F F F F F F F F F F F F F F F F F F F F F F F F F F F F F F F F F F F F F F F F F F F F F F F F F F F F F F F F F F F F F F F
  <DiscreteSampler_grid>
  grouped_processes
  1 # 1 for a reference and 2 for a running grid.
  10 # Attribute 'min_bin_probing_points' of the grid.
  1 # Attribute 'grid_mode' of the grid. 1=='default',2=='initialization'
  0.0000000000000000 # Attribute 'small_contrib_threshold' of the grid.
  0.5000000000000000 # Attribute 'damping_power' of the grid.
 # binID   n_entries weight   weight_sqr   abs_weight
    10   8   4.903938790847966E-003   6.223140887777125E-005   4.903938790847966E-003
  </DiscreteSampler_grid>
